1 0.5026041666666666 0.9717592592592592 0.03958333333333333 0.05462962962962963
0 0.7111979166666667 0.11296296296296296 0.0546875 0.0962962962962963
2 0.4669270833333333 0.14722222222222223 0.03697916666666667 0.06851851851851852
7 0.53515625 0.15185185185185185 0.05260416666666667 0.1111111111111111
0 0.4393229166666667 0.23055555555555557 0.0421875 0.06851851851851852
1 0.4856770833333333 0.2657407407407407 0.043229166666666666 0.07222222222222222
2 0.73984375 0.3333333333333333 0.04114583333333333 0.07777777777777778
6 0.3575520833333333 0.3592592592592593 0.0515625 0.09259259259259259
7 0.3065104166666667 0.375 0.03697916666666667 0.06851851851851852
0 0.7059895833333333 0.37592592592592594 0.0421875 0.08148148148148149
2 0.4080729166666667 0.4009259259259259 0.03802083333333333 0.06111111111111111
6 0.33307291666666666 0.44166666666666665 0.050520833333333334 0.09074074074074075
0 0.6122395833333333 0.5018518518518519 0.0421875 0.07037037037037037
7 0.4546875 0.5148148148148148 0.03958333333333333 0.07037037037037037
7 0.6966145833333334 0.5481481481481482 0.0421875 0.07777777777777778
2 0.32526041666666666 0.5712962962962963 0.034895833333333334 0.06481481481481481
6 0.21015625 0.6388888888888888 0.033854166666666664 0.05185185185185185
5 0.35130208333333335 0.6472222222222223 0.0640625 0.10555555555555556
0 0.67578125 0.7435185185185185 0.05260416666666667 0.08703703703703704
4 0.30546875 0.7805555555555556 0.05572916666666667 0.09074074074074075
0 0.70234375 0.8092592592592592 0.0390625 0.08148148148148149
0 0.64453125 0.812037037037037 0.04010416666666667 0.07222222222222222
5 0.4669270833333333 0.8814814814814815 0.04114583333333333 0.07777777777777778
7 0.59765625 0.9 0.0421875 0.08888888888888889