4 0.6611979166666667 0.11666666666666667 0.050520833333333334 0.0962962962962963
4 0.70546875 0.20277777777777778 0.0359375 0.06481481481481481
0 0.19869791666666667 0.24814814814814815 0.044270833333333336 0.07777777777777778
0 0.65234375 0.2537037037037037 0.0390625 0.08518518518518518
7 0.6872395833333333 0.26296296296296295 0.033854166666666664 0.05925925925925926
4 0.58984375 0.26481481481481484 0.0515625 0.0962962962962963
1 0.7096354166666666 0.30648148148148147 0.043229166666666666 0.07962962962962963
7 0.5434895833333333 0.35462962962962963 0.0421875 0.06481481481481481
2 0.6481770833333333 0.42592592592592593 0.04114583333333333 0.07777777777777778
4 0.42213541666666665 0.46111111111111114 0.03697916666666667 0.06666666666666667
4 0.19921875 0.5101851851851852 0.043229166666666666 0.06851851851851852
2 0.38307291666666665 0.5277777777777778 0.03177083333333333 0.06296296296296296
0 0.59453125 0.5462962962962963 0.0359375 0.06296296296296296
0 0.42109375 0.5879629629629629 0.04114583333333333 0.06851851851851852
4 0.46328125 0.6592592592592592 0.03802083333333333 0.06666666666666667
2 0.53828125 0.6685185185185185 0.050520833333333334 0.09259259259259259
1 0.41119791666666666 0.7018518518518518 0.0421875 0.08148148148148149
0 0.5669270833333333 0.7546296296296297 0.0390625 0.06481481481481481
4 0.6075520833333333 0.7981481481481482 0.0265625 0.05185185185185185
7 0.27630208333333334 0.9148148148148149 0.04739583333333333 0.08888888888888889
8 0.5861979166666667 0.9175925925925926 0.04010416666666667 0.07222222222222222