2 0.57421875 0.32314814814814813 0.05572916666666667 0.09814814814814815
2 0.58046875 0.425 0.05572916666666667 0.07962962962962963
6 0.25807291666666665 0.4361111111111111 0.058854166666666666 0.08703703703703704
8 0.43984375 0.5481481481481482 0.0453125 0.07037037037037037
5 0.5044270833333333 0.5527777777777778 0.0390625 0.07962962962962963
8 0.35598958333333336 0.6194444444444445 0.0484375 0.07592592592592592
0 0.22838541666666667 0.6296296296296297 0.0453125 0.07407407407407407
4 0.37942708333333336 0.7018518518518518 0.0515625 0.1
4 0.65390625 0.7055555555555556 0.0421875 0.07037037037037037
8 0.48671875 0.7222222222222222 0.043229166666666666 0.07407407407407407
2 0.20442708333333334 0.7268518518518519 0.05572916666666667 0.07962962962962963
1 0.61015625 0.7870370370370371 0.0484375 0.08888888888888889
8 0.3419270833333333 0.8231481481481482 0.0453125 0.09074074074074075