2 0.81015625 0.937037037037037 0.04114583333333333 0.07037037037037037
4 0.37734375 0.950462962962963 0.0453125 0.08611111111111111
4 0.46458333333333335 0.950925925925926 0.053125 0.09259259259259259
7 0.72890625 0.9657407407407408 0.04010416666666667 0.06666666666666667
0 0.31223958333333335 0.9662037037037037 0.043229166666666666 0.06574074074074074
2 0.71796875 0.10925925925925926 0.05260416666666667 0.0962962962962963
6 0.4903645833333333 0.12129629629629629 0.0453125 0.07962962962962963
0 0.34348958333333335 0.19166666666666668 0.0515625 0.09444444444444444
7 0.52421875 0.19814814814814816 0.0359375 0.07407407407407407
0 0.6768229166666667 0.22407407407407406 0.06614583333333333 0.1111111111111111
6 0.4278645833333333 0.23333333333333334 0.059895833333333336 0.10740740740740741
8 0.7559010416666666 0.25555555555555554 0.034375 0.06111111111111111
2 0.5815104166666667 0.26944444444444443 0.0484375 0.09074074074074075
8 0.278125 0.27037037037037037 0.04895833333333333 0.1
4 0.7364583333333333 0.30416666666666664 0.03854166666666667 0.06759259259259259
4 0.80859375 0.3074074074074074 0.044270833333333336 0.07407407407407407
6 0.23411458333333332 0.325 0.0640625 0.11296296296296296
8 0.43385416666666665 0.33194444444444443 0.0375 0.075
4 0.3341145833333333 0.33425925925925926 0.04114583333333333 0.07592592592592592
0 0.6294270833333333 0.37037037037037035 0.03802083333333333 0.07037037037037037
2 0.8111979166666666 0.37407407407407406 0.030729166666666665 0.05555555555555555
0 0.7388020833333333 0.38055555555555554 0.05260416666666667 0.09074074074074075
0 0.5091145833333334 0.3962962962962963 0.0390625 0.07407407407407407
0 0.56171875 0.40185185185185185 0.03802083333333333 0.07037037037037037
2 0.80234375 0.4222222222222222 0.03177083333333333 0.05185185185185185
7 0.34036458333333336 0.4361111111111111 0.043229166666666666 0.06851851851851852
2 0.7018229166666666 0.43703703703703706 0.0390625 0.07407407407407407
8 0.6008645833333333 0.44166666666666665 0.04583333333333333 0.07407407407407407
6 0.42682291666666666 0.44351851851851853 0.04739583333333333 0.08333333333333333
0 0.18098958333333334 0.4527777777777778 0.0640625 0.10555555555555556
7 0.49140625 0.49722222222222223 0.049479166666666664 0.09074074074074075
7 0.37421875 0.4981481481481482 0.04010416666666667 0.06666666666666667
2 0.71640625 0.49907407407407406 0.0390625 0.06851851851851852
6 0.5424479166666667 0.05092592592592592 0.06614583333333333 0.10185185185185185
8 0.16796875 0.5458333333333333 0.0609375 0.09722222222222222
6 0.7533854166666667 0.5472222222222223 0.050520833333333334 0.09444444444444444
4 0.6122395833333333 0.05555555555555555 0.0390625 0.07037037037037037
0 0.64453125 0.5583333333333333 0.049479166666666664 0.08703703703703704
6 0.6997395833333333 0.575925925925926 0.05364583333333333 0.08148148148148149
7 0.3372395833333333 0.587037037037037 0.05364583333333333 0.08518518518518518
2 0.80390625 0.6018518518518519 0.049479166666666664 0.08518518518518518
4 0.7236979166666667 0.6175925925925926 0.03802083333333333 0.07407407407407407
6 0.76171875 0.6342592592592593 0.050520833333333334 0.08703703703703704
7 0.69609375 0.662962962962963 0.04010416666666667 0.07037037037037037
8 0.7580729166666667 0.7060185185185185 0.04739583333333333 0.06018518518518518
7 0.16432291666666668 0.7388888888888889 0.04114583333333333 0.11481481481481481
1 0.41458333333333336 0.7930555555555555 0.04375 0.07314814814814814
2 0.18385416666666668 0.8009259259259259 0.03958333333333333 0.07037037037037037
6 0.15651041666666668 0.8324074074074074 0.0296875 0.06851851851851852
8 0.7645833333333333 0.8527777777777777 0.04479166666666667 0.07962962962962963
2 0.8013020833333333 0.8768518518518519 0.033854166666666664 0.06851851851851852
8 0.41840104166666664 0.8841018518518519 0.053125 0.09537037037037037
5 0.5565104166666667 0.9123425925925925 0.05677083333333333 0.09259259259259259