1 0.6231770833333333 0.9527777777777777 0.0421875 0.07592592592592592
6 0.6174479166666667 0.14907407407407408 0.049479166666666664 0.08333333333333333
1 0.4627604166666667 0.24351851851851852 0.0421875 0.06851851851851852
7 0.41432291666666665 0.24722222222222223 0.03697916666666667 0.07592592592592592
7 0.73203125 0.27314814814814814 0.0390625 0.07592592592592592
8 0.54609375 0.2824074074074074 0.0671875 0.11296296296296296
0 0.36432291666666666 0.28703703703703703 0.04114583333333333 0.07037037037037037
6 0.6888020833333334 0.34629629629629627 0.05260416666666667 0.1037037037037037
2 0.56328125 0.3731481481481482 0.0328125 0.05
0 0.6278645833333333 0.41388888888888886 0.0515625 0.09814814814814815
0 0.56171875 0.43703703703703706 0.0421875 0.07407407407407407
2 0.3841145833333333 0.43796296296296294 0.028645833333333332 0.06481481481481481
2 0.7106770833333333 0.4703703703703704 0.0421875 0.06666666666666667
2 0.35963541666666665 0.4759259259259259 0.0359375 0.06666666666666667
0 0.2638020833333333 0.5231481481481481 0.0421875 0.06111111111111111
0 0.40234375 0.5287037037037037 0.0359375 0.06851851851851852
7 0.68828125 0.5740740740740741 0.043229166666666666 0.07037037037037037
0 0.37057291666666664 0.5777777777777777 0.043229166666666666 0.06666666666666667
6 0.7919270833333333 0.649074074074074 0.03802083333333333 0.046296296296296294
7 0.22421875 0.0712962962962963 0.04010416666666667 0.10925925925925926
0 0.17630208333333333 0.07222222222222222 0.050520833333333334 0.08518518518518518
4 0.6934895833333333 0.7796296296296297 0.05572916666666667 0.08888888888888889
7 0.3450520833333333 0.8416666666666667 0.044270833333333336 0.07592592592592592
5 0.6950520833333333 0.8518518518518519 0.04635416666666667 0.06666666666666667