2 0.21328125 0.9425925925925925 0.044270833333333336 0.07407407407407407
4 0.8427083333333333 0.9587962962962963 0.04895833333333333 0.08055555555555556
4 0.4354166666666667 0.9662037037037037 0.06770833333333333 0.06574074074074074
8 0.5388020833333333 0.13240740740740742 0.0453125 0.07222222222222222
7 0.49609375 0.1787037037037037 0.0515625 0.09444444444444444
7 0.7893229166666667 0.18981481481481483 0.03802083333333333 0.09074074074074075
2 0.72578125 0.19537037037037036 0.03802083333333333 0.08333333333333333
5 0.26640625 0.20277777777777778 0.058854166666666666 0.09444444444444444
1 0.62890625 0.21203703703703702 0.04635416666666667 0.09074074074074075
8 0.5346354166666667 0.25462962962962965 0.04739583333333333 0.09444444444444444
4 0.8356770833333333 0.25925925925925924 0.03697916666666667 0.05925925925925926
2 0.44088541666666664 0.2657407407407407 0.04114583333333333 0.08703703703703704
0 0.7950520833333333 0.30648148148148147 0.049479166666666664 0.10185185185185185
4 0.37786458333333334 0.33240740740740743 0.0484375 0.07592592592592592
4 0.8294270833333334 0.33425925925925926 0.04739583333333333 0.07962962962962963
2 0.19661458333333334 0.3638888888888889 0.050520833333333334 0.09444444444444444
4 0.7434895833333334 0.3685185185185185 0.050520833333333334 0.07777777777777778
4 0.3924479166666667 0.39166666666666666 0.049479166666666664 0.06851851851851852
7 0.20078125 0.4537037037037037 0.0421875 0.05925925925925926
4 0.51640625 0.4537037037037037 0.044270833333333336 0.08518518518518518
6 0.6247395833333333 0.5027777777777778 0.07552083333333333 0.12407407407407407
7 0.3690104166666667 0.5120370370370371 0.0578125 0.10185185185185185
0 0.8106770833333333 0.5472222222222223 0.043229166666666666 0.08703703703703704
8 0.46484375 0.5472222222222223 0.0515625 0.09074074074074075
0 0.3138020833333333 0.5527777777777778 0.06614583333333333 0.10925925925925926
4 0.77578125 0.5546296296296296 0.0421875 0.08333333333333333
7 0.50703125 0.5657407407407408 0.044270833333333336 0.07962962962962963
2 0.37057291666666664 0.5907407407407408 0.03177083333333333 0.06666666666666667
8 0.8393229166666667 0.5925925925925926 0.0421875 0.07407407407407407
4 0.43515625 0.5953703703703703 0.03802083333333333 0.07962962962962963
7 0.40130208333333334 0.6055555555555555 0.0390625 0.07777777777777778
0 0.19713541666666667 0.6138888888888889 0.0578125 0.10185185185185185
4 0.7153645833333333 0.625 0.04635416666666667 0.08703703703703704
0 0.5544270833333333 0.6342592592592593 0.05364583333333333 0.10185185185185185
8 0.31640625 0.637962962962963 0.0484375 0.06481481481481481
0 0.4861979166666667 0.6444444444444445 0.049479166666666664 0.09259259259259259
8 0.36380208333333336 0.6462962962962963 0.04114583333333333 0.07777777777777778
2 0.8377604166666667 0.6518518518518519 0.034895833333333334 0.06666666666666667
6 0.23203125 0.6638888888888889 0.06302083333333333 0.12037037037037036
4 0.4049479166666667 0.674074074074074 0.0421875 0.08148148148148149
1 0.44088541666666664 0.6842592592592592 0.049479166666666664 0.09814814814814815
7 0.2877604166666667 0.6907407407407408 0.0515625 0.09259259259259259
7 0.7888020833333333 0.7018518518518518 0.0453125 0.09259259259259259
4 0.6591145833333333 0.712037037037037 0.05677083333333333 0.10185185185185185
6 0.3736979166666667 0.725 0.0359375 0.07592592592592592
4 0.19296875 0.7944444444444444 0.0578125 0.09259259259259259
4 0.50859375 0.8018518518518518 0.043229166666666666 0.08148148148148149
2 0.5888020833333333 0.8074074074074075 0.04114583333333333 0.08518518518518518
7 0.5450520833333333 0.8240740740740741 0.04114583333333333 0.08518518518518518
0 0.67734375 0.825 0.05572916666666667 0.08703703703703704
2 0.7919270833333333 0.8537037037037037 0.043229166666666666 0.0962962962962963
4 0.7606770833333333 0.8666666666666667 0.04739583333333333 0.08518518518518518
8 0.8346354166666666 0.8768518518518519 0.059895833333333336 0.09814814814814815
0 0.18932291666666667 0.8814814814814815 0.04635416666666667 0.08518518518518518
2 0.66953125 0.9092592592592592 0.04635416666666667 0.08518518518518518
5 0.30390625 0.9157407407407407 0.04635416666666667 0.08333333333333333