4 0.3541666666666667 0.9703703703703703 0.051041666666666666 0.05740740740740741
0 0.2953125 0.3037037037037037 0.041666666666666664 0.07962962962962963
4 0.7471354166666667 0.3300925925925926 0.05364583333333333 0.10277777777777777
1 0.6825520833333333 0.362962962962963 0.04114583333333333 0.06481481481481481
4 0.30755208333333334 0.3962962962962963 0.0453125 0.07222222222222222
1 0.6255208333333333 0.4166666666666667 0.0375 0.07592592592592592
4 0.6567708333333333 0.41712962962962963 0.03125 0.05092592592592592
6 0.35651041666666666 0.4439814814814815 0.034895833333333334 0.06388888888888888
2 0.42213541666666665 0.45601851851851855 0.04114583333333333 0.06574074074074074
0 0.3924479166666667 0.5203703703703704 0.04010416666666667 0.06851851851851852
2 0.37994791666666666 0.5864166666666667 0.04010416666666667 0.07592592592592592
6 0.28984375 0.5935185185185186 0.06822916666666666 0.11851851851851852
2 0.34453125 0.6212962962962963 0.03177083333333333 0.05555555555555555
2 0.7098958333333333 0.6263888888888889 0.04583333333333333 0.07314814814814814
2 0.37473958333333335 0.6555555555555556 0.03697916666666667 0.07592592592592592
2 0.5359375 0.8004629629629629 0.04375 0.08055555555555556
7 0.44765625 0.8388888888888889 0.0546875 0.09444444444444444
7 0.49635416666666665 0.8800925925925925 0.04375 0.08425925925925926
4 0.6 0.9083333333333333 0.04895833333333333 0.0962962962962963