4 0.68359375 0.10185185185185185 0.04739583333333333 0.08333333333333333
2 0.7528645833333333 0.1912037037037037 0.0484375 0.07685185185185185
8 0.6403385416666667 0.3257407407407408 0.04479166666666667 0.08148148148148149
7 0.3567708333333333 0.38101851851851853 0.04791666666666667 0.08981481481481482
7 0.32734375 0.4444444444444444 0.0390625 0.06111111111111111
0 0.3621510416666667 0.4672870370370371 0.03854166666666667 0.06851851851851852
8 0.31145833333333334 0.5166666666666667 0.05520833333333333 0.09074074074074075
0 0.5557291666666667 0.5222222222222223 0.041666666666666664 0.07222222222222222
8 0.6901041666666666 0.6064814814814815 0.04791666666666667 0.07777777777777778
5 0.28046875 0.6240740740740741 0.043229166666666666 0.07962962962962963
2 0.41744791666666664 0.6962962962962963 0.0484375 0.07592592592592592
2 0.6130260416666666 0.700462962962963 0.04583333333333333 0.07314814814814814
4 0.3234375 0.7379629629629629 0.04791666666666667 0.08518518518518518
2 0.68359375 0.7418148148148148 0.05572916666666667 0.09166666666666666