2 0.35494791666666664 0.03888888888888889 0.03177083333333333 0.05925925925925926
7 0.5986979166666667 0.4046296296296296 0.0546875 0.09074074074074075
7 0.21328125 0.40925925925925927 0.04635416666666667 0.06666666666666667
4 0.37057291666666664 0.45 0.044270833333333336 0.07407407407407407
1 0.21171875 0.47314814814814815 0.04114583333333333 0.07222222222222222
2 0.59765625 0.47962962962962963 0.044270833333333336 0.07407407407407407
4 0.6674479166666667 0.5083333333333333 0.04010416666666667 0.07592592592592592
8 0.7130208333333333 0.5342592592592592 0.052083333333333336 0.09444444444444444
2 0.22630208333333332 0.549074074074074 0.0390625 0.07222222222222222
4 0.18307291666666667 0.5648148148148148 0.0328125 0.05185185185185185
6 0.52890625 0.5722222222222222 0.06510416666666667 0.10740740740740741
2 0.5450520833333333 0.6546296296296297 0.03697916666666667 0.07222222222222222
2 0.5830729166666667 0.6583333333333333 0.04114583333333333 0.06111111111111111
4 0.7247395833333333 0.6703703703703704 0.0546875 0.08518518518518518
0 0.29713541666666665 0.07592592592592592 0.06822916666666666 0.11851851851851852
2 0.19453125 0.8305555555555556 0.0359375 0.06111111111111111
6 0.6013020833333333 0.8314814814814815 0.0578125 0.08518518518518518
0 0.75546875 0.8777777777777778 0.043229166666666666 0.07407407407407407
2 0.71953125 0.8842592592592593 0.03802083333333333 0.06851851851851852
1 0.18619791666666666 0.8907407407407407 0.04010416666666667 0.07037037037037037
2 0.34661458333333334 0.924074074074074 0.044270833333333336 0.07407407407407407
7 0.5158854166666667 0.924074074074074 0.0390625 0.08148148148148149