4 0.6731770833333334 0.12407407407407407 0.0421875 0.08148148148148149
0 0.715625 0.16574074074074074 0.06458333333333334 0.10925925925925926
4 0.5166666666666667 0.1787037037037037 0.05 0.10185185185185185
0 0.43828125 0.17962962962962964 0.0421875 0.06851851851851852
8 0.6661458333333333 0.19953703703703704 0.05 0.08796296296296297
2 0.6145833333333334 0.23703703703703705 0.04791666666666667 0.08888888888888889
6 0.6252604166666667 0.3125 0.0359375 0.06944444444444445
7 0.29192708333333334 0.38425925925925924 0.0359375 0.06481481481481481
7 0.23307291666666666 0.425 0.0421875 0.07222222222222222
0 0.39088541666666665 0.47638888888888886 0.043229166666666666 0.06759259259259259
4 0.31640625 0.5157407407407407 0.0421875 0.06851851851851852
2 0.48046875 0.5398148148148149 0.06302083333333333 0.1111111111111111
0 0.42213541666666665 0.5763888888888888 0.05364583333333333 0.09351851851851851
1 0.390625 0.7277777777777777 0.05 0.09074074074074075