0 0.42864583333333334 0.1439814814814815 0.05625 0.08796296296296297
0 0.2565104166666667 0.44212962962962965 0.0421875 0.06944444444444445
5 0.6041666666666666 0.44583333333333336 0.05 0.09537037037037037
2 0.1984375 0.4703703703703704 0.040625 0.07037037037037037
7 0.69765625 0.5055555555555555 0.04010416666666667 0.07037037037037037
7 0.4484375 0.05092592592592592 0.04375 0.10185185185185185
4 0.20130208333333333 0.5416666666666666 0.0421875 0.07037037037037037
1 0.39765625 0.05648148148148148 0.03802083333333333 0.06296296296296296
8 0.5010416666666667 0.5726851851851852 0.034375 0.06759259259259259
0 0.6625 0.5888888888888889 0.05 0.09074074074074075
1 0.19479166666666667 0.6527777777777778 0.03854166666666667 0.06481481481481481
0 0.44192708333333336 0.674074074074074 0.04114583333333333 0.07037037037037037
4 0.6755208333333333 0.7222222222222222 0.0375 0.07037037037037037