6 0.6059895833333333 0.12962962962962962 0.059895833333333336 0.10925925925925926
8 0.6265625 0.2324074074074074 0.052083333333333336 0.0962962962962963
4 0.2921875 0.3050925925925926 0.04583333333333333 0.075
0 0.7174479166666666 0.3236111111111111 0.0578125 0.11203703703703703
7 0.38046875 0.3347222222222222 0.050520833333333334 0.09722222222222222
6 0.40911458333333334 0.4408425925925926 0.06614583333333333 0.11018518518518519
4 0.3078125 0.5212962962962963 0.03333333333333333 0.05925925925925926
0 0.66875 0.6041666666666666 0.053125 0.09537037037037037
2 0.7619791666666667 0.6083333333333333 0.04375 0.08148148148148149
7 0.66015625 0.6925925925925925 0.05572916666666667 0.09444444444444444
2 0.7677083333333333 0.7810185185185186 0.04479166666666667 0.075
2 0.5380260416666667 0.792287037037037 0.04583333333333333 0.08148148148148149
0 0.6479166666666667 0.08333333333333333 0.040625 0.07592592592592592
0 0.44973958333333336 0.8439814814814814 0.05572916666666667 0.09351851851851851
2 0.5875 0.8787037037037037 0.04479166666666667 0.07407407407407407