0 0.29244791666666664 0.9296296296296296 0.0671875 0.11481481481481481
7 0.6096354166666667 0.9481481481481482 0.049479166666666664 0.07037037037037037
0 0.23151041666666666 0.9490740740740741 0.05364583333333333 0.09444444444444444
7 0.8455729166666667 0.950925925925926 0.04635416666666667 0.06111111111111111
4 0.5489583333333333 0.9597222222222223 0.040625 0.0787037037037037
6 0.6341145833333334 0.9638888888888889 0.025520833333333333 0.05740740740740741
8 0.4864583333333333 0.9662037037037037 0.03854166666666667 0.06574074074074074
0 0.5638020833333334 0.10925925925925926 0.0390625 0.07037037037037037
2 0.8075520833333333 0.19814814814814816 0.0515625 0.08888888888888889
6 0.5986979166666667 0.21481481481481482 0.04635416666666667 0.08888888888888889
5 0.6799479166666667 0.2175925925925926 0.03802083333333333 0.07222222222222222
4 0.7528645833333333 0.23333333333333334 0.0484375 0.07037037037037037
4 0.63203125 0.2638888888888889 0.04010416666666667 0.06481481481481481
6 0.80546875 0.2759259259259259 0.043229166666666666 0.07037037037037037
1 0.6919322916666667 0.2833333333333333 0.0453125 0.07777777777777778
4 0.5721354166666667 0.28703703703703703 0.0390625 0.06666666666666667
4 0.5877604166666667 0.33796296296296297 0.0359375 0.07222222222222222
7 0.8221354166666667 0.3453703703703704 0.05364583333333333 0.10185185185185185
0 0.5455729166666666 0.3888888888888889 0.0421875 0.06296296296296296
4 0.82734375 0.4111111111111111 0.04739583333333333 0.08148148148148149
8 0.76171875 0.4203703703703704 0.0515625 0.09259259259259259
2 0.73828125 0.4824074074074074 0.04010416666666667 0.07592592592592592
7 0.23932291666666666 0.48703703703703705 0.050520833333333334 0.08518518518518518
0 0.7825520833333334 0.49074074074074076 0.04114583333333333 0.07407407407407407
6 0.36223958333333334 0.5 0.05260416666666667 0.08518518518518518
4 0.68515625 0.5416666666666666 0.0421875 0.07592592592592592
5 0.26640625 0.5583333333333333 0.05572916666666667 0.08703703703703704
2 0.22473958333333333 0.5657407407407408 0.04010416666666667 0.07222222222222222
7 0.18932291666666667 0.5712962962962963 0.044270833333333336 0.07222222222222222
2 0.36328125 0.5833333333333334 0.05260416666666667 0.08518518518518518
5 0.4466145833333333 0.5944444444444444 0.0609375 0.1037037037037037
7 0.40338541666666666 0.5990740740740741 0.0453125 0.10185185185185185
0 0.7372395833333333 0.6212962962962963 0.0609375 0.10925925925925926
0 0.6721354166666667 0.6324074074074074 0.059895833333333336 0.10925925925925926
4 0.8372395833333334 0.6324074074074074 0.04010416666666667 0.06851851851851852
0 0.49296875 0.637962962962963 0.0515625 0.09444444444444444
2 0.35494791666666664 0.6509259259259259 0.0390625 0.07222222222222222
0 0.18567708333333333 0.6592592592592592 0.04114583333333333 0.07037037037037037
4 0.5481770833333334 0.6842592592592592 0.049479166666666664 0.09074074074074075
2 0.20963541666666666 0.6972222222222222 0.0390625 0.07592592592592592
4 0.32526041666666666 0.7 0.0453125 0.07407407407407407
7 0.45338541666666665 0.7064814814814815 0.024479166666666666 0.06111111111111111
2 0.6466145833333333 0.7157407407407408 0.03802083333333333 0.07592592592592592
2 0.42265625 0.7203703703703703 0.0359375 0.07037037037037037
6 0.6872395833333333 0.7277777777777777 0.050520833333333334 0.08888888888888889
2 0.45390625 0.7592592592592593 0.0453125 0.06666666666666667
1 0.48880729166666664 0.7601851851851852 0.04114583333333333 0.07222222222222222
4 0.34765625 0.7666666666666667 0.03802083333333333 0.08518518518518518
8 0.6372395833333333 0.7694444444444445 0.03177083333333333 0.06111111111111111
7 0.19244791666666666 0.7833333333333333 0.0484375 0.07037037037037037
4 0.6955729166666667 0.8046296296296296 0.03802083333333333 0.07222222222222222
4 0.7299479166666667 0.8138888888888889 0.04114583333333333 0.07222222222222222
8 0.4752604166666667 0.8268518518518518 0.04739583333333333 0.08333333333333333
0 0.6580729166666667 0.8287037037037037 0.03802083333333333 0.07592592592592592
8 0.8393229166666667 0.8305555555555556 0.04635416666666667 0.07592592592592592
2 0.7778645833333333 0.8472222222222222 0.03177083333333333 0.06111111111111111
2 0.34401041666666665 0.8527777777777777 0.04114583333333333 0.07962962962962963
8 0.39921875 0.8592592592592593 0.034895833333333334 0.06666666666666667
2 0.6986979166666667 0.8648148148148148 0.0484375 0.07777777777777778
7 0.745578125 0.8703703703703703 0.04010416666666667 0.07777777777777778
7 0.24296875 0.8722222222222222 0.049479166666666664 0.07777777777777778
8 0.5080729166666667 0.8833333333333333 0.043229166666666666 0.07407407407407407
2 0.5825520833333333 0.8870370370370371 0.059895833333333336 0.11481481481481481
0 0.79921875 0.8907407407407407 0.04114583333333333 0.07777777777777778
4 0.84765625 0.8944444444444445 0.0359375 0.05555555555555555
2 0.6606770833333333 0.8981481481481481 0.0515625 0.09259259259259259
0 0.19348958333333333 0.9027777777777778 0.05260416666666667 0.09814814814814815
6 0.4674479166666667 0.9092592592592592 0.03802083333333333 0.07407407407407407
0 0.4239583333333333 0.9166666666666666 0.05 0.08518518518518518