2 0.7953125 0.13703703703703704 0.05520833333333333 0.09814814814814815
2 0.44036458333333334 0.15539814814814815 0.0640625 0.11018518518518519
2 0.5213541666666667 0.16805555555555557 0.03854166666666667 0.07314814814814814
0 0.31484375 0.17037037037037037 0.0421875 0.07777777777777778
0 0.70859375 0.21574074074074073 0.04010416666666667 0.07407407407407407
0 0.2635416666666667 0.275 0.05416666666666667 0.10185185185185185
7 0.7893229166666667 0.3486111111111111 0.030729166666666665 0.05462962962962963
1 0.4119791666666667 0.37824074074074077 0.03854166666666667 0.075
4 0.3380208333333333 0.4097222222222222 0.05416666666666667 0.09351851851851851
8 0.21085416666666665 0.41512037037037036 0.0421875 0.07407407407407407
4 0.6557291666666667 0.6023148148148149 0.05 0.09722222222222222
7 0.41458333333333336 0.6462962962962963 0.03854166666666667 0.06111111111111111
4 0.21067708333333332 0.6569444444444444 0.04739583333333333 0.06759259259259259
4 0.5263020833333333 0.6919722222222222 0.04114583333333333 0.08148148148148149