0 0.6171875 0.9675925925925926 0.05625 0.06296296296296296
4 0.6453125 0.16527777777777777 0.041666666666666664 0.07314814814814814
6 0.5197916666666667 0.1712962962962963 0.03854166666666667 0.07777777777777778
4 0.5604166666666667 0.18888888888888888 0.042708333333333334 0.07592592592592592
2 0.4984375 0.22916666666666666 0.03958333333333333 0.05648148148148148
4 0.5190104166666667 0.023148148148148147 0.05572916666666667 0.046296296296296294
6 0.3606770833333333 0.02546296296296296 0.0734375 0.05092592592592592
0 0.5346354166666667 0.2777777777777778 0.03697916666666667 0.06481481481481481
8 0.4671875 0.03518518518518519 0.03958333333333333 0.053703703703703705
0 0.45390625 0.3541666666666667 0.050520833333333334 0.09907407407407408
2 0.7041666666666667 0.4583333333333333 0.040625 0.07407407407407407
7 0.32057291666666665 0.5 0.033854166666666664 0.07222222222222222
7 0.50078125 0.5138888888888888 0.04010416666666667 0.07777777777777778
2 0.22300520833333334 0.5333333333333333 0.044270833333333336 0.06481481481481481
4 0.7424479166666667 0.5337962962962963 0.0484375 0.07314814814814814
0 0.2716145833333333 0.5344166666666667 0.0421875 0.06944444444444445
0 0.19270833333333334 0.575925925925926 0.046875 0.06851851851851852
7 0.4589375 0.585037037037037 0.04114583333333333 0.07685185185185185
1 0.6653645833333334 0.587037037037037 0.0421875 0.06851851851851852
8 0.571875 0.5921296296296297 0.03854166666666667 0.0712962962962963
1 0.7330729166666666 0.6064814814814815 0.04010416666666667 0.08148148148148149
4 0.5953125 0.6203703703703703 0.029166666666666667 0.053703703703703705
8 0.3216145833333333 0.6236111111111111 0.04010416666666667 0.075
2 0.21744791666666666 0.6662037037037037 0.04010416666666667 0.0712962962962963
0 0.6020833333333333 0.6666666666666666 0.03854166666666667 0.06111111111111111
4 0.7997395833333333 0.0763888888888889 0.04635416666666667 0.08425925925925926
7 0.6229166666666667 0.7708333333333334 0.05520833333333333 0.10277777777777777
0 0.67734375 0.775 0.043229166666666666 0.08148148148148149
8 0.3924479166666667 0.7768518518518519 0.04010416666666667 0.07037037037037037
7 0.24270833333333333 0.7949074074074074 0.04479166666666667 0.07685185185185185
5 0.48359375 0.08009259259259259 0.0453125 0.07685185185185185
1 0.55859375 0.8175925925925925 0.034895833333333334 0.07037037037037037
0 0.36666666666666664 0.8592592592592593 0.040625 0.07592592592592592
4 0.33671875 0.08657407407407407 0.049479166666666664 0.06759259259259259
2 0.20625 0.8768518518518519 0.04479166666666667 0.08148148148148149
8 0.48219791666666667 0.8805555555555555 0.0578125 0.10740740740740741
8 0.6953125 0.8856481481481482 0.05625 0.09537037037037037
7 0.5354166666666667 0.8898148148148148 0.05520833333333333 0.1037037037037037
4 0.6544270833333333 0.9097222222222222 0.0515625 0.09166666666666666