0 0.3341145833333333 0.9657407407407408 0.04114583333333333 0.06666666666666667
0 0.5276041666666667 0.9800925925925926 0.04583333333333333 0.03796296296296296
5 0.26614583333333336 0.2037037037037037 0.05416666666666667 0.10185185185185185
6 0.7160624999999999 0.25 0.0421875 0.07962962962962963
0 0.76328125 0.26990740740740743 0.0609375 0.10462962962962963
2 0.4083333333333333 0.31157407407407406 0.059375 0.10462962962962963
5 0.47213541666666664 0.33687962962962964 0.04114583333333333 0.075
7 0.7503489583333334 0.36018518518518516 0.05 0.09074074074074075
7 0.5973958333333333 0.3675925925925926 0.042708333333333334 0.08333333333333333
7 0.6440989583333334 0.37037037037037035 0.053125 0.09259259259259259
2 0.19270833333333334 0.37083333333333335 0.04479166666666667 0.06574074074074074
0 0.44192708333333336 0.39861111111111114 0.0484375 0.08796296296296297
4 0.7221354166666667 0.4046296296296296 0.03697916666666667 0.06296296296296296
7 0.7950520833333333 0.4083333333333333 0.04114583333333333 0.07037037037037037
1 0.6872395833333333 0.4097222222222222 0.03697916666666667 0.06018518518518518
6 0.48932291666666666 0.4162037037037037 0.0578125 0.10462962962962963
7 0.3963541666666667 0.44166666666666665 0.05625 0.08333333333333333
7 0.196875 0.45 0.04375 0.07222222222222222
1 0.5442708333333334 0.45787037037037037 0.0375 0.06759259259259259
7 0.65703125 0.4787037037037037 0.04635416666666667 0.08333333333333333
2 0.30390625 0.48194444444444445 0.04114583333333333 0.06574074074074074
4 0.5063385416666667 0.4898148148148148 0.0359375 0.06296296296296296
4 0.5666666666666667 0.5106481481481482 0.03854166666666667 0.058333333333333334
4 0.23489583333333333 0.5115740740740741 0.04583333333333333 0.06574074074074074
2 0.434375 0.5222222222222223 0.03854166666666667 0.06296296296296296
0 0.28072916666666664 0.525 0.03854166666666667 0.07222222222222222
4 0.64140625 0.5407407407407407 0.0421875 0.06296296296296296
6 0.5236145833333334 0.5418240740740741 0.034375 0.06574074074074074
7 0.33880208333333334 0.5439814814814815 0.0515625 0.09351851851851851
8 0.4848072916666667 0.5479907407407408 0.04739583333333333 0.08611111111111111
8 0.8247395833333333 0.575925925925926 0.04114583333333333 0.06481481481481481
4 0.5592864583333333 0.5763888888888888 0.050520833333333334 0.08796296296296297
0 0.19635416666666666 0.5800925925925926 0.05520833333333333 0.08611111111111111
1 0.4479166666666667 0.5805555555555556 0.034375 0.06296296296296296
5 0.23932291666666666 0.5837962962962963 0.0421875 0.0787037037037037
4 0.72421875 0.5861111111111111 0.04114583333333333 0.07407407407407407
6 0.47317708333333336 0.6032407407407407 0.025520833333333333 0.049074074074074076
0 0.29244791666666664 0.6069444444444444 0.06197916666666667 0.10277777777777777
6 0.5056458333333333 0.625462962962963 0.049479166666666664 0.08425925925925926
5 0.6879322916666666 0.6300925925925925 0.06302083333333333 0.10277777777777777
1 0.4296875 0.6347222222222222 0.035416666666666666 0.06018518518518518
2 0.6143229166666667 0.6351851851851852 0.03177083333333333 0.06111111111111111
2 0.34140625 0.6398148148148148 0.03802083333333333 0.06111111111111111
7 0.6440104166666667 0.6615740740740741 0.03697916666666667 0.06759259259259259
4 0.7916666666666666 0.6902777777777778 0.042708333333333334 0.075
6 0.20494791666666667 0.6930555555555555 0.06197916666666667 0.10462962962962963
4 0.4167552083333333 0.6930555555555555 0.03802083333333333 0.06574074074074074
4 0.69921875 0.7356481481481482 0.0453125 0.07685185185185185
8 0.65078125 0.7518518518518519 0.050520833333333334 0.09074074074074075
2 0.7783854166666667 0.7560185185185185 0.0421875 0.06759259259259259
8 0.6046875 0.7662037037037037 0.03854166666666667 0.075
4 0.20182291666666666 0.7893518518518519 0.0578125 0.08425925925925926
0 0.47942708333333334 0.7893518518518519 0.0484375 0.08796296296296297
4 0.8192708333333333 0.7986111111111112 0.042708333333333334 0.08425925925925926
0 0.6855885416666666 0.7996944444444444 0.03854166666666667 0.07222222222222222
4 0.7122395833333334 0.8013888888888889 0.034895833333333334 0.075
0 0.5651041666666666 0.8425925925925926 0.04791666666666667 0.08333333333333333
0 0.18958333333333333 0.8597222222222223 0.03958333333333333 0.06759259259259259
1 0.46258854166666663 0.874537037037037 0.04739583333333333 0.08611111111111111
2 0.30416666666666664 0.8893518518518518 0.03333333333333333 0.05648148148148148
4 0.6026041666666667 0.8898148148148148 0.053125 0.09814814814814815
0 0.3578125 0.9074074074074074 0.03958333333333333 0.07037037037037037
0 0.53671875 0.9189814814814815 0.0359375 0.06574074074074074
0 0.18854166666666666 0.9212962962962963 0.04479166666666667 0.07037037037037037