8 0.8044270833333333 0.937037037037037 0.0546875 0.0962962962962963
6 0.18958333333333333 0.9375 0.071875 0.12314814814814815
4 0.6424479166666667 0.95 0.034895833333333334 0.06666666666666667
8 0.26614583333333336 0.9652777777777778 0.04583333333333333 0.06759259259259259
4 0.31588541666666664 0.13425925925925927 0.04010416666666667 0.06481481481481481
8 0.43828125 0.1361111111111111 0.0390625 0.08333333333333333
6 0.64296875 0.1361111111111111 0.050520833333333334 0.09814814814814815
0 0.5856770833333333 0.1648148148148148 0.0359375 0.05925925925925926
2 0.27734375 0.18611111111111112 0.0609375 0.11296296296296296
4 0.31692708333333336 0.18796296296296297 0.021354166666666667 0.053703703703703705
0 0.48671875 0.18796296296296297 0.0609375 0.11296296296296296
1 0.68828125 0.20185185185185187 0.0453125 0.05925925925925926
7 0.5716145833333334 0.21851851851851853 0.043229166666666666 0.06666666666666667
0 0.62734375 0.22870370370370371 0.050520833333333334 0.09444444444444444
6 0.38307291666666665 0.23981481481481481 0.05364583333333333 0.09814814814814815
4 0.22630208333333332 0.24166666666666667 0.0421875 0.07592592592592592
7 0.31536458333333334 0.2462962962962963 0.04114583333333333 0.08148148148148149
1 0.7109375 0.275 0.0375 0.06851851851851852
0 0.57109375 0.2898148148148148 0.05260416666666667 0.09074074074074075
5 0.26588541666666665 0.29907407407407405 0.04010416666666667 0.06851851851851852
2 0.7388020833333333 0.33055555555555555 0.0421875 0.07222222222222222
7 0.4544270833333333 0.33425925925925926 0.03802083333333333 0.06851851851851852
1 0.6872395833333333 0.3675925925925926 0.043229166666666666 0.06481481481481481
2 0.26223958333333336 0.37407407407407406 0.04114583333333333 0.07407407407407407
2 0.80234375 0.38425925925925924 0.0421875 0.07592592592592592
4 0.7278645833333334 0.3925925925925926 0.0390625 0.07777777777777778
4 0.30546875 0.39814814814814814 0.0421875 0.07407407407407407
0 0.7627604166666667 0.4046296296296296 0.050520833333333334 0.08703703703703704
5 0.20598958333333334 0.425 0.0453125 0.07222222222222222
8 0.51796875 0.43796296296296294 0.04635416666666667 0.07222222222222222
8 0.80546875 0.4564814814814815 0.044270833333333336 0.08333333333333333
8 0.30546875 0.46944444444444444 0.03802083333333333 0.07962962962962963
2 0.7330729166666666 0.4777777777777778 0.04739583333333333 0.0962962962962963
6 0.7736979166666667 0.4842592592592593 0.03697916666666667 0.07222222222222222
4 0.18984375 0.49166666666666664 0.04635416666666667 0.07962962962962963
4 0.58515625 0.5 0.043229166666666666 0.07777777777777778
4 0.6893229166666667 0.5046296296296297 0.043229166666666666 0.07962962962962963
1 0.6419270833333334 0.5157407407407407 0.044270833333333336 0.07222222222222222
7 0.2908854166666667 0.5481481481481482 0.04635416666666667 0.07407407407407407
4 0.76484375 0.5481481481481482 0.05260416666666667 0.08888888888888889
5 0.19453125 0.575925925925926 0.0703125 0.12222222222222222
2 0.7315104166666667 0.5879629629629629 0.0421875 0.06851851851851852
2 0.3221354166666667 0.6018518518518519 0.0421875 0.07407407407407407
2 0.7763020833333333 0.6101851851851852 0.0359375 0.06851851851851852
1 0.29973958333333334 0.6462962962962963 0.0453125 0.07777777777777778
0 0.8122395833333333 0.6601851851851852 0.0453125 0.07222222222222222
6 0.25703125 0.6657407407407407 0.0515625 0.09074074074074075
2 0.68046875 0.6675925925925926 0.0421875 0.07592592592592592
2 0.75546875 0.6842592592592592 0.03802083333333333 0.07962962962962963
0 0.72734375 0.7166666666666667 0.03802083333333333 0.05925925925925926
4 0.5981770833333333 0.7175925925925926 0.0421875 0.06851851851851852
2 0.8080729166666667 0.7277777777777777 0.04114583333333333 0.06666666666666667
1 0.3143229166666667 0.737037037037037 0.0453125 0.07407407407407407
8 0.6986979166666667 0.737037037037037 0.0390625 0.06296296296296296
6 0.56484375 0.7527777777777778 0.0484375 0.09814814814814815
4 0.47578125 0.7657407407407407 0.0578125 0.09444444444444444
4 0.7789010416666666 0.7712962962962963 0.04114583333333333 0.07962962962962963
0 0.65390625 0.7712962962962963 0.059895833333333336 0.10555555555555556
6 0.7440104166666667 0.775 0.0359375 0.053703703703703705
0 0.8096354166666667 0.7925925925925926 0.04010416666666667 0.07407407407407407
4 0.6091145833333333 0.8166666666666667 0.04739583333333333 0.1
6 0.6997395833333333 0.8222222222222222 0.04114583333333333 0.08148148148148149
2 0.56328125 0.8314814814814815 0.0515625 0.09259259259259259
0 0.77578125 0.8453703703703703 0.04114583333333333 0.06481481481481481
7 0.8143229166666667 0.8574074074074074 0.043229166666666666 0.08518518518518518
4 0.32421875 0.8824074074074074 0.044270833333333336 0.09074074074074075
4 0.75390625 0.9009259259259259 0.04739583333333333 0.07592592592592592
0 0.60859375 0.9101851851851852 0.044270833333333336 0.07962962962962963