2 0.49947916666666664 0.3 0.041666666666666664 0.07222222222222222
2 0.6828125 0.31157407407407406 0.058333333333333334 0.08055555555555556
0 0.54296875 0.3523148148148148 0.03697916666666667 0.062037037037037036
4 0.6802083333333333 0.3837962962962963 0.04479166666666667 0.06944444444444445
5 0.45755208333333336 0.41898148148148145 0.043229166666666666 0.07314814814814814
0 0.43463541666666666 0.5101851851851852 0.06197916666666667 0.11481481481481481
4 0.31328125 0.5648148148148148 0.044270833333333336 0.06851851851851852
2 0.46171875 0.6171296296296296 0.0390625 0.06944444444444445
7 0.4544270833333333 0.6949074074074074 0.034895833333333334 0.05462962962962963
6 0.5848958333333333 0.7055555555555556 0.05416666666666667 0.09444444444444444
8 0.71796875 0.7583333333333333 0.0453125 0.08518518518518518
7 0.6158854166666666 0.8212962962962963 0.0453125 0.07777777777777778