6 0.69453125 0.937037037037037 0.058854166666666666 0.0962962962962963
0 0.47213541666666664 0.23425925925925925 0.050520833333333334 0.09814814814814815
5 0.28984375 0.2722222222222222 0.06302083333333333 0.11481481481481481
2 0.5330729166666667 0.31666666666666665 0.03697916666666667 0.07037037037037037
0 0.33828125 0.33055555555555555 0.049479166666666664 0.08333333333333333
7 0.78359375 0.44166666666666665 0.050520833333333334 0.09444444444444444
8 0.3299479166666667 0.4675925925925926 0.059895833333333336 0.08703703703703704
7 0.5221354166666666 0.5472222222222223 0.050520833333333334 0.08333333333333333
0 0.32421875 0.5527777777777778 0.0515625 0.09444444444444444
2 0.64140625 0.6 0.04739583333333333 0.08148148148148149
0 0.7591145833333334 0.6342592592592593 0.05572916666666667 0.08333333333333333
6 0.7981770833333334 0.6574074074074074 0.04010416666666667 0.06296296296296296
2 0.71328125 0.6675925925925926 0.0421875 0.07592592592592592
7 0.7434895833333334 0.7101851851851851 0.0390625 0.07962962962962963
6 0.5940104166666667 0.7129629629629629 0.0703125 0.09259259259259259
5 0.23463541666666668 0.725 0.06510416666666667 0.12407407407407407
0 0.6388020833333333 0.7675925925925926 0.0421875 0.08703703703703704
1 0.7309895833333333 0.8277777777777777 0.043229166666666666 0.08148148148148149
7 0.7424479166666667 0.9027777777777778 0.0453125 0.07962962962962963
2 0.5450520833333333 0.9138888888888889 0.044270833333333336 0.06851851851851852