6 0.16119791666666666 0.1398148148148148 0.034895833333333334 0.07222222222222222
0 0.2981770833333333 0.1824074074074074 0.03802083333333333 0.06851851851851852
5 0.3653645833333333 0.19166666666666668 0.05364583333333333 0.09444444444444444
0 0.46848958333333335 0.3574074074074074 0.0515625 0.1
2 0.5143229166666666 0.3611111111111111 0.03697916666666667 0.08518518518518518
4 0.4122395833333333 0.387037037037037 0.0390625 0.08148148148148149
0 0.5528645833333333 0.39444444444444443 0.03697916666666667 0.07037037037037037
7 0.5893177083333333 0.45555555555555555 0.0578125 0.08888888888888889
5 0.7111979166666667 0.4638888888888889 0.07447916666666667 0.12777777777777777
7 0.24088541666666666 0.5407407407407407 0.044270833333333336 0.07777777777777778
0 0.41848958333333336 0.6157407407407407 0.0578125 0.10185185185185185
7 0.76171875 0.6259259259259259 0.05260416666666667 0.09259259259259259
7 0.6205729166666667 0.6305555555555555 0.0515625 0.10185185185185185
1 0.50703125 0.7 0.034895833333333334 0.06666666666666667
4 0.7731770833333333 0.725925925925926 0.0421875 0.07037037037037037
4 0.54921875 0.7537037037037037 0.0421875 0.07777777777777778
1 0.51015625 0.7666666666666667 0.04010416666666667 0.07777777777777778
1 0.60234375 0.7861111111111111 0.0421875 0.07592592592592592
0 0.5705729166666667 0.8 0.03697916666666667 0.07407407407407407
6 0.7096354166666666 0.85 0.0546875 0.1037037037037037
4 0.5127604166666667 0.8564814814814815 0.0421875 0.07222222222222222
4 0.55859375 0.8601851851851852 0.033854166666666664 0.07222222222222222
6 0.5971354166666667 0.9055555555555556 0.0671875 0.11851851851851852