7 0.615847280334728 0.16651119402985073 0.04236401673640167 0.08488805970149253
8 0.44534518828451886 0.20289179104477612 0.05177824267782427 0.09421641791044776
8 0.6043410041841004 0.2355410447761194 0.040271966527196654 0.07555970149253731
2 0.4014121338912134 0.24067164179104478 0.047594142259414225 0.08395522388059702
2 0.5193514644351465 0.26026119402985076 0.03556485355648536 0.06902985074626866
2 0.3485878661087866 0.2630597014925373 0.03713389121338912 0.06343283582089553
1 0.587081589958159 0.2891791044776119 0.040271966527196654 0.0708955223880597
2 0.333770920502092 0.3359794776119403 0.04236401673640167 0.07555970149253731
8 0.4382845188284519 0.3414179104477612 0.04079497907949791 0.07276119402985075
1 0.5481171548117155 0.35027985074626866 0.03765690376569038 0.06623134328358209
0 0.5857740585774058 0.355410447761194 0.03765690376569038 0.06343283582089553
0 0.40664225941422594 0.41044776119402987 0.038179916317991634 0.07462686567164178
8 0.703713389121339 0.48600746268656714 0.04654811715481171 0.0708955223880597
8 0.4009780334728033 0.4906716417910448 0.051255230125523014 0.0914179104477612
2 0.6032949790794979 0.6282649253731343 0.03608786610878661 0.05690298507462686
4 0.5295502092050209 0.753731343283582 0.045502092050209206 0.07462686567164178
4 0.365847280334728 0.7649253731343284 0.03190376569037657 0.055970149253731345
0 0.3736924686192469 0.8264925373134329 0.04236401673640167 0.07276119402985075