0 0.78046875 0.1398148148148148 0.0453125 0.07962962962962963
7 0.5091145833333334 0.1425925925925926 0.0421875 0.07037037037037037
2 0.34401041666666665 0.1638888888888889 0.04114583333333333 0.08703703703703704
1 0.20859375 0.17222222222222222 0.04114583333333333 0.08148148148148149
4 0.55703125 0.20925925925925926 0.0421875 0.07777777777777778
4 0.4127604166666667 0.2564814814814815 0.028645833333333332 0.06851851851851852
8 0.58984375 0.26296296296296295 0.03697916666666667 0.07407407407407407
8 0.6809895833333334 0.2814814814814815 0.04010416666666667 0.07407407407407407
7 0.21536458333333333 0.29907407407407405 0.04010416666666667 0.07222222222222222
0 0.62265625 0.3074074074074074 0.0546875 0.1037037037037037
0 0.7247395833333333 0.33240740740740743 0.0359375 0.07592592592592592
0 0.55234375 0.3490740740740741 0.043229166666666666 0.08333333333333333
2 0.62421875 0.4185185185185185 0.04739583333333333 0.08518518518518518
0 0.25078125 0.5824074074074074 0.04010416666666667 0.06851851851851852
2 0.5419270833333333 0.05925925925925926 0.03697916666666667 0.07037037037037037
1 0.7049479166666667 0.6370370370370371 0.0359375 0.07777777777777778
0 0.43984375 0.6416666666666667 0.0515625 0.09444444444444444
2 0.19401041666666666 0.6518518518518519 0.043229166666666666 0.06666666666666667
0 0.83984375 0.7101851851851851 0.04114583333333333 0.07222222222222222
7 0.19921875 0.725 0.0453125 0.06851851851851852
2 0.84140625 0.7787037037037037 0.0421875 0.07222222222222222
8 0.45390625 0.8574074074074074 0.0359375 0.07407407407407407
6 0.5247395833333334 0.8657407407407407 0.04010416666666667 0.07222222222222222