4 0.8325520833333333 0.9398148148148148 0.05364583333333333 0.08703703703703704
7 0.7713541666666667 0.961574074074074 0.05 0.075
2 0.18958333333333333 0.9643518518518519 0.04479166666666667 0.06944444444444445
4 0.24401041666666667 0.9703703703703703 0.03802083333333333 0.05555555555555555
6 0.23619791666666667 0.1037037037037037 0.044270833333333336 0.06666666666666667
0 0.8278645833333333 0.11481481481481481 0.044270833333333336 0.07777777777777778
2 0.39505208333333336 0.12407407407407407 0.0453125 0.08148148148148149
2 0.33567708333333335 0.125 0.043229166666666666 0.06851851851851852
4 0.27682291666666664 0.1962962962962963 0.04010416666666667 0.07777777777777778
7 0.21744791666666666 0.22870370370370371 0.050520833333333334 0.07592592592592592
2 0.7325520833333333 0.2361111111111111 0.049479166666666664 0.09444444444444444
6 0.54296875 0.25462962962962965 0.0515625 0.10555555555555556
4 0.19244791666666666 0.2601851851851852 0.033854166666666664 0.05740740740740741
2 0.3502604166666667 0.27870370370370373 0.04114583333333333 0.06481481481481481
2 0.19296875 0.30092592592592593 0.03697916666666667 0.05
2 0.24921875 0.36203703703703705 0.05677083333333333 0.09814814814814815
0 0.3924479166666667 0.037037037037037035 0.0453125 0.07407407407407407
4 0.19973958333333333 0.37222222222222223 0.05677083333333333 0.09259259259259259
4 0.6908854166666667 0.4064814814814815 0.049479166666666664 0.08333333333333333
1 0.35130208333333335 0.04351851851851852 0.0390625 0.07222222222222222
8 0.19453125 0.4462962962962963 0.044270833333333336 0.07407407407407407
1 0.3533854166666667 0.4824074074074074 0.049479166666666664 0.07962962962962963
8 0.23619791666666667 0.549074074074074 0.0546875 0.10185185185185185
7 0.32265625 0.5555555555555556 0.0546875 0.09259259259259259
1 0.6955729166666667 0.5740740740740741 0.04010416666666667 0.07407407407407407
2 0.19088541666666667 0.575 0.034895833333333334 0.06111111111111111
5 0.37578125 0.5962962962962963 0.059895833333333336 0.10740740740740741
4 0.23463541666666668 0.6231481481481481 0.04114583333333333 0.07222222222222222
4 0.30026041666666664 0.6324074074074074 0.04114583333333333 0.07222222222222222
2 0.26848958333333334 0.6407407407407407 0.03177083333333333 0.05555555555555555
0 0.8346354166666666 0.6444444444444445 0.043229166666666666 0.07037037037037037
0 0.3346354166666667 0.6537037037037037 0.04114583333333333 0.07777777777777778
6 0.40598958333333335 0.6814814814814815 0.06510416666666667 0.1037037037037037
6 0.20390625 0.6962962962962963 0.06927083333333334 0.11851851851851852
2 0.83359375 0.7148148148148148 0.04114583333333333 0.07777777777777778
8 0.24817708333333333 0.7231481481481481 0.04114583333333333 0.06851851851851852
7 0.19505208333333332 0.7768518518518519 0.043229166666666666 0.06481481481481481
0 0.30494791666666665 0.7768518518518519 0.0421875 0.07592592592592592
6 0.21848958333333332 0.9101851851851852 0.0359375 0.07222222222222222