7 0.434375 0.9652777777777778 0.042708333333333334 0.06759259259259259
0 0.36276041666666664 0.1925925925925926 0.0578125 0.1
7 0.5315104166666667 0.2796296296296296 0.0390625 0.07777777777777778
8 0.24348958333333334 0.4148148148148148 0.04635416666666667 0.07777777777777778
0 0.5486979166666667 0.46296296296296297 0.04010416666666667 0.07777777777777778
1 0.44036458333333334 0.5092592592592593 0.04010416666666667 0.07407407407407407
7 0.50078125 0.5907407407407408 0.03802083333333333 0.06666666666666667
7 0.63515625 0.6555555555555556 0.050520833333333334 0.09259259259259259
8 0.48932291666666666 0.7305555555555555 0.0484375 0.09074074074074075
0 0.5184895833333333 0.8018518518518518 0.050520833333333334 0.0962962962962963
4 0.48151041666666666 0.8416666666666667 0.0390625 0.07962962962962963