6 0.67421875 0.9305555555555556 0.03802083333333333 0.07407407407407407
4 0.75546875 0.9319444444444445 0.0359375 0.07685185185185185
2 0.7869791666666667 0.9421296296296297 0.03125 0.05648148148148148
8 0.490625 0.9583333333333334 0.05416666666666667 0.08148148148148149
4 0.4055572916666667 0.09691666666666668 0.053125 0.09814814814814815
0 0.4348958333333333 0.9703703703703703 0.05625 0.05740740740740741
2 0.7200520833333334 0.9740740740740741 0.05260416666666667 0.05
2 0.35208333333333336 0.9777777777777777 0.040625 0.04259259259259259
4 0.68046875 0.9796296296296296 0.03697916666666667 0.03888888888888889
4 0.6650208333333334 0.12762037037037038 0.04114583333333333 0.08055555555555556
2 0.6997395833333333 0.1388888888888889 0.05364583333333333 0.09074074074074075
8 0.48072916666666665 0.14629629629629629 0.05 0.09074074074074075
2 0.3645833333333333 0.15324074074074073 0.051041666666666666 0.09351851851851851
0 0.4153645833333333 0.1824074074074074 0.0453125 0.07037037037037037
0 0.5502604166666667 0.20046296296296295 0.03802083333333333 0.062037037037037036
4 0.6901041666666666 0.2074074074074074 0.0375 0.07222222222222222
7 0.65390625 0.21805555555555556 0.03697916666666667 0.0712962962962963
6 0.16848958333333333 0.22268518518518518 0.0328125 0.058333333333333334
2 0.35390625 0.24027777777777778 0.0390625 0.06388888888888888
7 0.5307291666666667 0.24444444444444444 0.035416666666666666 0.07222222222222222
7 0.61796875 0.24583333333333332 0.03802083333333333 0.0712962962962963
6 0.7205729166666667 0.25601851851851853 0.049479166666666664 0.08796296296296297
1 0.5934895833333333 0.29259259259259257 0.0328125 0.07222222222222222
7 0.52890625 0.3050925925925926 0.043229166666666666 0.06759259259259259
7 0.6286458333333333 0.3060185185185185 0.052083333333333336 0.08425925925925926
0 0.2596354166666667 0.31157407407407406 0.058854166666666666 0.09166666666666666
6 0.6872395833333333 0.32407407407407407 0.0578125 0.10555555555555556
0 0.3763020833333333 0.32592592592592595 0.06302083333333333 0.10925925925925926
8 0.6356770833333333 0.3365740740740741 0.0421875 0.06388888888888888
2 0.6557291666666667 0.40046296296296297 0.052083333333333336 0.08425925925925926
0 0.35052083333333334 0.4041666666666667 0.052083333333333336 0.08796296296296297
7 0.30520833333333336 0.4097222222222222 0.04895833333333333 0.09907407407407408
4 0.4080729166666667 0.4273148148148148 0.043229166666666666 0.0824074074074074
8 0.631078125 0.45062037037037045 0.03333333333333333 0.07222222222222222
0 0.7526041666666666 0.4550925925925926 0.05 0.08611111111111111
2 0.7979166666666667 0.45555555555555555 0.042708333333333334 0.07222222222222222
4 0.24479166666666666 0.47824074074074074 0.057291666666666664 0.09537037037037037
0 0.46197916666666666 0.5194444444444445 0.052083333333333336 0.08888888888888889
0 0.7544270833333333 0.5194444444444445 0.0421875 0.06296296296296296
7 0.61596875 0.5282407407407408 0.029166666666666667 0.062037037037037036
0 0.7955729166666666 0.5578703703703703 0.05364583333333333 0.08055555555555556
2 0.7557291666666667 0.575925925925926 0.03125 0.06111111111111111
0 0.7744791666666667 0.6226851851851852 0.03958333333333333 0.06574074074074074
2 0.6661458333333333 0.6314814814814815 0.04791666666666667 0.09814814814814815
8 0.8177083333333334 0.6342592592592593 0.03854166666666667 0.07037037037037037
2 0.7700520833333333 0.6851851851851852 0.04010416666666667 0.06481481481481481
4 0.8083333333333333 0.6935185185185185 0.042708333333333334 0.06666666666666667
0 0.3966145833333333 0.6962962962962963 0.06197916666666667 0.10925925925925926
4 0.6174479166666667 0.737037037037037 0.0390625 0.07222222222222222
4 0.8208333333333333 0.7435185185185185 0.03229166666666667 0.040740740740740744
6 0.8114583333333333 0.787962962962963 0.036458333333333336 0.06666666666666667
0 0.7763020833333333 0.7921296296296296 0.04010416666666667 0.06018518518518518
7 0.428125 0.8333333333333334 0.04895833333333333 0.08703703703703704
4 0.22057291666666667 0.8398148148148148 0.0453125 0.08148148148148149
2 0.7377604166666667 0.8421296296296297 0.0421875 0.0787037037037037
1 0.6833333333333333 0.8458333333333333 0.040625 0.0712962962962963
2 0.8010416666666667 0.8694444444444445 0.06770833333333333 0.1037037037037037
8 0.2526041666666667 0.8717592592592592 0.03958333333333333 0.0712962962962963
0 0.6377604166666667 0.8726851851851852 0.050520833333333334 0.09166666666666666
1 0.7135416666666666 0.9101851851851852 0.046875 0.09259259259259259