4 0.3046875 0.9430555555555555 0.040625 0.06759259259259259
4 0.47908333333333336 0.15169444444444447 0.0421875 0.075
5 0.41484375 0.21034259259259255 0.06197916666666667 0.10648148148148148
0 0.5252604166666667 0.22685185185185186 0.04635416666666667 0.08888888888888889
0 0.3567708333333333 0.22962962962962963 0.040625 0.07407407407407407
8 0.4549479166666667 0.2537037037037037 0.03802083333333333 0.07222222222222222
0 0.6872395833333333 0.2550925925925926 0.03697916666666667 0.06574074074074074
2 0.49114583333333334 0.2611111111111111 0.035416666666666666 0.06481481481481481
4 0.6018229166666667 0.2638888888888889 0.04010416666666667 0.06111111111111111
4 0.5666666666666667 0.2662037037037037 0.03333333333333333 0.06388888888888888
6 0.3177083333333333 0.28888888888888886 0.04479166666666667 0.07222222222222222
8 0.4026927083333333 0.2908981481481482 0.04635416666666667 0.06944444444444445
2 0.7252604166666666 0.3087962962962963 0.0453125 0.08611111111111111
5 0.6458333333333334 0.3111111111111111 0.04791666666666667 0.09074074074074075
4 0.49661458333333336 0.3189814814814815 0.03802083333333333 0.06944444444444445
2 0.6848958333333334 0.3194444444444444 0.03958333333333333 0.06851851851851852
7 0.4484375 0.32222222222222224 0.04375 0.08333333333333333
7 0.6049479166666667 0.3296296296296296 0.03697916666666667 0.07222222222222222
6 0.27369791666666665 0.3333333333333333 0.0484375 0.08888888888888889
2 0.35260416666666666 0.33425925925925926 0.05 0.09074074074074075
8 0.5677083333333334 0.34444444444444444 0.05 0.09259259259259259
4 0.4002604166666667 0.3523148148148148 0.0359375 0.06944444444444445
0 0.4861979166666667 0.3662037037037037 0.03802083333333333 0.06018518518518518
4 0.7497395833333333 0.37962962962962965 0.05260416666666667 0.10185185185185185
4 0.4331614583333333 0.39058333333333334 0.03958333333333333 0.06759259259259259
0 0.5315104166666667 0.3912037037037037 0.0484375 0.08425925925925926
2 0.284375 0.3939814814814815 0.040625 0.06574074074074074
8 0.6481770833333333 0.39444444444444443 0.04010416666666667 0.06296296296296296
0 0.37604166666666666 0.39444444444444443 0.03958333333333333 0.06296296296296296
6 0.8375 0.39537037037037037 0.028125 0.06481481481481481
0 0.4635416666666667 0.4111111111111111 0.034375 0.06296296296296296
4 0.627 0.4271574074074074 0.04010416666666667 0.07962962962962963
0 0.49895833333333334 0.4337962962962963 0.0375 0.06574074074074074
7 0.5997395833333333 0.44212962962962965 0.04114583333333333 0.08425925925925926
4 0.33359375 0.44351851851851853 0.0421875 0.07592592592592592
0 0.20442708333333334 0.449537037037037 0.058854166666666666 0.10648148148148148
8 0.65234375 0.4703703703703704 0.04010416666666667 0.07037037037037037
7 0.81796875 0.4736111111111111 0.0359375 0.06759259259259259
7 0.38255208333333335 0.049074074074074076 0.05364583333333333 0.09074074074074075
0 0.25442708333333336 0.49074074074074076 0.05364583333333333 0.08888888888888889
0 0.33671875 0.5212962962962963 0.03697916666666667 0.07037037037037037
7 0.66484375 0.5222222222222223 0.04114583333333333 0.07222222222222222
2 0.46588541666666666 0.5486111111111112 0.03697916666666667 0.06574074074074074
6 0.36692708333333335 0.55 0.0421875 0.06296296296296296
1 0.4200520833333333 0.5527777777777778 0.03697916666666667 0.06851851851851852
0 0.6330729166666667 0.562962962962963 0.04635416666666667 0.08333333333333333
2 0.2421875 0.5643518518518519 0.05520833333333333 0.0824074074074074
7 0.73125 0.5791666666666667 0.04375 0.08425925925925926
2 0.5526041666666667 0.5990740740740741 0.035416666666666666 0.06481481481481481
2 0.48098958333333336 0.6078703703703704 0.043229166666666666 0.06759259259259259
4 0.40060416666666665 0.6089537037037037 0.03802083333333333 0.07037037037037037
8 0.8332499999999999 0.6223796296296296 0.04114583333333333 0.075
0 0.6546875 0.637962962962963 0.04895833333333333 0.08148148148148149
6 0.5833333333333334 0.6416666666666667 0.05 0.08888888888888889
0 0.35651041666666666 0.6425925925925926 0.05260416666666667 0.09074074074074075
4 0.19244791666666666 0.6453703703703704 0.0421875 0.07222222222222222
6 0.26189583333333327 0.6529351851851851 0.05260416666666667 0.09537037037037037
1 0.5111979166666667 0.6537037037037037 0.03697916666666667 0.06296296296296296
7 0.45859375 0.6601851851851852 0.030729166666666665 0.05555555555555555
1 0.4354166666666667 0.6884259259259259 0.03854166666666667 0.06759259259259259
1 0.1921875 0.7092592592592593 0.04375 0.07037037037037037
4 0.5569427083333333 0.7125 0.03854166666666667 0.06944444444444445
0 0.39140625 0.7145092592592592 0.05677083333333333 0.10740740740740741
5 0.7919270833333333 0.7314814814814815 0.04010416666666667 0.07962962962962963
2 0.60703125 0.7381203703703704 0.034895833333333334 0.06944444444444445
7 0.33567708333333335 0.7458333333333333 0.03697916666666667 0.0787037037037037
1 0.46041666666666664 0.7555555555555555 0.05 0.0962962962962963
2 0.18697916666666667 0.7726851851851851 0.04375 0.06759259259259259
2 0.54140625 0.7736111111111111 0.03697916666666667 0.06574074074074074
6 0.8278645833333333 0.7787037037037037 0.059895833333333336 0.10740740740740741
2 0.7822916666666667 0.7925925925925926 0.0375 0.07222222222222222
4 0.17890625 0.8199074074074074 0.030729166666666665 0.04722222222222222
8 0.20963541666666666 0.8231481481481482 0.0421875 0.07222222222222222
2 0.28567708333333336 0.8240740740740741 0.0640625 0.10740740740740741
2 0.4940104166666667 0.8333333333333334 0.0515625 0.09259259259259259
8 0.4005208333333333 0.8351851851851851 0.04895833333333333 0.09259259259259259
4 0.5395833333333333 0.8453703703703703 0.03854166666666667 0.07037037037037037
2 0.18333333333333332 0.861574074074074 0.03958333333333333 0.05648148148148148
6 0.3541666666666667 0.8703703703703703 0.05625 0.10185185185185185
2 0.22804166666666664 0.8717592592592592 0.03697916666666667 0.058333333333333334
8 0.18958333333333333 0.9222222222222223 0.03854166666666667 0.06296296296296296