6 0.33645833333333336 0.20277777777777778 0.05416666666666667 0.08703703703703704
8 0.47317708333333336 0.20277777777777778 0.058854166666666666 0.1
7 0.26901041666666664 0.275 0.04114583333333333 0.07222222222222222
6 0.31015625 0.3398148148148148 0.05364583333333333 0.09074074074074075
0 0.7841145833333333 0.34675925925925927 0.04114583333333333 0.07685185185185185
2 0.578125 0.36898148148148147 0.03229166666666667 0.058333333333333334
0 0.6260416666666667 0.40694444444444444 0.03958333333333333 0.07685185185185185
0 0.4895833333333333 0.41898148148148145 0.04479166666666667 0.06944444444444445
2 0.28828125 0.4699074074074074 0.043229166666666666 0.07314814814814814
0 0.73671875 0.4810185185185185 0.04010416666666667 0.07314814814814814
5 0.39921875 0.4824074074074074 0.06197916666666667 0.10925925925925926
5 0.52890625 0.6027777777777777 0.04635416666666667 0.07037037037037037
0 0.24791666666666667 0.6194444444444445 0.05416666666666667 0.09074074074074075
1 0.3216145833333333 0.6277777777777778 0.0421875 0.06111111111111111
6 0.21041666666666667 0.6462962962962963 0.034375 0.05185185185185185
7 0.5598958333333334 0.6560185185185186 0.042708333333333334 0.075
7 0.2591145833333333 0.6995370370370371 0.0421875 0.06944444444444445
2 0.47552083333333334 0.7296296296296296 0.03333333333333333 0.06111111111111111
0 0.4114583333333333 0.7574074074074074 0.051041666666666666 0.09259259259259259
1 0.440625 0.8069444444444445 0.03854166666666667 0.06759259259259259
7 0.5419270833333333 0.8314814814814815 0.0609375 0.08888888888888889
7 0.4114583333333333 0.8347222222222223 0.040625 0.06759259259259259
0 0.52109375 0.8853425925925925 0.04635416666666667 0.0787037037037037