7 0.471875 0.9611111111111111 0.046875 0.07592592592592592
6 0.38645833333333335 0.21064814814814814 0.065625 0.10833333333333334
2 0.371875 0.3699074074074074 0.040625 0.0712962962962963
0 0.7825520833333334 0.4675925925925926 0.0484375 0.08148148148148149
2 0.21528124999999995 0.6314814814814815 0.03854166666666667 0.07962962962962963
2 0.8036458333333333 0.6583333333333333 0.04375 0.07407407407407407
0 0.3697916666666667 0.6675925925925926 0.040625 0.08148148148148149
5 0.59296875 0.6856481481481481 0.05260416666666667 0.08796296296296297
7 0.5544270833333333 0.7583333333333333 0.050520833333333334 0.1
0 0.67109375 0.763425925925926 0.0421875 0.06574074074074074
5 0.27786458333333336 0.7824074074074074 0.05364583333333333 0.0962962962962963
1 0.76171875 0.8222222222222222 0.04010416666666667 0.06111111111111111
2 0.7049479166666667 0.8222222222222222 0.03697916666666667 0.06111111111111111
0 0.6360260416666667 0.8415092592592593 0.0453125 0.08425925925925926
2 0.7205729166666667 0.9111111111111111 0.043229166666666666 0.07222222222222222