2 0.809375 0.11990740740740741 0.03229166666666667 0.08611111111111111
2 0.44557291666666665 0.17962962962962964 0.034895833333333334 0.06851851851851852
2 0.3020833333333333 0.20601851851851852 0.05520833333333333 0.09907407407407408
2 0.48541666666666666 0.21898148148148147 0.06145833333333333 0.1175925925925926
8 0.4518229166666667 0.3037037037037037 0.043229166666666666 0.07222222222222222
8 0.51015625 0.31712962962962965 0.043229166666666666 0.06944444444444445
7 0.4421875 0.36342592592592593 0.041666666666666664 0.06574074074074074
0 0.6268229166666667 0.3888888888888889 0.043229166666666666 0.09444444444444444
0 0.6994791666666667 0.4148148148148148 0.06875 0.11666666666666667
1 0.54609375 0.42916666666666664 0.03802083333333333 0.0787037037037037
8 0.4239583333333333 0.43425925925925923 0.04479166666666667 0.07777777777777778
0 0.3419270833333333 0.4378148148148147 0.05260416666666667 0.09351851851851851
7 0.28854166666666664 0.4666666666666667 0.04479166666666667 0.07222222222222222
8 0.50625 0.4675925925925926 0.036458333333333336 0.08518518518518518