0 0.4432291666666667 0.9587962962962963 0.05 0.08055555555555556
0 0.53828125 0.2675925925925926 0.050520833333333334 0.09444444444444444
2 0.47213541666666664 0.31203703703703706 0.0453125 0.07222222222222222
6 0.7231770833333333 0.37407407407407406 0.0515625 0.08888888888888889
7 0.22526041666666666 0.5018518518518519 0.043229166666666666 0.07037037037037037
0 0.5221354166666666 0.6564814814814814 0.043229166666666666 0.06851851851851852
2 0.21536458333333333 0.6787037037037037 0.0421875 0.06851851851851852
7 0.46640625 0.7166666666666667 0.044270833333333336 0.08148148148148149
6 0.5903645833333333 0.75 0.04010416666666667 0.08148148148148149
0 0.46432291666666664 0.8481481481481481 0.0484375 0.08888888888888889
0 0.5127604166666667 0.912962962962963 0.03697916666666667 0.07037037037037037