8 0.4859375 0.31712962962962965 0.058333333333333334 0.09722222222222222
7 0.39609375 0.37037037037037035 0.06510416666666667 0.11481481481481481
2 0.3846354166666667 0.462037037037037 0.04635416666666667 0.09814814814814815
7 0.27682291666666664 0.5027777777777778 0.043229166666666666 0.10185185185185185
1 0.54609375 0.5092592592592593 0.058854166666666666 0.06296296296296296
2 0.4122395833333333 0.524074074074074 0.0640625 0.12222222222222222
8 0.7119791666666667 0.612037037037037 0.04895833333333333 0.07592592592592592
1 0.42421875 0.6240740740740741 0.0421875 0.07777777777777778
2 0.38203125 0.6796296296296296 0.0328125 0.06666666666666667
7 0.21119270833333334 0.6833333333333333 0.0390625 0.08518518518518518
0 0.2596354166666667 0.6944444444444444 0.04635416666666667 0.08888888888888889
0 0.4075520833333333 0.7481481481481481 0.058854166666666666 0.1111111111111111
0 0.6143229166666667 0.7564814814814815 0.0578125 0.10555555555555556
2 0.64453125 0.862037037037037 0.049479166666666664 0.09444444444444444