0 0.42890625 0.10462962962962963 0.043229166666666666 0.08703703703703704
6 0.39453125 0.016666666666666666 0.03697916666666667 0.03333333333333333
8 0.7940104166666667 0.23055555555555557 0.04635416666666667 0.07962962962962963
2 0.19401041666666666 0.27685185185185185 0.0484375 0.07962962962962963
2 0.5669270833333333 0.28703703703703703 0.033854166666666664 0.07037037037037037
2 0.53984375 0.29814814814814816 0.034895833333333334 0.04814814814814815
2 0.7080729166666667 0.362962962962963 0.034895833333333334 0.06666666666666667
0 0.42994791666666665 0.47962962962962963 0.04739583333333333 0.08148148148148149
0 0.7533854166666667 0.48518518518518516 0.044270833333333336 0.07777777777777778
5 0.4080729166666667 0.5277777777777778 0.04114583333333333 0.07407407407407407
4 0.42421875 0.5944444444444444 0.0546875 0.1
2 0.5221354166666666 0.5953703703703703 0.0453125 0.07962962962962963
6 0.35651041666666666 0.5972222222222222 0.0546875 0.09814814814814815
7 0.6763020833333333 0.6851851851851852 0.03802083333333333 0.07037037037037037
4 0.2981770833333333 0.7787037037037037 0.0546875 0.09814814814814815
0 0.3455729166666667 0.0787037037037037 0.04114583333333333 0.06851851851851852
1 0.5403645833333334 0.8490740740740741 0.0453125 0.06851851851851852