8 0.6216145833333333 0.9305555555555556 0.04010416666666667 0.06481481481481481
4 0.3221354166666667 0.09907407407407408 0.043229166666666666 0.07222222222222222
0 0.21432291666666667 0.1037037037037037 0.03802083333333333 0.07037037037037037
2 0.46848958333333335 0.1361111111111111 0.0421875 0.07222222222222222
8 0.65703125 0.14166666666666666 0.04010416666666667 0.07222222222222222
1 0.7893229166666667 0.14444444444444443 0.04635416666666667 0.07777777777777778
0 0.5153645833333333 0.14814814814814814 0.044270833333333336 0.07037037037037037
0 0.59921875 0.16296296296296298 0.03697916666666667 0.07407407407407407
2 0.4361979166666667 0.16944444444444445 0.0421875 0.07592592592592592
2 0.5611979166666666 0.18055555555555555 0.0359375 0.05740740740740741
0 0.22161458333333334 0.1962962962962963 0.04010416666666667 0.06666666666666667
0 0.38255208333333335 0.1962962962962963 0.043229166666666666 0.06666666666666667
7 0.7158854166666667 0.20092592592592592 0.0390625 0.07222222222222222
4 0.6434895833333333 0.20462962962962963 0.05677083333333333 0.08703703703703704
6 0.5341145833333333 0.2074074074074074 0.034895833333333334 0.06666666666666667
8 0.19088541666666667 0.2101851851851852 0.03697916666666667 0.06851851851851852
6 0.4940104166666667 0.21388888888888888 0.049479166666666664 0.08703703703703704
4 0.25807291666666665 0.21574074074074073 0.044270833333333336 0.07222222222222222
0 0.8143229166666667 0.2212962962962963 0.05260416666666667 0.09444444444444444
2 0.68984375 0.2361111111111111 0.0390625 0.06851851851851852
4 0.56328125 0.24537037037037038 0.04010416666666667 0.07222222222222222
2 0.60859375 0.2537037037037037 0.0484375 0.08148148148148149
4 0.23828125 0.26666666666666666 0.0421875 0.07037037037037037
2 0.6638020833333333 0.2759259259259259 0.0390625 0.07407407407407407
0 0.20026041666666666 0.2759259259259259 0.0515625 0.08518518518518518
6 0.34869791666666666 0.2833333333333333 0.0671875 0.1111111111111111
0 0.7731770833333333 0.2861111111111111 0.043229166666666666 0.06851851851851852
5 0.27317708333333335 0.2962962962962963 0.043229166666666666 0.06666666666666667
0 0.5580729166666667 0.30648148148148147 0.04010416666666667 0.06851851851851852
8 0.39765625 0.32592592592592595 0.0359375 0.06296296296296296
4 0.6955729166666667 0.3398148148148148 0.03802083333333333 0.06481481481481481
0 0.3028645833333333 0.34074074074074073 0.050520833333333334 0.08518518518518518
8 0.19921875 0.3574074074074074 0.0515625 0.08518518518518518
8 0.7997395833333333 0.35833333333333334 0.044270833333333336 0.08333333333333333
7 0.24296875 0.362962962962963 0.05572916666666667 0.08888888888888889
8 0.7315104166666667 0.37407407407407406 0.04114583333333333 0.07037037037037037
4 0.6705729166666666 0.375 0.044270833333333336 0.07962962962962963
0 0.32369791666666664 0.040740740740740744 0.04010416666666667 0.06296296296296296
0 0.3184895833333333 0.41388888888888886 0.059895833333333336 0.09074074074074075
4 0.18984375 0.42314814814814816 0.04739583333333333 0.07592592592592592
4 0.41067708333333336 0.44722222222222224 0.043229166666666666 0.07222222222222222
0 0.22994791666666667 0.4601851851851852 0.06510416666666667 0.10555555555555556
1 0.7747395833333334 0.4740740740740741 0.04010416666666667 0.07037037037037037
1 0.28098958333333335 0.48703703703703705 0.0484375 0.08518518518518518
0 0.36744791666666665 0.05 0.0546875 0.1
4 0.19192708333333333 0.5018518518518519 0.04114583333333333 0.07407407407407407
6 0.7341145833333333 0.5166666666666667 0.05260416666666667 0.09259259259259259
0 0.8346354166666666 0.5175925925925926 0.04114583333333333 0.07962962962962963
4 0.6794270833333333 0.5212962962962963 0.043229166666666666 0.06851851851851852
4 0.8049479166666667 0.5361111111111111 0.044270833333333336 0.06851851851851852
4 0.26640625 0.5574074074074075 0.0421875 0.07037037037037037
2 0.50859375 0.05740740740740741 0.043229166666666666 0.07037037037037037
4 0.77578125 0.5768518518518518 0.0421875 0.06851851851851852
7 0.19401041666666666 0.5898148148148148 0.05572916666666667 0.09444444444444444
7 0.7111979166666667 0.6092592592592593 0.04010416666666667 0.07407407407407407
4 0.28359375 0.6166666666666667 0.0421875 0.07037037037037037
6 0.4127604166666667 0.6685185185185185 0.03697916666666667 0.07037037037037037
8 0.7205729166666667 0.674074074074074 0.044270833333333336 0.07037037037037037
6 0.19609375 0.6842592592592592 0.0515625 0.09074074074074075
0 0.28619791666666666 0.687037037037037 0.0421875 0.07037037037037037
4 0.32473958333333336 0.6981481481481482 0.034895833333333334 0.05925925925925926
6 0.8174479166666667 0.7203703703703703 0.0671875 0.12222222222222222
1 0.45026041666666666 0.7314814814814815 0.03697916666666667 0.07037037037037037
0 0.56171875 0.7518518518518519 0.049479166666666664 0.07407407407407407
7 0.19088541666666667 0.7546296296296297 0.0453125 0.07962962962962963
2 0.4127604166666667 0.7851851851851852 0.04114583333333333 0.07037037037037037
0 0.7549479166666667 0.8074074074074075 0.0546875 0.1
7 0.19973958333333333 0.8203703703703704 0.04635416666666667 0.07407407407407407
8 0.45286458333333335 0.825925925925926 0.0359375 0.07037037037037037
4 0.83671875 0.8629629629629629 0.04739583333333333 0.08148148148148149
6 0.39817708333333335 0.8694444444444445 0.05364583333333333 0.09074074074074075
2 0.22369791666666666 0.8722222222222222 0.0421875 0.07407407407407407
8 0.4393229166666667 0.9166666666666666 0.050520833333333334 0.09259259259259259