0 0.39166666666666666 0.9305555555555556 0.04895833333333333 0.08888888888888889
0 0.59296875 0.9574074074074074 0.05677083333333333 0.08333333333333333
6 0.8044270833333333 0.19953703703703704 0.050520833333333334 0.0787037037037037
0 0.3151041666666667 0.24212962962962964 0.041666666666666664 0.075
5 0.28203125 0.3060185185185185 0.05260416666666667 0.10833333333333334
2 0.7984375 0.31203703703703706 0.05416666666666667 0.09259259259259259
0 0.32760416666666664 0.3337962962962963 0.0375 0.07314814814814814
2 0.42135416666666664 0.37546296296296294 0.052083333333333336 0.10462962962962963
2 0.47942708333333334 0.3925925925925926 0.04010416666666667 0.07222222222222222
6 0.16588541666666667 0.39861111111111114 0.033854166666666664 0.06944444444444445
7 0.32725520833333327 0.45756481481481487 0.03958333333333333 0.06388888888888888
8 0.28229166666666666 0.46064814814814814 0.04895833333333333 0.09351851851851851
8 0.5395833333333333 0.46064814814814814 0.040625 0.06759259259259259
0 0.4744791666666667 0.46296296296296297 0.04791666666666667 0.08703703703703704
7 0.16770833333333332 0.48518518518518516 0.036458333333333336 0.07222222222222222
4 0.6095520833333334 0.487962962962963 0.04583333333333333 0.07777777777777778
7 0.6141510416666667 0.049074074074074076 0.0546875 0.09814814814814815
2 0.3734375 0.5064814814814815 0.029166666666666667 0.06296296296296296
1 0.4871510416666667 0.5287037037037037 0.040625 0.05925925925925926
0 0.30520833333333336 0.538425925925926 0.036458333333333336 0.0712962962962963
2 0.26666666666666666 0.5486111111111112 0.03854166666666667 0.06574074074074074
4 0.38255208333333335 0.5671296296296297 0.0421875 0.06574074074074074
7 0.6036458333333333 0.5731481481481482 0.052083333333333336 0.08518518518518518
0 0.3385416666666667 0.5810185185185185 0.04479166666666667 0.08611111111111111
0 0.47604166666666664 0.5902777777777778 0.03854166666666667 0.0712962962962963
6 0.5192708333333333 0.6185185185185185 0.058333333333333334 0.10185185185185185
8 0.16588541666666667 0.6217592592592592 0.04010416666666667 0.0712962962962963
0 0.37240104166666665 0.6276203703703704 0.03958333333333333 0.07314814814814814
5 0.81171875 0.06435185185185185 0.044270833333333336 0.0824074074074074
2 0.47291666666666665 0.6550925925925926 0.03854166666666667 0.06388888888888888
8 0.6557291666666667 0.6712962962962963 0.04791666666666667 0.07037037037037037
7 0.29192708333333334 0.6902777777777778 0.044270833333333336 0.0787037037037037
5 0.5888020833333333 0.6986111111111111 0.0609375 0.10648148148148148
1 0.5264739583333333 0.7021574074074074 0.03697916666666667 0.07407407407407407
8 0.4046875 0.7333333333333333 0.05416666666666667 0.09444444444444444
2 0.21588541666666666 0.7550925925925925 0.0421875 0.0824074074074074
2 0.478125 0.7574074074074074 0.06145833333333333 0.11296296296296296
0 0.30190625000000004 0.7675925925925926 0.05416666666666667 0.0962962962962963
0 0.3609375 0.7763888888888889 0.052083333333333336 0.08425925925925926
2 0.6477447916666667 0.8024722222222221 0.0375 0.07222222222222222
0 0.5321197916666667 0.8024722222222221 0.06041666666666667 0.11666666666666667
8 0.4393229166666667 0.8148148148148148 0.0390625 0.06851851851851852
8 0.6059895833333333 0.85 0.0453125 0.07592592592592592
2 0.3776041666666667 0.8587962962962963 0.03958333333333333 0.075
8 0.33489583333333334 0.8601851851851852 0.03958333333333333 0.07407407407407407
0 0.715625 0.8657407407407407 0.042708333333333334 0.07777777777777778
2 0.41441145833333337 0.8703611111111111 0.0375 0.07222222222222222
6 0.17369791666666667 0.8944444444444445 0.0703125 0.10555555555555556
4 0.66484375 0.9018518518518519 0.0421875 0.08333333333333333
7 0.6278645833333333 0.9162037037037037 0.049479166666666664 0.10092592592592593