6 0.32083333333333336 0.18888888888888888 0.05 0.08148148148148149
7 0.6875 0.1925925925925926 0.051041666666666666 0.08703703703703704
7 0.20833333333333334 0.27685185185185185 0.053125 0.09074074074074075
6 0.6375 0.3175925925925926 0.06041666666666667 0.1
1 0.5955729166666667 0.39351851851851855 0.0328125 0.06666666666666667
7 0.7395833333333334 0.41944444444444445 0.040625 0.07222222222222222
0 0.54296875 0.5203703703703704 0.0390625 0.07222222222222222
4 0.48125 0.6092592592592593 0.03958333333333333 0.07222222222222222
4 0.31171875 0.6518518518518519 0.04114583333333333 0.06481481481481481
4 0.5635416666666667 0.6555555555555556 0.04791666666666667 0.08703703703703704
1 0.4625 0.6861111111111111 0.0375 0.06851851851851852
4 0.5247395833333334 0.6865740740740741 0.033854166666666664 0.06018518518518518
0 0.6442708333333333 0.6875 0.04791666666666667 0.08611111111111111
4 0.72265625 0.7393518518518518 0.043229166666666666 0.06944444444444445
4 0.6174479166666667 0.7592592592592593 0.0359375 0.06851851851851852
4 0.47578125 0.762962962962963 0.03697916666666667 0.07037037037037037
1 0.71484375 0.7902777777777777 0.0390625 0.075