8 0.6846354166666667 0.9666666666666667 0.0453125 0.06481481481481481
2 0.3302083333333333 0.9787037037037037 0.040625 0.040740740740740744
2 0.34296875 0.1037037037037037 0.04114583333333333 0.07222222222222222
8 0.77109375 0.12962962962962962 0.043229166666666666 0.06481481481481481
0 0.81796875 0.1486111111111111 0.05364583333333333 0.09537037037037037
0 0.31927083333333334 0.1486111111111111 0.03958333333333333 0.06574074074074074
0 0.37786458333333334 0.15925925925925927 0.0609375 0.10925925925925926
4 0.31875 0.20787037037037037 0.036458333333333336 0.058333333333333334
0 0.6505208333333333 0.22824074074074074 0.04791666666666667 0.08425925925925926
0 0.5466145833333333 0.24444444444444444 0.03802083333333333 0.06851851851851852
4 0.33671875 0.2462962962962963 0.0453125 0.06851851851851852
8 0.23880208333333333 0.25 0.0390625 0.06851851851851852
4 0.49661458333333336 0.25833333333333336 0.04635416666666667 0.1
7 0.606421875 0.26141666666666663 0.04583333333333333 0.08518518518518518
1 0.8260416666666667 0.2953703703703704 0.040625 0.06666666666666667
0 0.6828125 0.03287037037037037 0.041666666666666664 0.06388888888888888
7 0.325 0.3277777777777778 0.04479166666666667 0.09074074074074075
0 0.27630208333333334 0.32916666666666666 0.049479166666666664 0.0787037037037037
6 0.6364583333333333 0.3384259259259259 0.03854166666666667 0.06388888888888888
5 0.5794270833333334 0.35648148148148145 0.0390625 0.06296296296296296
1 0.6723958333333333 0.3597222222222222 0.03333333333333333 0.07314814814814814
2 0.36796875 0.038425925925925926 0.03697916666666667 0.075
1 0.7697916666666667 0.38935185185185184 0.040625 0.06944444444444445
8 0.46328125 0.3921296296296296 0.0484375 0.08611111111111111
0 0.31692708333333336 0.03981481481481482 0.04114583333333333 0.06666666666666667
4 0.30442708333333335 0.40694444444444444 0.043229166666666666 0.06759259259259259
7 0.540625 0.4115740740740741 0.036458333333333336 0.062037037037037036
0 0.5755208333333334 0.4185185185185185 0.035416666666666666 0.06481481481481481
4 0.19244791666666666 0.41944444444444445 0.044270833333333336 0.06296296296296296
7 0.24453125 0.4310185185185185 0.044270833333333336 0.06759259259259259
4 0.3421875 0.43287037037037035 0.03958333333333333 0.06759259259259259
4 0.6515625 0.4439814814814815 0.03958333333333333 0.075
0 0.8268229166666666 0.4597222222222222 0.04635416666666667 0.06574074074074074
0 0.5526041666666667 0.46944444444444444 0.0375 0.06666666666666667
2 0.27421875 0.47314814814814815 0.04114583333333333 0.06296296296296296
7 0.77421875 0.5060185185185185 0.03697916666666667 0.062037037037037036
8 0.5158854166666667 0.5296296296296297 0.049479166666666664 0.08703703703703704
0 0.7713541666666667 0.055092592592592596 0.04583333333333333 0.09351851851851851
4 0.8356770833333333 0.5708333333333333 0.043229166666666666 0.06574074074074074
2 0.7309895833333333 0.05787037037037037 0.04010416666666667 0.06944444444444445
4 0.565625 0.5925925925925926 0.04895833333333333 0.08703703703703704
4 0.7846354166666667 0.6046296296296296 0.04114583333333333 0.07407407407407407
4 0.83359375 0.6328703703703704 0.043229166666666666 0.06759259259259259
0 0.7372395833333333 0.6439814814814815 0.0546875 0.08981481481481482
2 0.33307291666666666 0.6458333333333334 0.0546875 0.08981481481481482
1 0.2453125 0.6708333333333333 0.0375 0.06574074074074074
4 0.55625 0.06805555555555555 0.034375 0.049074074074074076
4 0.27630208333333334 0.06851851851851852 0.043229166666666666 0.06851851851851852
6 0.37942708333333336 0.6884259259259259 0.0515625 0.08981481481481482
4 0.6638020833333333 0.7023148148148148 0.04114583333333333 0.07314814814814814
2 0.2598958333333333 0.7203703703703703 0.035416666666666666 0.06111111111111111
0 0.6325520833333333 0.737037037037037 0.04114583333333333 0.07222222222222222
8 0.5919270833333333 0.762962962962963 0.0390625 0.07592592592592592
4 0.5442708333333334 0.7666666666666667 0.03958333333333333 0.06481481481481481
8 0.25052083333333336 0.7708333333333334 0.0375 0.06574074074074074
2 0.35572916666666665 0.8134259259259259 0.05416666666666667 0.09907407407407408
7 0.23385416666666667 0.8152777777777778 0.027083333333333334 0.05092592592592592
5 0.19401041666666666 0.8388888888888889 0.0453125 0.07592592592592592
0 0.8408854166666667 0.8537037037037037 0.04114583333333333 0.09074074074074075
1 0.25052083333333336 0.8643518518518518 0.035416666666666666 0.06388888888888888
4 0.33307291666666666 0.9189814814814815 0.033854166666666664 0.058333333333333334