8 0.32473958333333336 0.28194444444444444 0.05677083333333333 0.09722222222222222
2 0.53515625 0.40879629629629627 0.0421875 0.06759259259259259
0 0.459375 0.49953703703703706 0.03958333333333333 0.07314814814814814
0 0.33515625 0.5236111111111111 0.04114583333333333 0.06944444444444445
7 0.6106770833333334 0.525 0.04010416666666667 0.06851851851851852
6 0.7096354166666666 0.5476851851851852 0.0609375 0.11388888888888889
1 0.65234375 0.5537037037037037 0.03697916666666667 0.07407407407407407
7 0.30755208333333334 0.5680555555555555 0.043229166666666666 0.06759259259259259
6 0.56953125 0.5740740740740741 0.06197916666666667 0.10740740740740741
0 0.22682291666666668 0.5819444444444445 0.05364583333333333 0.08611111111111111
8 0.1953125 0.6328703703703704 0.04479166666666667 0.08425925925925926
6 0.41510416666666666 0.6949074074074074 0.03958333333333333 0.06944444444444445
6 0.51484375 0.7625 0.027604166666666666 0.05648148148148148
2 0.7325520833333333 0.8009259259259259 0.0421875 0.07407407407407407