7 0.3455729166666667 0.3287037037037037 0.0546875 0.09444444444444444
6 0.5971354166666667 0.3611111111111111 0.05364583333333333 0.0962962962962963
8 0.46536458333333336 0.3990740740740741 0.04635416666666667 0.06851851851851852
4 0.43463541666666666 0.4351851851851852 0.0390625 0.06296296296296296
6 0.38671875 0.4583333333333333 0.04114583333333333 0.06481481481481481
0 0.3815104166666667 0.5601851851851852 0.03697916666666667 0.07222222222222222
7 0.5575520833333333 0.5953703703703703 0.04114583333333333 0.06851851851851852
1 0.62890625 0.6129629629629629 0.04010416666666667 0.08148148148148149
2 0.3143229166666667 0.6351851851851852 0.03802083333333333 0.05555555555555555
2 0.4622395833333333 0.675 0.044270833333333336 0.07222222222222222
7 0.6111979166666667 0.7444444444444445 0.044270833333333336 0.08518518518518518