0 0.35911458333333335 0.937037037037037 0.04739583333333333 0.07777777777777778
4 0.3963541666666667 0.9680555555555556 0.051041666666666666 0.062037037037037036
4 0.19114583333333332 0.9699074074074074 0.04375 0.058333333333333334
7 0.5979166666666667 0.9708333333333333 0.040625 0.05648148148148148
2 0.19348958333333333 0.1287037037037037 0.044270833333333336 0.07962962962962963
4 0.27369791666666665 0.13703703703703704 0.06927083333333334 0.09259259259259259
2 0.21901041666666668 0.17685185185185184 0.04010416666666667 0.05740740740740741
4 0.18567708333333333 0.1814814814814815 0.0328125 0.05555555555555555
6 0.34661458333333334 0.18333333333333332 0.06927083333333334 0.09259259259259259
7 0.6752604166666667 0.18888888888888888 0.0453125 0.08148148148148149
7 0.19036458333333334 0.22962962962962963 0.044270833333333336 0.07777777777777778
7 0.24609375 0.22962962962962963 0.050520833333333334 0.07777777777777778
0 0.6861979166666666 0.25092592592592594 0.050520833333333334 0.08333333333333333
0 0.5591145833333333 0.2537037037037037 0.058854166666666666 0.1037037037037037
6 0.4861979166666667 0.2657407407407407 0.06510416666666667 0.10925925925925926
0 0.21119791666666668 0.2675925925925926 0.04635416666666667 0.08333333333333333
4 0.29713541666666665 0.26851851851851855 0.044270833333333336 0.08888888888888889
8 0.37057291666666664 0.28888888888888886 0.044270833333333336 0.07037037037037037
1 0.4513020833333333 0.3055555555555556 0.0390625 0.07777777777777778
7 0.68203125 0.3074074074074074 0.0421875 0.07407407407407407
7 0.27421875 0.3101851851851852 0.059895833333333336 0.07962962962962963
2 0.23203125 0.3296296296296296 0.04635416666666667 0.07407407407407407
0 0.7231770833333333 0.3333333333333333 0.04114583333333333 0.08518518518518518
4 0.3684895833333333 0.34629629629629627 0.050520833333333334 0.07037037037037037
0 0.4466145833333333 0.3537037037037037 0.04010416666666667 0.07777777777777778
4 0.48151041666666666 0.35555555555555557 0.03802083333333333 0.05925925925925926
2 0.41015625 0.35648148148148145 0.0453125 0.10185185185185185
0 0.39140625 0.03611111111111111 0.07239583333333334 0.07222222222222222
5 0.2955729166666667 0.3824074074074074 0.04635416666666667 0.07222222222222222
0 0.72109375 0.40185185185185185 0.0390625 0.07407407407407407
0 0.53671875 0.4027777777777778 0.050520833333333334 0.09074074074074075
6 0.37838541666666664 0.4027777777777778 0.049479166666666664 0.07222222222222222
4 0.33307291666666666 0.41203703703703703 0.050520833333333334 0.07222222222222222
2 0.19869791666666667 0.4203703703703704 0.0734375 0.11851851851851852
0 0.4549479166666667 0.4287037037037037 0.06822916666666666 0.10555555555555556
6 0.81953125 0.4324074074074074 0.06510416666666667 0.12407407407407407
0 0.7606770833333333 0.4425925925925926 0.0671875 0.11851851851851852
4 0.36328125 0.45 0.0359375 0.06296296296296296
1 0.5028645833333333 0.45 0.0421875 0.08148148148148149
4 0.29661458333333335 0.04537037037037037 0.0484375 0.07592592592592592
0 0.63359375 0.48518518518518516 0.0453125 0.08888888888888889
4 0.27734375 0.49722222222222223 0.058854166666666666 0.09074074074074075
1 0.42994791666666665 0.4981481481481482 0.04635416666666667 0.08518518518518518
8 0.23619791666666667 0.5009259259259259 0.05260416666666667 0.09814814814814815
7 0.3924479166666667 0.5027777777777778 0.05677083333333333 0.10555555555555556
2 0.3419270833333333 0.5074074074074074 0.05572916666666667 0.08518518518518518
4 0.5315104166666667 0.5138888888888888 0.0453125 0.09814814814814815
8 0.8341145833333333 0.5185185185185185 0.0484375 0.08148148148148149
6 0.5924479166666666 0.5212962962962963 0.04010416666666667 0.07592592592592592
4 0.6216145833333333 0.5555555555555556 0.044270833333333336 0.07037037037037037
0 0.20338541666666668 0.562037037037037 0.0640625 0.10925925925925926
2 0.41328125 0.562037037037037 0.05572916666666667 0.09444444444444444
8 0.31796875 0.575925925925926 0.05364583333333333 0.0962962962962963
0 0.27421875 0.5824074074074074 0.0453125 0.08703703703703704
8 0.24765625 0.5861111111111111 0.0421875 0.07592592592592592
2 0.45286458333333335 0.5888888888888889 0.0515625 0.08518518518518518
8 0.35182291666666665 0.6231481481481481 0.04635416666666667 0.08703703703703704
7 0.8018229166666667 0.6240740740740741 0.05677083333333333 0.12222222222222222
0 0.2830729166666667 0.6287037037037037 0.0453125 0.07962962962962963
0 0.22526041666666666 0.6388888888888888 0.03802083333333333 0.07037037037037037
1 0.18515625 0.6731481481481482 0.044270833333333336 0.06111111111111111
1 0.6997395833333333 0.6824074074074075 0.0453125 0.08703703703703704
8 0.38359375 0.6916666666666667 0.04114583333333333 0.09814814814814815
4 0.20755208333333333 0.6935185185185185 0.0453125 0.07962962962962963
8 0.82578125 0.6972222222222222 0.0609375 0.10555555555555556
7 0.6200520833333333 0.7037037037037037 0.05572916666666667 0.10740740740740741
8 0.5611979166666666 0.712037037037037 0.04010416666666667 0.07592592592592592
6 0.23880208333333333 0.712037037037037 0.06302083333333333 0.07962962962962963
7 0.6690104166666667 0.7379629629629629 0.04635416666666667 0.07962962962962963
6 0.5169270833333334 0.7435185185185185 0.05364583333333333 0.08333333333333333
6 0.36328125 0.7481481481481481 0.06510416666666667 0.0962962962962963
0 0.19661458333333334 0.7518518518518519 0.0546875 0.1037037037037037
5 0.31015625 0.7546296296296297 0.0484375 0.08333333333333333
4 0.55078125 0.7712962962962963 0.0359375 0.09444444444444444
1 0.6481770833333333 0.7796296296296297 0.03697916666666667 0.07407407407407407
4 0.71796875 0.7824074074074074 0.03697916666666667 0.06481481481481481
2 0.21796875 0.7842592592592592 0.043229166666666666 0.08703703703703704
5 0.5044270833333333 0.8055555555555556 0.0390625 0.07407407407407407
8 0.5903697916666667 0.8111111111111111 0.058854166666666666 0.0962962962962963
5 0.3971354166666667 0.8277777777777777 0.0671875 0.1111111111111111
0 0.22994791666666667 0.8333333333333334 0.044270833333333336 0.07777777777777778
2 0.17317708333333334 0.8407407407407408 0.0328125 0.07407407407407407
6 0.8169270833333333 0.8490740740740741 0.0703125 0.12407407407407407
7 0.20130208333333333 0.8490740740740741 0.0453125 0.07592592592592592
4 0.29401041666666666 0.8611111111111112 0.04635416666666667 0.08888888888888889
0 0.68359375 0.8629629629629629 0.05677083333333333 0.11481481481481481
4 0.25078125 0.8638888888888889 0.0390625 0.07962962962962963
2 0.55703125 0.8675925925925926 0.044270833333333336 0.08703703703703704
8 0.49453125 0.8731481481481481 0.0421875 0.07592592592592592
2 0.18619791666666666 0.9064814814814814 0.06197916666666667 0.08703703703703704
7 0.38828125 0.9074074074074074 0.0578125 0.07777777777777778