7 0.82890625 0.9546296296296296 0.06614583333333333 0.08888888888888889
6 0.7505208333333333 0.9601851851851851 0.046875 0.07777777777777778
0 0.19453125 0.9671296296296297 0.049479166666666664 0.06388888888888888
0 0.23072916666666668 0.9708333333333333 0.042708333333333334 0.05648148148148148
5 0.41302083333333334 0.2351851851851852 0.06979166666666667 0.12222222222222222
0 0.6864583333333333 0.25277777777777777 0.04375 0.08333333333333333
0 0.5052083333333334 0.27314814814814814 0.05416666666666667 0.1111111111111111
4 0.6005208333333333 0.274537037037037 0.04375 0.0712962962962963
2 0.72265625 0.3101851851851852 0.05260416666666667 0.09259259259259259
5 0.64609375 0.31574074074074077 0.0515625 0.1037037037037037
2 0.6848958333333334 0.3333333333333333 0.034375 0.08333333333333333
4 0.4359375 0.3347222222222222 0.041666666666666664 0.08055555555555556
2 0.4765625 0.3347222222222222 0.05 0.07685185185185185
8 0.39348958333333334 0.33564814814814814 0.04635416666666667 0.08796296296296297
7 0.5885416666666666 0.34953703703703703 0.04479166666666667 0.0787037037037037
4 0.5455729166666666 0.35 0.0359375 0.06481481481481481
4 0.7466145833333333 0.37962962962962965 0.05677083333333333 0.10185185185185185
4 0.4552083333333333 0.39490740740740743 0.03229166666666667 0.08611111111111111
8 0.421875 0.39861111111111114 0.04479166666666667 0.06944444444444445
6 0.8388020833333333 0.399537037037037 0.030729166666666665 0.08055555555555556
8 0.49583333333333335 0.43333333333333335 0.05625 0.09259259259259259
7 0.821875 0.48148148148148145 0.034375 0.07407407407407407
7 0.37864583333333335 0.05 0.06666666666666667 0.1
0 0.43125 0.5069444444444444 0.059375 0.10648148148148148
0 0.20026041666666666 0.5523148148148148 0.08072916666666667 0.12314814814814815
6 0.29973958333333334 0.5763888888888888 0.05260416666666667 0.0787037037037037
8 0.8375 0.6300925925925925 0.04375 0.09722222222222222
8 0.56796875 0.6333333333333333 0.04635416666666667 0.06666666666666667
5 0.6895833333333333 0.663425925925926 0.04479166666666667 0.08981481481481482
4 0.5361979166666667 0.6722222222222223 0.04010416666666667 0.06481481481481481
6 0.21770833333333334 0.6944444444444444 0.05520833333333333 0.08333333333333333
2 0.734375 0.6953703703703704 0.05 0.08148148148148149
8 0.33203125 0.7037037037037037 0.05260416666666667 0.07407407407407407
8 0.6138020833333333 0.7180555555555556 0.0671875 0.08796296296296297
4 0.27708333333333335 0.7328703703703704 0.04583333333333333 0.06759259259259259
5 0.1796875 0.075 0.04479166666666667 0.08148148148148149
4 0.19114583333333332 0.7537037037037037 0.051041666666666666 0.07222222222222222
1 0.5625 0.7592592592592593 0.03854166666666667 0.06481481481481481
6 0.8263020833333333 0.7759259259259259 0.06822916666666666 0.1574074074074074
2 0.675 0.7777777777777778 0.04895833333333333 0.09259259259259259
4 0.6010416666666667 0.7837962962962963 0.04895833333333333 0.07685185185185185
1 0.18463541666666666 0.812962962962963 0.049479166666666664 0.07407407407407407
1 0.2234375 0.8337962962962963 0.040625 0.0787037037037037
7 0.30026041666666664 0.8337962962962963 0.0640625 0.11574074074074074
8 0.5690104166666666 0.8592592592592593 0.0578125 0.10185185185185185
0 0.27447916666666666 0.8981481481481481 0.040625 0.07407407407407407
0 0.18489583333333334 0.9074074074074074 0.04895833333333333 0.08333333333333333
0 0.2390625 0.9175925925925926 0.0375 0.08518518518518518