1 0.5768229166666666 0.17685185185185184 0.03697916666666667 0.06851851851851852
5 0.22005208333333334 0.2657407407407407 0.0421875 0.07592592592592592
6 0.58046875 0.28888888888888886 0.05260416666666667 0.08518518518518518
2 0.38307291666666665 0.33240740740740743 0.0515625 0.09814814814814815
6 0.32526041666666666 0.3592592592592593 0.04635416666666667 0.08518518518518518
2 0.5627604166666667 0.42314814814814816 0.04635416666666667 0.08333333333333333
0 0.7596354166666667 0.44074074074074077 0.03802083333333333 0.05925925925925926
7 0.2559895833333333 0.5509259259259259 0.04114583333333333 0.06851851851851852
4 0.7377604166666667 0.6092592592592593 0.0484375 0.07037037037037037
8 0.31744791666666666 0.6222222222222222 0.043229166666666666 0.07407407407407407
8 0.80078125 0.7046296296296296 0.0390625 0.07962962962962963
2 0.5513020833333333 0.787962962962963 0.05260416666666667 0.09814814814814815
2 0.7533854166666667 0.8 0.04010416666666667 0.07037037037037037