4 0.6528645833333333 0.950925925925926 0.04635416666666667 0.06851851851851852
7 0.83203125 0.9555555555555556 0.050520833333333334 0.08518518518518518
0 0.4859375 0.9643518518518519 0.06458333333333334 0.06944444444444445
2 0.625 0.9699074074074074 0.040625 0.058333333333333334
8 0.18385416666666668 0.9745370370370371 0.041666666666666664 0.049074074074074076
4 0.47994791666666664 0.15648148148148147 0.04010416666666667 0.07962962962962963
5 0.4122395833333333 0.2101851851851852 0.06302083333333333 0.10185185185185185
0 0.52421875 0.22962962962962963 0.04739583333333333 0.08518518518518518
0 0.35390625 0.23333333333333334 0.03802083333333333 0.07037037037037037
8 0.4513020833333333 0.25277777777777777 0.0390625 0.06851851851851852
8 0.45546875 0.2537037037037037 0.0390625 0.07037037037037037
2 0.48828125 0.2564814814814815 0.03802083333333333 0.07222222222222222
2 0.6846354166666667 0.25925925925925924 0.04114583333333333 0.06666666666666667
4 0.6033854166666667 0.262037037037037 0.03697916666666667 0.07592592592592592
4 0.56328125 0.27037037037037037 0.03802083333333333 0.06666666666666667
8 0.40182291666666664 0.2916666666666667 0.0421875 0.07222222222222222
8 0.39921875 0.2953703703703704 0.04114583333333333 0.07962962962962963
6 0.3138020833333333 0.2972222222222222 0.04114583333333333 0.07962962962962963
2 0.7236979166666667 0.31203703703703706 0.04635416666666667 0.08333333333333333
5 0.6440104166666667 0.31574074074074077 0.0453125 0.09074074074074075
4 0.49609375 0.3175925925925926 0.043229166666666666 0.06111111111111111
2 0.6841145833333333 0.32037037037037036 0.03802083333333333 0.06296296296296296
7 0.4471354166666667 0.32314814814814813 0.0453125 0.08703703703703704
6 0.27421875 0.3296296296296296 0.058854166666666666 0.08888888888888889
7 0.60390625 0.33055555555555555 0.04010416666666667 0.07592592592592592
2 0.3528645833333333 0.33425925925925926 0.05260416666666667 0.09074074074074075
8 0.5669270833333333 0.34629629629629627 0.04739583333333333 0.08148148148148149
4 0.3997395833333333 0.3537037037037037 0.0390625 0.05925925925925926
0 0.4830729166666667 0.3712962962962963 0.04010416666666667 0.06111111111111111
8 0.7486979166666666 0.38055555555555554 0.0578125 0.07962962962962963
8 0.6466145833333333 0.3907407407407407 0.033854166666666664 0.06666666666666667
0 0.37578125 0.39166666666666666 0.034895833333333334 0.06851851851851852
0 0.53046875 0.39537037037037037 0.050520833333333334 0.09444444444444444
4 0.4309895833333333 0.39537037037037037 0.0421875 0.07962962962962963
2 0.27786458333333336 0.39814814814814814 0.04010416666666667 0.06666666666666667
6 0.8341145833333333 0.4 0.027604166666666666 0.07407407407407407
0 0.46119791666666665 0.4166666666666667 0.0359375 0.07037037037037037
4 0.6247395833333333 0.42592592592592593 0.03802083333333333 0.07407407407407407
0 0.49557291666666664 0.4351851851851852 0.043229166666666666 0.07037037037037037
4 0.33151041666666664 0.4398148148148148 0.043229166666666666 0.06481481481481481
7 0.59921875 0.44074074074074077 0.0453125 0.07407407407407407
1 0.27057291666666666 0.44814814814814813 0.050520833333333334 0.07777777777777778
0 0.20182291666666666 0.45555555555555555 0.06302083333333333 0.10740740740740741
8 0.6497395833333334 0.46944444444444444 0.0359375 0.06481481481481481
7 0.81796875 0.4787037037037037 0.033854166666666664 0.06111111111111111
0 0.24869791666666666 0.5175925925925926 0.0515625 0.08333333333333333
7 0.3841145833333333 0.05185185185185185 0.05677083333333333 0.09259259259259259
7 0.66484375 0.5277777777777778 0.04010416666666667 0.06666666666666667
2 0.46328125 0.5509259259259259 0.0359375 0.06851851851851852
1 0.41640625 0.562037037037037 0.044270833333333336 0.07222222222222222
0 0.63515625 0.5740740740740741 0.04739583333333333 0.08518518518518518
7 0.7294270833333333 0.5851851851851851 0.044270833333333336 0.07407407407407407
7 0.43359375 0.6 0.0265625 0.05925925925925926
4 0.38567708333333334 0.6157407407407407 0.043229166666666666 0.07222222222222222
2 0.48359375 0.6157407407407407 0.0359375 0.07222222222222222
8 0.8346354166666666 0.625 0.03697916666666667 0.06851851851851852
6 0.34348958333333335 0.6268518518518519 0.04010416666666667 0.06851851851851852
0 0.2950520833333333 0.6444444444444445 0.043229166666666666 0.07777777777777778
4 0.18932291666666667 0.6574074074074074 0.04635416666666667 0.06296296296296296
8 0.42473958333333334 0.6722222222222223 0.03802083333333333 0.06666666666666667
0 0.65390625 0.6787037037037037 0.049479166666666664 0.08703703703703704
0 0.32317708333333334 0.6990740740740741 0.0515625 0.08703703703703704
1 0.19192708333333333 0.7194444444444444 0.04114583333333333 0.06851851851851852
5 0.18463541666666666 0.07222222222222222 0.03697916666666667 0.07407407407407407
2 0.5950520833333334 0.725925925925926 0.0328125 0.05925925925925926
5 0.7924479166666667 0.7351851851851852 0.044270833333333336 0.1
0 0.6388020833333333 0.7648148148148148 0.04635416666666667 0.08888888888888889
6 0.8263020833333333 0.7814814814814814 0.059895833333333336 0.1111111111111111
2 0.18619791666666666 0.7833333333333333 0.0421875 0.06296296296296296
2 0.77890625 0.799074074074074 0.04010416666666667 0.07592592592592592
4 0.17473958333333334 0.8333333333333334 0.033854166666666664 0.06296296296296296
2 0.18463541666666666 0.8740740740740741 0.03697916666666667 0.05555555555555555
2 0.65546875 0.8907407407407407 0.0390625 0.06666666666666667
4 0.39453125 0.9111111111111111 0.0546875 0.1037037037037037
2 0.18984375 0.925 0.03802083333333333 0.05