2 0.5130208333333334 0.2953703703703704 0.041666666666666664 0.07407407407407407
1 0.16927083333333334 0.3125 0.03958333333333333 0.0712962962962963
8 0.28151041666666665 0.3236111111111111 0.05677083333333333 0.08981481481481482
4 0.5580729166666667 0.38333333333333336 0.0390625 0.07592592592592592
6 0.7723958333333333 0.38564814814814813 0.03125 0.058333333333333334
0 0.5158854166666667 0.40046296296296297 0.03802083333333333 0.06574074074074074
7 0.2864583333333333 0.4041666666666667 0.040625 0.06944444444444445
7 0.3458333333333333 0.4050925925925926 0.03958333333333333 0.08055555555555556
2 0.19453125 0.4199074074074074 0.049479166666666664 0.0824074074074074
4 0.4890625 0.4444444444444444 0.03958333333333333 0.06481481481481481
0 0.49140625 0.5824074074074074 0.0515625 0.08888888888888889
8 0.7908854166666667 0.6898148148148148 0.0484375 0.08888888888888889
0 0.3078125 0.7787037037037037 0.052083333333333336 0.09259259259259259