6 0.6095468749999999 0.16666666666666666 0.05416666666666667 0.09444444444444444
7 0.38828125 0.25324074074074077 0.0453125 0.075
0 0.2911458333333333 0.29305555555555557 0.06458333333333334 0.10648148148148148
0 0.34010416666666665 0.34305555555555556 0.05 0.08425925925925926
7 0.7213541666666666 0.3597222222222222 0.05 0.10277777777777777
4 0.53515625 0.3939814814814815 0.0390625 0.075
4 0.36614583333333334 0.4097222222222222 0.04375 0.08055555555555556
1 0.8020833333333334 0.42592592592592593 0.04479166666666667 0.06481481481481481
8 0.8072916666666666 0.5023148148148148 0.036458333333333336 0.07685185185185185
4 0.6778645833333333 0.5430555555555555 0.0390625 0.07685185185185185
0 0.42291666666666666 0.5615740740740741 0.042708333333333334 0.062037037037037036
0 0.2833333333333333 0.5666666666666667 0.05520833333333333 0.09814814814814815
8 0.5588541666666667 0.6027777777777777 0.04583333333333333 0.07777777777777778
4 0.8033854166666666 0.6435185185185185 0.0484375 0.07407407407407407
5 0.36041666666666666 0.6953703703703704 0.059375 0.1