8 0.37838541666666664 0.9305555555555556 0.04010416666666667 0.06481481481481481
4 0.6778645833333333 0.09907407407407408 0.043229166666666666 0.07222222222222222
0 0.7856770833333333 0.1037037037037037 0.03802083333333333 0.07037037037037037
2 0.5315104166666667 0.1361111111111111 0.0421875 0.07222222222222222
8 0.34296875 0.14166666666666666 0.04010416666666667 0.07222222222222222
1 0.21067708333333332 0.14444444444444443 0.04635416666666667 0.07777777777777778
0 0.48463541666666665 0.14814814814814814 0.044270833333333336 0.07037037037037037
0 0.40078125 0.16296296296296298 0.03697916666666667 0.07407407407407407
2 0.5638020833333334 0.16944444444444445 0.0421875 0.07592592592592592
2 0.4388020833333333 0.18055555555555555 0.0359375 0.05740740740740741
0 0.7783854166666667 0.1962962962962963 0.04010416666666667 0.06666666666666667
0 0.6174479166666667 0.1962962962962963 0.043229166666666666 0.06666666666666667
7 0.28411458333333334 0.20092592592592592 0.0390625 0.07222222222222222
4 0.35651041666666666 0.20462962962962963 0.05677083333333333 0.08703703703703704
6 0.46588541666666666 0.2074074074074074 0.034895833333333334 0.06666666666666667
8 0.8091145833333333 0.2101851851851852 0.03697916666666667 0.06851851851851852
6 0.5059895833333333 0.21388888888888888 0.049479166666666664 0.08703703703703704
4 0.7419270833333333 0.21574074074074073 0.044270833333333336 0.07222222222222222
0 0.18567708333333333 0.2212962962962963 0.05260416666666667 0.09444444444444444
2 0.31015625 0.2361111111111111 0.0390625 0.06851851851851852
4 0.43671875 0.24537037037037038 0.04010416666666667 0.07222222222222222
2 0.39140625 0.2537037037037037 0.0484375 0.08148148148148149
4 0.76171875 0.26666666666666666 0.0421875 0.07037037037037037
2 0.33619791666666665 0.2759259259259259 0.0390625 0.07407407407407407
0 0.7997395833333333 0.2759259259259259 0.0515625 0.08518518518518518
6 0.6513020833333333 0.2833333333333333 0.0671875 0.1111111111111111
0 0.22682291666666668 0.2861111111111111 0.043229166666666666 0.06851851851851852
5 0.7268229166666667 0.2962962962962963 0.043229166666666666 0.06666666666666667
0 0.44192708333333336 0.30648148148148147 0.04010416666666667 0.06851851851851852
8 0.60234375 0.32592592592592595 0.0359375 0.06296296296296296
4 0.30442708333333335 0.3398148148148148 0.03802083333333333 0.06481481481481481
0 0.6971354166666667 0.34074074074074073 0.050520833333333334 0.08518518518518518
8 0.80078125 0.3574074074074074 0.0515625 0.08518518518518518
8 0.20026041666666666 0.35833333333333334 0.044270833333333336 0.08333333333333333
7 0.75703125 0.362962962962963 0.05572916666666667 0.08888888888888889
8 0.26848958333333334 0.37407407407407406 0.04114583333333333 0.07037037037037037
4 0.3294270833333333 0.375 0.044270833333333336 0.07962962962962963
0 0.6763020833333333 0.040740740740740744 0.04010416666666667 0.06296296296296296
0 0.6815104166666667 0.41388888888888886 0.059895833333333336 0.09074074074074075
4 0.81015625 0.42314814814814816 0.04739583333333333 0.07592592592592592
4 0.5893229166666667 0.44722222222222224 0.043229166666666666 0.07222222222222222
0 0.7700520833333333 0.4601851851851852 0.06510416666666667 0.10555555555555556
1 0.22526041666666666 0.4740740740740741 0.04010416666666667 0.07037037037037037
1 0.7190104166666667 0.48703703703703705 0.0484375 0.08518518518518518
0 0.6325520833333333 0.05 0.0546875 0.1
4 0.8080729166666667 0.5018518518518519 0.04114583333333333 0.07407407407407407
6 0.26588541666666665 0.5166666666666667 0.05260416666666667 0.09259259259259259
0 0.16536458333333334 0.5175925925925926 0.04114583333333333 0.07962962962962963
4 0.32057291666666665 0.5212962962962963 0.043229166666666666 0.06851851851851852
4 0.19505208333333332 0.5361111111111111 0.044270833333333336 0.06851851851851852
4 0.73359375 0.5574074074074075 0.0421875 0.07037037037037037
2 0.49140625 0.05740740740740741 0.043229166666666666 0.07037037037037037
4 0.22421875 0.5768518518518518 0.0421875 0.06851851851851852
7 0.8059895833333334 0.5898148148148148 0.05572916666666667 0.09444444444444444
7 0.28880208333333335 0.6092592592592593 0.04010416666666667 0.07407407407407407
4 0.71640625 0.6166666666666667 0.0421875 0.07037037037037037
6 0.5872395833333334 0.6685185185185185 0.03697916666666667 0.07037037037037037
8 0.2794270833333333 0.674074074074074 0.044270833333333336 0.07037037037037037
6 0.80390625 0.6842592592592592 0.0515625 0.09074074074074075
0 0.7138020833333333 0.687037037037037 0.0421875 0.07037037037037037
4 0.6752604166666667 0.6981481481481482 0.034895833333333334 0.05925925925925926
6 0.18255208333333334 0.7203703703703703 0.0671875 0.12222222222222222
1 0.5497395833333333 0.7314814814814815 0.03697916666666667 0.07037037037037037
0 0.43828125 0.7518518518518519 0.049479166666666664 0.07407407407407407
7 0.8091145833333333 0.7546296296296297 0.0453125 0.07962962962962963
2 0.5872395833333334 0.7851851851851852 0.04114583333333333 0.07037037037037037
0 0.24505208333333334 0.8074074074074075 0.0546875 0.1
7 0.8002604166666667 0.8203703703703704 0.04635416666666667 0.07407407407407407
8 0.5471354166666667 0.825925925925926 0.0359375 0.07037037037037037
4 0.16328125 0.8629629629629629 0.04739583333333333 0.08148148148148149
6 0.6018229166666667 0.8694444444444445 0.05364583333333333 0.09074074074074075
2 0.7763020833333333 0.8722222222222222 0.0421875 0.07407407407407407
8 0.5606770833333333 0.9166666666666666 0.050520833333333334 0.09259259259259259