4 0.7950520833333333 0.11296296296296296 0.043229166666666666 0.07777777777777778
2 0.5924479166666666 0.11481481481481481 0.0296875 0.05185185185185185
2 0.31692708333333336 0.16018518518518518 0.04114583333333333 0.06851851851851852
7 0.7283854166666667 0.17777777777777778 0.0390625 0.07777777777777778
0 0.30442708333333335 0.30925925925925923 0.04114583333333333 0.07407407407407407
0 0.7861979166666667 0.32685185185185184 0.04010416666666667 0.07962962962962963
8 0.7440104166666667 0.43703703703703706 0.04114583333333333 0.07037037037037037
2 0.37994791666666666 0.4703703703703704 0.04010416666666667 0.07407407407407407
0 0.22786458333333334 0.4787037037037037 0.044270833333333336 0.06851851851851852
2 0.69765625 0.4842592592592593 0.03802083333333333 0.06481481481481481
4 0.22734375 0.5805555555555556 0.0578125 0.09444444444444444
7 0.6263020833333334 0.06018518518518518 0.0390625 0.07222222222222222
6 0.50390625 0.6231481481481481 0.04635416666666667 0.08333333333333333
7 0.3377604166666667 0.6287037037037037 0.03697916666666667 0.06481481481481481
2 0.47109375 0.7361111111111112 0.03697916666666667 0.06851851851851852
4 0.43046875 0.7388888888888889 0.03697916666666667 0.07407407407407407
0 0.5408854166666667 0.7509259259259259 0.0390625 0.06111111111111111
1 0.5575520833333333 0.8203703703703704 0.0390625 0.07407407407407407
1 0.23411458333333332 0.9027777777777778 0.044270833333333336 0.07222222222222222