2 0.3690104166666667 0.9472222222222222 0.0453125 0.07962962962962963
0 0.3109375 0.9652777777777778 0.04583333333333333 0.06759259259259259
2 0.42473958333333334 0.32685185185185184 0.05677083333333333 0.08703703703703704
0 0.7643229166666666 0.3287037037037037 0.044270833333333336 0.09074074074074075
4 0.8190104166666666 0.3685185185185185 0.043229166666666666 0.07037037037037037
6 0.6440104166666667 0.3768518518518518 0.0703125 0.12037037037037036
8 0.21223958333333334 0.42592592592592593 0.0671875 0.1111111111111111
6 0.35963541666666665 0.5037037037037037 0.0703125 0.11481481481481481
2 0.6799479166666667 0.5166666666666667 0.058854166666666666 0.09259259259259259
2 0.25078125 0.5305555555555556 0.0421875 0.08333333333333333
2 0.20598958333333334 0.5537037037037037 0.04010416666666667 0.08888888888888889
7 0.27421875 0.6194444444444445 0.04114583333333333 0.08333333333333333
6 0.34817708333333336 0.6231481481481481 0.07447916666666667 0.10925925925925926
2 0.23203125 0.6425925925925926 0.050520833333333334 0.07037037037037037
1 0.7044270833333334 0.6777777777777778 0.059895833333333336 0.0962962962962963