1 0.7747395833333334 0.19907407407407407 0.0515625 0.07962962962962963
0 0.44973958333333336 0.24166666666666667 0.043229166666666666 0.07222222222222222
4 0.36223958333333334 0.3194444444444444 0.043229166666666666 0.07222222222222222
4 0.6627604166666666 0.36574074074074076 0.04635416666666667 0.07962962962962963
6 0.5111979166666667 0.3925925925925926 0.03697916666666667 0.07777777777777778
6 0.6825520833333333 0.42777777777777776 0.0703125 0.10740740740740741
4 0.5841145833333333 0.4287037037037037 0.05364583333333333 0.09074074074074075
4 0.43776041666666665 0.4861111111111111 0.04010416666666667 0.07222222222222222
4 0.48515625 0.5527777777777778 0.0390625 0.07222222222222222
7 0.5143229166666666 0.5990740740740741 0.043229166666666666 0.07592592592592592
1 0.45598958333333334 0.612037037037037 0.043229166666666666 0.07962962962962963
6 0.4153645833333333 0.6444444444444445 0.0515625 0.09259259259259259
8 0.7153645833333333 0.6638888888888889 0.0453125 0.07592592592592592
6 0.5106770833333333 0.6888888888888889 0.05677083333333333 0.09259259259259259
7 0.41692708333333334 0.7592592592592593 0.04010416666666667 0.07777777777777778
6 0.46953125 0.8175925925925925 0.0515625 0.10555555555555556