2 0.6940104166666666 0.09259259259259259 0.04635416666666667 0.07407407407407407
4 0.8145833333333333 0.9305555555555556 0.03229166666666667 0.06481481481481481
2 0.18802083333333333 0.9662037037037037 0.05 0.06574074074074074
7 0.32265625 0.13055555555555556 0.0390625 0.07222222222222222
7 0.7252604166666666 0.15648148148148147 0.04010416666666667 0.06111111111111111
0 0.37526041666666665 0.1648148148148148 0.05260416666666667 0.08888888888888889
2 0.6825520833333333 0.17962962962962964 0.0484375 0.09259259259259259
2 0.7611979166666667 0.18611111111111112 0.049479166666666664 0.08333333333333333
6 0.8075520833333333 0.18888888888888888 0.03802083333333333 0.07037037037037037
2 0.32838541666666665 0.2064814814814815 0.04010416666666667 0.07962962962962963
0 0.44921875 0.2861111111111111 0.03802083333333333 0.06481481481481481
0 0.40598958333333335 0.28888888888888886 0.030729166666666665 0.07407407407407407
7 0.78984375 0.29814814814814816 0.04635416666666667 0.06666666666666667
6 0.3736979166666667 0.30833333333333335 0.03697916666666667 0.07222222222222222
0 0.3346354166666667 0.32314814814814813 0.044270833333333336 0.07962962962962963
2 0.26796875 0.36666666666666664 0.03802083333333333 0.06666666666666667
0 0.3299479166666667 0.3972222222222222 0.0421875 0.07222222222222222
8 0.24192708333333332 0.4222222222222222 0.0484375 0.08888888888888889
4 0.44453125 0.43703703703703706 0.034895833333333334 0.06296296296296296
2 0.40234375 0.44166666666666665 0.05677083333333333 0.10555555555555556
0 0.35598958333333336 0.4685185185185185 0.0390625 0.06296296296296296
2 0.6580729166666667 0.04814814814814815 0.0390625 0.06666666666666667
0 0.55546875 0.5027777777777778 0.03802083333333333 0.06851851851851852
2 0.28880208333333335 0.5175925925925926 0.0296875 0.05740740740740741
2 0.3372395833333333 0.524074074074074 0.024479166666666666 0.05555555555555555
7 0.44765625 0.5268518518518519 0.03697916666666667 0.07962962962962963
8 0.5174479166666667 0.5324074074074074 0.0390625 0.06851851851851852
6 0.5986979166666667 0.5388888888888889 0.0578125 0.11851851851851852
2 0.30807291666666664 0.5518518518518518 0.0328125 0.05925925925925926
1 0.46848958333333335 0.5777777777777777 0.0328125 0.06296296296296296
0 0.41119791666666666 0.5777777777777777 0.03697916666666667 0.07407407407407407
2 0.6747395833333333 0.6027777777777777 0.0390625 0.06851851851851852
2 0.36484375 0.6064814814814815 0.0359375 0.06851851851851852
4 0.30026041666666664 0.6129629629629629 0.0421875 0.07037037037037037
0 0.44973958333333336 0.6296296296296297 0.03697916666666667 0.06666666666666667
6 0.47994791666666664 0.6435185185185185 0.0390625 0.05740740740740741
5 0.39348958333333334 0.6518518518518519 0.049479166666666664 0.08518518518518518
6 0.7497395833333333 0.6537037037037037 0.0703125 0.11481481481481481
2 0.6606770833333333 0.662962962962963 0.0421875 0.07407407407407407
7 0.35703125 0.687962962962963 0.0390625 0.06851851851851852
6 0.43723958333333335 0.7 0.04739583333333333 0.09259259259259259
4 0.5158854166666667 0.7018518518518518 0.050520833333333334 0.07777777777777778
7 0.16744791666666667 0.7027777777777777 0.05364583333333333 0.09814814814814815
6 0.22265625 0.7055555555555556 0.0515625 0.09259259259259259
5 0.7992135416666667 0.7268518518518519 0.06510416666666667 0.10555555555555556
8 0.32838541666666665 0.7342592592592593 0.050520833333333334 0.08333333333333333
4 0.3653645833333333 0.7555555555555555 0.04114583333333333 0.07407407407407407
8 0.23932291666666666 0.7768518518518519 0.03697916666666667 0.07222222222222222
4 0.27369791666666665 0.7787037037037037 0.04114583333333333 0.07962962962962963
0 0.4236979166666667 0.7944444444444444 0.0640625 0.1037037037037037
0 0.49296875 0.799074074074074 0.0359375 0.06851851851851852
2 0.8122395833333333 0.8055555555555556 0.0390625 0.07407407407407407
4 0.34296875 0.8175925925925925 0.03802083333333333 0.07592592592592592
1 0.37473958333333335 0.8231481481481482 0.0390625 0.07592592592592592
0 0.76328125 0.825 0.05364583333333333 0.09074074074074075
0 0.7111979166666667 0.8268518518518518 0.0546875 0.08703703703703704
8 0.3033854166666667 0.8416666666666667 0.0421875 0.07592592592592592
8 0.30130208333333336 0.8416666666666667 0.03802083333333333 0.07962962962962963
6 0.6184895833333334 0.8611111111111112 0.04114583333333333 0.07037037037037037
4 0.80546875 0.8657407407407407 0.0359375 0.06481481481481481
8 0.5528645833333333 0.8731481481481481 0.0390625 0.07222222222222222
7 0.19296875 0.8851851851851852 0.05677083333333333 0.1037037037037037
8 0.5143229166666666 0.8935185185185185 0.03802083333333333 0.07222222222222222
4 0.25078125 0.8981481481481481 0.0390625 0.07777777777777778
4 0.7747395833333334 0.9092592592592592 0.0515625 0.07407407407407407
6 0.34661458333333334 0.9203703703703704 0.049479166666666664 0.08148148148148149