4 0.42916666666666664 0.10185185185185185 0.028125 0.05555555555555555
0 0.6627604166666666 0.15555555555555556 0.0453125 0.07037037037037037
0 0.6440104166666667 0.2111111111111111 0.04635416666666667 0.07962962962962963
6 0.5800364583333334 0.21712962962962962 0.06875 0.11388888888888889
4 0.4265625 0.2523148148148148 0.05520833333333333 0.09722222222222222
7 0.2942708333333333 0.3194444444444444 0.04583333333333333 0.07407407407407407
6 0.478125 0.33101851851851855 0.04375 0.06944444444444445
0 0.26848958333333334 0.38425925925925924 0.04635416666666667 0.07037037037037037
2 0.4036458333333333 0.3921296296296296 0.040625 0.06759259259259259
1 0.39765625 0.46620370370370373 0.03802083333333333 0.06574074074074074
4 0.6354166666666666 0.47453703703703703 0.0375 0.06944444444444445
1 0.7611979166666667 0.5504629629629629 0.05260416666666667 0.10648148148148148
4 0.70390625 0.7384259259259259 0.0421875 0.075