8 0.19505208333333332 0.17777777777777778 0.0421875 0.07777777777777778
4 0.6260416666666667 0.24259259259259258 0.05 0.08333333333333333
7 0.5815104166666667 0.275 0.04739583333333333 0.09259259259259259
5 0.32421875 0.31805555555555554 0.06302083333333333 0.11203703703703703
6 0.66484375 0.3287037037037037 0.06302083333333333 0.10740740740740741
4 0.4627604166666667 0.3398148148148148 0.0328125 0.053703703703703705
2 0.7057291666666666 0.39814814814814814 0.0375 0.07037037037037037
2 0.6466145833333333 0.40046296296296297 0.030729166666666665 0.05648148148148148
7 0.34869791666666666 0.48009259259259257 0.0421875 0.07685185185185185
2 0.6963541666666667 0.49074074074074076 0.05 0.08703703703703704
7 0.7473958333333334 0.512962962962963 0.03958333333333333 0.07222222222222222
0 0.31744791666666666 0.586574074074074 0.0421875 0.07685185185185185
0 0.28203125 0.6087962962962963 0.0359375 0.06944444444444445
7 0.7356770833333334 0.6680555555555555 0.0453125 0.08611111111111111
8 0.32864583333333336 0.6916666666666667 0.040625 0.07222222222222222
2 0.3307291666666667 0.7537037037037037 0.041666666666666664 0.06296296296296296
5 0.34375 0.8175925925925925 0.03854166666666667 0.07407407407407407
8 0.4205729166666667 0.8527777777777777 0.05364583333333333 0.08888888888888889
4 0.6494791666666667 0.8578703703703704 0.042708333333333334 0.06759259259259259