0 0.6085052083333333 0.16913888888888887 0.03958333333333333 0.07222222222222222
2 0.740625 0.17037037037037037 0.040625 0.07962962962962963
1 0.8010416666666667 0.2 0.040625 0.07962962962962963
4 0.5755208333333334 0.2064814814814815 0.03958333333333333 0.07407407407407407
0 0.45651041666666664 0.2300925925925926 0.05572916666666667 0.08425925925925926
8 0.6604166666666667 0.2523148148148148 0.05520833333333333 0.09537037037037037
0 0.65625 0.37962962962962965 0.051041666666666666 0.08333333333333333
6 0.29609375 0.6231481481481481 0.0328125 0.04814814814814815
2 0.31276041666666665 0.6694444444444444 0.0453125 0.07037037037037037
7 0.49114583333333334 0.6907407407407408 0.041666666666666664 0.07592592592592592
7 0.6776041666666667 0.7203611111111111 0.04375 0.08333333333333333
4 0.6377604166666667 0.8287037037037037 0.043229166666666666 0.08518518518518518
8 0.5484375 0.8819444444444444 0.052083333333333336 0.08796296296296297