4 0.7174479166666666 0.15092592592592594 0.058854166666666666 0.09814814814814815
7 0.5989583333333334 0.021296296296296296 0.029166666666666667 0.04259259259259259
1 0.6315104166666666 0.25092592592592594 0.043229166666666666 0.07037037037037037
4 0.7453125 0.32916666666666666 0.04375 0.075
1 0.6049479166666667 0.362962962962963 0.03802083333333333 0.07222222222222222
0 0.2760416666666667 0.3912037037037037 0.042708333333333334 0.075
4 0.64765625 0.04259259259259259 0.0421875 0.07222222222222222
7 0.7791666666666667 0.4398148148148148 0.03958333333333333 0.07037037037037037
7 0.2942708333333333 0.47175925925925927 0.03958333333333333 0.07685185185185185
0 0.570921875 0.5155833333333334 0.04114583333333333 0.06759259259259259
4 0.2375 0.537962962962963 0.04375 0.07962962962962963
4 0.5979166666666667 0.5796296296296296 0.04479166666666667 0.08148148148148149
8 0.4921875 0.6587962962962963 0.035416666666666666 0.06759259259259259
8 0.44505208333333335 0.6828703703703703 0.0359375 0.06574074074074074
2 0.56953125 0.6847222222222222 0.05260416666666667 0.09537037037037037
8 0.3370677083333334 0.744287037037037 0.0421875 0.0787037037037037
2 0.4354166666666667 0.7509259259259259 0.03958333333333333 0.07037037037037037
4 0.2649322916666667 0.7550925925925925 0.04791666666666667 0.075
2 0.6674479166666667 0.7592592592592593 0.04114583333333333 0.07037037037037037
4 0.54140625 0.8361111111111111 0.043229166666666666 0.07962962962962963