4 0.27039748953974896 0.13899253731343283 0.04288702928870293 0.07276119402985075
0 0.23744769874476987 0.1884328358208955 0.04811715481171548 0.10074626865671642
0 0.6647489539748954 0.29244402985074625 0.038702928870292884 0.06809701492537314
6 0.3250523012552301 0.03544776119402985 0.03713389121338912 0.0708955223880597
2 0.4393305439330544 0.3670708955223881 0.0397489539748954 0.07742537313432836
4 0.49581589958158995 0.4449626865671642 0.038702928870292884 0.08208955223880597
4 0.7936715481171548 0.458955223880597 0.047594142259414225 0.06902985074626866
0 0.42651673640167365 0.4743470149253731 0.03713389121338912 0.06623134328358209
8 0.6911610878661087 0.47901119402985076 0.04131799163179916 0.06623134328358209
1 0.39879707112970714 0.5111940298507462 0.03608786610878661 0.06716417910447761
6 0.4610355648535565 0.5569029850746269 0.04131799163179916 0.07276119402985075
4 0.339173640167364 0.6273320895522388 0.05177824267782427 0.09421641791044776
5 0.5094142259414226 0.7364738805970149 0.049163179916317995 0.08861940298507463
1 0.45685146443514646 0.9281716417910447 0.04131799163179916 0.07276119402985075