4 0.40651041666666665 0.9351851851851852 0.0390625 0.07407407407407407
0 0.36953125 0.937962962962963 0.0421875 0.07592592592592592
0 0.7447916666666666 0.9476851851851852 0.06979166666666667 0.10277777777777777
7 0.49973958333333335 0.19814814814814816 0.0421875 0.07037037037037037
4 0.61484375 0.24074074074074073 0.0390625 0.07777777777777778
2 0.54921875 0.2601851851851852 0.04114583333333333 0.07222222222222222
4 0.6033854166666667 0.2972222222222222 0.028645833333333332 0.05740740740740741
7 0.64453125 0.3037037037037037 0.027604166666666666 0.04814814814814815
0 0.6841145833333333 0.3037037037037037 0.06510416666666667 0.10740740740740741
2 0.5544270833333333 0.33055555555555555 0.04114583333333333 0.06851851851851852
0 0.66640625 0.37592592592592594 0.03697916666666667 0.06296296296296296
6 0.62109375 0.37777777777777777 0.06197916666666667 0.10740740740740741
2 0.43411458333333336 0.3925925925925926 0.0421875 0.06296296296296296
8 0.48098958333333336 0.42685185185185187 0.05364583333333333 0.07962962962962963
0 0.45598958333333334 0.4925925925925926 0.0359375 0.06296296296296296
4 0.5106770833333333 0.5037037037037037 0.05364583333333333 0.0962962962962963
8 0.46953125 0.5814814814814815 0.04010416666666667 0.08148148148148149
6 0.37109375 0.662962962962963 0.049479166666666664 0.0962962962962963
6 0.6783854166666666 0.6768518518518518 0.04739583333333333 0.08333333333333333
2 0.5174479166666667 0.7083333333333334 0.0671875 0.12037037037037036
5 0.41380208333333335 0.7101851851851851 0.0390625 0.07222222222222222
1 0.44088541666666664 0.7574074074074074 0.043229166666666666 0.07037037037037037
4 0.72421875 0.7731481481481481 0.04739583333333333 0.08333333333333333
2 0.6127604166666667 0.8009259259259259 0.04114583333333333 0.08333333333333333
8 0.36953125 0.8287037037037037 0.05677083333333333 0.09444444444444444
2 0.68984375 0.8351851851851851 0.05572916666666667 0.09259259259259259
5 0.4434895833333333 0.8351851851851851 0.03802083333333333 0.08148148148148149
4 0.47213541666666664 0.8592592592592593 0.0390625 0.06296296296296296
0 0.61484375 0.8907407407407407 0.05572916666666667 0.1
6 0.6591145833333333 0.9120370370370371 0.050520833333333334 0.09074074074074075
8 0.44088541666666664 0.912962962962963 0.0453125 0.07037037037037037