6 0.3684895833333333 0.36064814814814816 0.0640625 0.11203703703703703
7 0.3888020833333333 0.04212962962962963 0.0546875 0.08425925925925926
4 0.33958333333333335 0.4861111111111111 0.040625 0.07407407407407407
4 0.21484375 0.4925925925925926 0.0421875 0.07222222222222222
7 0.27447916666666666 0.5120370370370371 0.04375 0.07407407407407407
0 0.7463541666666667 0.5467592592592593 0.041666666666666664 0.062037037037037036
0 0.6966145833333334 0.5574074074074075 0.04114583333333333 0.07592592592592592
8 0.29583333333333334 0.6111111111111112 0.042708333333333334 0.08333333333333333
4 0.7263020833333333 0.6462962962962963 0.0421875 0.07962962962962963
6 0.5747395833333333 0.7726851851851851 0.049479166666666664 0.09166666666666666
0 0.6261302083333333 0.8126666666666666 0.0515625 0.08888888888888889
2 0.5395833333333333 0.8805555555555555 0.040625 0.07407407407407407