0 0.27734375 0.2050925925925926 0.04739583333333333 0.0787037037037037
8 0.5640625 0.22870370370370371 0.03958333333333333 0.07407407407407407
0 0.3299479166666667 0.2708333333333333 0.044270833333333336 0.07314814814814814
5 0.6013020833333333 0.02824074074074074 0.049479166666666664 0.05648148148148148
7 0.78515625 0.34120370370370373 0.04635416666666667 0.08055555555555556
0 0.7223958333333333 0.3958333333333333 0.05416666666666667 0.08981481481481482
0 0.7794270833333333 0.43657407407407406 0.043229166666666666 0.075
0 0.3421875 0.524074074074074 0.04791666666666667 0.06481481481481481
4 0.7526041666666666 0.5532407407407407 0.041666666666666664 0.0712962962962963
8 0.21875 0.5666666666666667 0.040625 0.07222222222222222
7 0.4778645833333333 0.5800925925925926 0.0421875 0.06944444444444445
8 0.7174479166666666 0.6615740740740741 0.04635416666666667 0.07685185185185185
6 0.33515625 0.06712962962962964 0.04635416666666667 0.07685185185185185
8 0.62578125 0.7662037037037037 0.058854166666666666 0.09722222222222222
0 0.7479166666666667 0.8356481481481481 0.042708333333333334 0.07685185185185185