8 0.48515625 0.11018518518518519 0.0515625 0.1
0 0.4505208333333333 0.15648148148148147 0.042708333333333334 0.07222222222222222
2 0.18619791666666666 0.18425925925925926 0.05572916666666667 0.09074074074074075
4 0.25625 0.2490740740740741 0.03333333333333333 0.053703703703703705
4 0.23411458333333332 0.30092592592592593 0.034895833333333334 0.06481481481481481
4 0.5205729166666667 0.30833333333333335 0.0515625 0.09259259259259259
4 0.21614583333333334 0.35185185185185186 0.04479166666666667 0.07407407407407407
6 0.2830729166666667 0.387037037037037 0.06197916666666667 0.10185185185185185
2 0.43385416666666665 0.3888888888888889 0.03958333333333333 0.07407407407407407
4 0.66953125 0.4083333333333333 0.0578125 0.08888888888888889
4 0.16145833333333334 0.42685185185185187 0.03958333333333333 0.07037037037037037
4 0.22447916666666667 0.46064814814814814 0.03958333333333333 0.06388888888888888
1 0.8028645833333333 0.4648148148148148 0.043229166666666666 0.06481481481481481
2 0.7119791666666667 0.47824074074074074 0.040625 0.06759259259259259
5 0.29973958333333334 0.48564814814814816 0.0578125 0.10092592592592593
8 0.478125 0.5125 0.04479166666666667 0.075
2 0.7497395833333333 0.5296296296296297 0.04114583333333333 0.06296296296296296
7 0.7653645833333333 0.5925925925925926 0.0484375 0.07407407407407407
2 0.7083333333333334 0.7291666666666666 0.04583333333333333 0.06944444444444445
0 0.42630208333333336 0.7560185185185185 0.0515625 0.09537037037037037
7 0.55 0.7671296296296296 0.05520833333333333 0.09537037037037037