8 0.52109375 0.9416666666666667 0.0484375 0.09444444444444444
6 0.58671875 0.1287037037037037 0.0484375 0.08703703703703704
4 0.6278645833333333 0.1388888888888889 0.0390625 0.07407407407407407
8 0.48984375 0.25092592592592594 0.04010416666666667 0.06851851851851852
8 0.7481770833333333 0.2611111111111111 0.04010416666666667 0.06296296296296296
4 0.6002604166666666 0.030555555555555555 0.0359375 0.06111111111111111
0 0.26223958333333336 0.4 0.06614583333333333 0.10740740740740741
6 0.54296875 0.45185185185185184 0.04635416666666667 0.08148148148148149
2 0.4361979166666667 0.4861111111111111 0.0578125 0.11296296296296296
2 0.42734375 0.5842592592592593 0.0484375 0.08333333333333333
2 0.6044270833333333 0.6435185185185185 0.04010416666666667 0.06851851851851852
4 0.4283854166666667 0.7027777777777777 0.04010416666666667 0.07962962962962963
5 0.6518229166666667 0.7712962962962963 0.0640625 0.11666666666666667
1 0.37421875 0.7944444444444444 0.05260416666666667 0.0962962962962963
2 0.7143229166666667 0.8194444444444444 0.0453125 0.07592592592592592
1 0.4596354166666667 0.8962962962962963 0.0359375 0.06296296296296296