0 0.29244791666666664 0.32037037037037036 0.0390625 0.07777777777777778
0 0.3346354166666667 0.3416666666666667 0.05677083333333333 0.09074074074074075
7 0.4669270833333333 0.4046296296296296 0.0546875 0.10555555555555556
1 0.6700520833333333 0.42685185185185187 0.044270833333333336 0.07962962962962963
0 0.60234375 0.48518518518518516 0.05260416666666667 0.08888888888888889
2 0.793484375 0.5055555555555555 0.0453125 0.07777777777777778
0 0.7080729166666667 0.5277777777777778 0.04739583333333333 0.07407407407407407
7 0.48828125 0.5435185185185185 0.0453125 0.07962962962962963
8 0.45338541666666665 0.5796296296296296 0.0359375 0.06666666666666667
6 0.6361979166666667 0.8361111111111111 0.0578125 0.08703703703703704
4 0.67734375 0.8796296296296297 0.04010416666666667 0.07407407407407407
5 0.5486979166666667 0.8861111111111111 0.05364583333333333 0.10925925925925926
1 0.6346354166666667 0.9111111111111111 0.0421875 0.06666666666666667