2 0.5794270833333334 0.19490740740740742 0.03802083333333333 0.062037037037037036
4 0.7505208333333333 0.24027777777777778 0.04583333333333333 0.0787037037037037
4 0.8002604166666667 0.24212962962962964 0.0546875 0.09351851851851851
7 0.44583333333333336 0.35555555555555557 0.046875 0.08703703703703704
7 0.5250885416666667 0.36157407407407405 0.0390625 0.07685185185185185
0 0.5760416666666667 0.38657407407407407 0.06354166666666666 0.11574074074074074
7 0.49322916666666666 0.4097222222222222 0.03958333333333333 0.06574074074074074
4 0.45546875 0.41898148148148145 0.03802083333333333 0.06574074074074074
4 0.7984375 0.41944444444444445 0.04583333333333333 0.07037037037037037
4 0.21119791666666668 0.4310185185185185 0.04114583333333333 0.0712962962962963
6 0.40989583333333335 0.46944444444444444 0.03958333333333333 0.07037037037037037
7 0.46067708333333335 0.48935185185185187 0.044270833333333336 0.08796296296296297
0 0.7713541666666667 0.4925925925925926 0.041666666666666664 0.07222222222222222
0 0.5028645833333333 0.5101851851851852 0.04114583333333333 0.06296296296296296
2 0.59921875 0.5416666666666666 0.0546875 0.08888888888888889
8 0.5405416666666667 0.5783981481481482 0.033854166666666664 0.06481481481481481
2 0.7731770833333333 0.5847222222222223 0.0421875 0.06759259259259259
0 0.4234375 0.6175925925925926 0.05 0.08888888888888889
6 0.54453125 0.6489259259259259 0.0453125 0.06759259259259259
4 0.8135416666666667 0.6995370370370371 0.03229166666666667 0.06759259259259259
0 0.6580729166666667 0.7620370370370371 0.043229166666666666 0.07407407407407407
2 0.6842864583333333 0.8331759259259259 0.033854166666666664 0.062037037037037036
4 0.30234375 0.8675925925925926 0.04010416666666667 0.08518518518518518
2 0.4588541666666667 0.8717592592592592 0.05 0.10092592592592593
8 0.22265625 0.08888888888888889 0.043229166666666666 0.07222222222222222