4 0.6614583333333334 0.3675925925925926 0.029166666666666667 0.06111111111111111
1 0.6184895833333334 0.4828703703703704 0.03802083333333333 0.06574074074074074
7 0.24375 0.5032407407407408 0.041666666666666664 0.06944444444444445
2 0.5427083333333333 0.537962962962963 0.040625 0.06851851851851852
2 0.3927083333333333 0.5638888888888889 0.052083333333333336 0.08888888888888889
0 0.434375 0.5791666666666667 0.035416666666666666 0.06388888888888888
4 0.74453125 0.5796296296296296 0.04635416666666667 0.07037037037037037
4 0.47317708333333336 0.5925925925925926 0.04114583333333333 0.07222222222222222
0 0.27395833333333336 0.6032407407407407 0.04375 0.075
7 0.61684375 0.6282407407407408 0.04375 0.10648148148148148
0 0.6666666666666666 0.6388888888888888 0.06354166666666666 0.10555555555555556
4 0.5427083333333333 0.6564814814814814 0.040625 0.06481481481481481
1 0.49094270833333337 0.6742222222222222 0.03802083333333333 0.062037037037037036
0 0.7515625 0.7023148148148148 0.052083333333333336 0.08796296296296297
7 0.31614583333333335 0.7157407407407408 0.04375 0.07222222222222222
4 0.6838541666666667 0.8310185185185185 0.042708333333333334 0.07685185185185185