7 0.38697916666666665 0.13703703703703704 0.04375 0.09259259259259259
0 0.4505208333333333 0.25787037037037036 0.059375 0.08981481481481482
0 0.3138020833333333 0.3662037037037037 0.0671875 0.09722222222222222
4 0.7049479166666667 0.37083333333333335 0.04635416666666667 0.0787037037037037
7 0.5971354166666667 0.3736111111111111 0.0578125 0.12685185185185185
0 0.6606770833333333 0.38101851851851853 0.04739583333333333 0.08055555555555556
2 0.20286458333333332 0.4824074074074074 0.05364583333333333 0.07592592592592592
5 0.61328125 0.5773148148148148 0.0578125 0.08981481481481482
0 0.56171875 0.6027777777777777 0.05260416666666667 0.08518518518518518
8 0.3932291666666667 0.649074074074074 0.04479166666666667 0.07592592592592592
1 0.196875 0.6513888888888889 0.05520833333333333 0.0712962962962963
6 0.3411458333333333 0.675 0.059375 0.1037037037037037
1 0.30416666666666664 0.09027777777777778 0.04791666666666667 0.06944444444444445