8 0.44765625 0.9263888888888889 0.0515625 0.08796296296296297
6 0.62421875 0.9546296296296296 0.06510416666666667 0.08888888888888889
0 0.478125 0.9717592592592592 0.042708333333333334 0.05462962962962963
0 0.67734375 0.2310185185185185 0.04635416666666667 0.08611111111111111
0 0.45260416666666664 0.29398148148148145 0.041666666666666664 0.06759259259259259
2 0.2755208333333333 0.32592592592592595 0.03958333333333333 0.07222222222222222
8 0.53515625 0.3402777777777778 0.04739583333333333 0.09351851851851851
7 0.46875 0.3638888888888889 0.042708333333333334 0.07037037037037037
7 0.49409895833333334 0.4103425925925926 0.036458333333333336 0.062037037037037036
6 0.43255208333333334 0.4148148148148148 0.03802083333333333 0.05740740740740741
2 0.7609375 0.44074074074074077 0.04583333333333333 0.08703703703703704
0 0.4510416666666667 0.4601851851851852 0.040625 0.07037037037037037
0 0.49973958333333335 0.49166666666666664 0.0515625 0.08888888888888889
8 0.5325520833333334 0.6486111111111111 0.04010416666666667 0.058333333333333334
7 0.36875 0.7407407407407407 0.040625 0.09074074074074075
4 0.5388020833333333 0.7453703703703703 0.04010416666666667 0.08148148148148149
1 0.41041666666666665 0.7796296296296297 0.042708333333333334 0.06851851851851852
2 0.6390625 0.787962962962963 0.04791666666666667 0.07407407407407407
2 0.43984375 0.08472222222222223 0.0359375 0.075