7 0.7200520833333334 0.11296296296296296 0.04114583333333333 0.07777777777777778
4 0.21328125 0.24722222222222223 0.0484375 0.07962962962962963
4 0.7315104166666667 0.26944444444444443 0.04114583333333333 0.07962962962962963
7 0.40130208333333334 0.2972222222222222 0.030729166666666665 0.05740740740740741
8 0.5455729166666666 0.31296296296296294 0.0421875 0.07777777777777778
0 0.5966145833333333 0.35462962962962963 0.05260416666666667 0.09074074074074075
0 0.41953125 0.3685185185185185 0.04010416666666667 0.05925925925925926
4 0.37578125 0.4046296296296296 0.03802083333333333 0.06851851851851852
2 0.44140625 0.4935185185185185 0.03177083333333333 0.05740740740740741
6 0.578390625 0.49537037037037035 0.043229166666666666 0.06481481481481481
8 0.46171875 0.5388888888888889 0.0328125 0.06296296296296296
6 0.38046875 0.5722222222222222 0.04739583333333333 0.08148148148148149
2 0.25078125 0.6685185185185185 0.03802083333333333 0.08518518518518518
4 0.20338541666666668 0.674074074074074 0.05364583333333333 0.08888888888888889
0 0.30390625 0.6851851851851852 0.03802083333333333 0.06666666666666667
2 0.6580729166666667 0.7731481481481481 0.0359375 0.05740740740740741
4 0.6096354166666667 0.08518518518518518 0.0390625 0.07407407407407407