7 0.384152719665272 0.16651119402985073 0.04236401673640167 0.08488805970149253
8 0.5546548117154811 0.20289179104477612 0.05177824267782427 0.09421641791044776
8 0.3956589958158996 0.2355410447761194 0.040271966527196654 0.07555970149253731
2 0.5985878661087866 0.24067164179104478 0.047594142259414225 0.08395522388059702
2 0.48064853556485354 0.26026119402985076 0.03556485355648536 0.06902985074626866
2 0.6514121338912134 0.2630597014925373 0.03713389121338912 0.06343283582089553
1 0.412918410041841 0.2891791044776119 0.040271966527196654 0.0708955223880597
2 0.6662290794979079 0.3359794776119403 0.04236401673640167 0.07555970149253731
8 0.5617154811715481 0.3414179104477612 0.04079497907949791 0.07276119402985075
1 0.45188284518828453 0.35027985074626866 0.03765690376569038 0.06623134328358209
0 0.41422594142259417 0.355410447761194 0.03765690376569038 0.06343283582089553
0 0.5933577405857741 0.41044776119402987 0.038179916317991634 0.07462686567164178
8 0.2962866108786611 0.48600746268656714 0.04654811715481171 0.0708955223880597
8 0.5990219665271966 0.4906716417910448 0.051255230125523014 0.0914179104477612
2 0.3967050209205021 0.6282649253731343 0.03608786610878661 0.05690298507462686
4 0.47044979079497906 0.753731343283582 0.045502092050209206 0.07462686567164178
4 0.634152719665272 0.7649253731343284 0.03190376569037657 0.055970149253731345
0 0.6263075313807531 0.8264925373134329 0.04236401673640167 0.07276119402985075