0 0.6083333333333333 0.9305555555555556 0.04895833333333333 0.08888888888888889
0 0.40703125 0.9574074074074074 0.05677083333333333 0.08333333333333333
6 0.19557291666666668 0.19953703703703704 0.050520833333333334 0.0787037037037037
0 0.6848958333333334 0.24212962962962964 0.041666666666666664 0.075
5 0.71796875 0.3060185185185185 0.05260416666666667 0.10833333333333334
2 0.2015625 0.31203703703703706 0.05416666666666667 0.09259259259259259
0 0.6723958333333333 0.3337962962962963 0.0375 0.07314814814814814
2 0.5786458333333333 0.37546296296296294 0.052083333333333336 0.10462962962962963
2 0.5205729166666667 0.3925925925925926 0.04010416666666667 0.07222222222222222
6 0.8341145833333333 0.39861111111111114 0.033854166666666664 0.06944444444444445
7 0.6727447916666667 0.45756481481481487 0.03958333333333333 0.06388888888888888
8 0.7177083333333333 0.46064814814814814 0.04895833333333333 0.09351851851851851
8 0.46041666666666664 0.46064814814814814 0.040625 0.06759259259259259
0 0.5255208333333333 0.46296296296296297 0.04791666666666667 0.08703703703703704
7 0.8322916666666667 0.48518518518518516 0.036458333333333336 0.07222222222222222
4 0.3904479166666667 0.487962962962963 0.04583333333333333 0.07777777777777778
7 0.3858489583333334 0.049074074074074076 0.0546875 0.09814814814814815
2 0.6265625 0.5064814814814815 0.029166666666666667 0.06296296296296296
1 0.5128489583333333 0.5287037037037037 0.040625 0.05925925925925926
0 0.6947916666666667 0.538425925925926 0.036458333333333336 0.0712962962962963
2 0.7333333333333333 0.5486111111111112 0.03854166666666667 0.06574074074074074
4 0.6174479166666667 0.5671296296296297 0.0421875 0.06574074074074074
7 0.3963541666666667 0.5731481481481482 0.052083333333333336 0.08518518518518518
0 0.6614583333333334 0.5810185185185185 0.04479166666666667 0.08611111111111111
0 0.5239583333333333 0.5902777777777778 0.03854166666666667 0.0712962962962963
6 0.48072916666666665 0.6185185185185185 0.058333333333333334 0.10185185185185185
8 0.8341145833333333 0.6217592592592592 0.04010416666666667 0.0712962962962963
0 0.6275989583333333 0.6276203703703704 0.03958333333333333 0.07314814814814814
5 0.18828125 0.06435185185185185 0.044270833333333336 0.0824074074074074
2 0.5270833333333333 0.6550925925925926 0.03854166666666667 0.06388888888888888
8 0.34427083333333336 0.6712962962962963 0.04791666666666667 0.07037037037037037
7 0.7080729166666667 0.6902777777777778 0.044270833333333336 0.0787037037037037
5 0.41119791666666666 0.6986111111111111 0.0609375 0.10648148148148148
1 0.4735260416666666 0.7021574074074074 0.03697916666666667 0.07407407407407407
8 0.5953125 0.7333333333333333 0.05416666666666667 0.09444444444444444
2 0.7841145833333333 0.7550925925925925 0.0421875 0.0824074074074074
2 0.521875 0.7574074074074074 0.06145833333333333 0.11296296296296296
0 0.69809375 0.7675925925925926 0.05416666666666667 0.0962962962962963
0 0.6390625 0.7763888888888889 0.052083333333333336 0.08425925925925926
2 0.35225520833333335 0.8024722222222221 0.0375 0.07222222222222222
0 0.4678802083333334 0.8024722222222221 0.06041666666666667 0.11666666666666667
8 0.5606770833333333 0.8148148148148148 0.0390625 0.06851851851851852
8 0.39401041666666664 0.85 0.0453125 0.07592592592592592
2 0.6223958333333334 0.8587962962962963 0.03958333333333333 0.075
8 0.6651041666666667 0.8601851851851852 0.03958333333333333 0.07407407407407407
0 0.284375 0.8657407407407407 0.042708333333333334 0.07777777777777778
2 0.5855885416666666 0.8703611111111111 0.0375 0.07222222222222222
6 0.8263020833333333 0.8944444444444445 0.0703125 0.10555555555555556
4 0.33515625 0.9018518518518519 0.0421875 0.08333333333333333
7 0.37213541666666666 0.9162037037037037 0.049479166666666664 0.10092592592592593