2 0.4236979166666667 0.14166666666666666 0.050520833333333334 0.06851851851851852
2 0.67734375 0.19074074074074074 0.0515625 0.09259259259259259
0 0.7846354166666667 0.22407407407407406 0.043229166666666666 0.08888888888888889
4 0.5825520833333333 0.2388888888888889 0.0296875 0.05185185185185185
1 0.4388020833333333 0.24259259259259258 0.06510416666666667 0.10740740740740741
4 0.2981770833333333 0.24722222222222223 0.05364583333333333 0.07962962962962963
4 0.3419270833333333 0.27314814814814814 0.0484375 0.08703703703703704
4 0.5450520833333333 0.275 0.04114583333333333 0.09814814814814815
8 0.7184895833333333 0.02962962962962963 0.0515625 0.05925925925925926
0 0.24557291666666667 0.3990740740740741 0.04010416666666667 0.08333333333333333
8 0.3924479166666667 0.4583333333333333 0.0421875 0.08703703703703704
4 0.5299479166666666 0.5694444444444444 0.058854166666666666 0.08333333333333333
4 0.63046875 0.575925925925926 0.043229166666666666 0.09259259259259259
8 0.8268229166666666 0.062037037037037036 0.0609375 0.10555555555555556
0 0.5158854166666667 0.6277777777777778 0.043229166666666666 0.07777777777777778
4 0.6799479166666667 0.7324074074074074 0.06822916666666666 0.10555555555555556
0 0.34817708333333336 0.7342592592592593 0.0640625 0.09074074074074075
8 0.6106770833333334 0.7620370370370371 0.06197916666666667 0.09444444444444444
0 0.33984375 0.8675925925925926 0.08072916666666667 0.12777777777777777
4 0.5867239583333334 0.8888888888888888 0.0515625 0.1