6 0.7984375 0.9541666666666667 0.07916666666666666 0.08981481481481482
4 0.5893229166666667 0.9587962962962963 0.04635416666666667 0.08055555555555556
6 0.5567708333333333 0.16018518518518518 0.035416666666666666 0.07037037037037037
2 0.42994791666666665 0.018055555555555554 0.04010416666666667 0.03611111111111111
8 0.40963541666666664 0.18194444444444444 0.0515625 0.08611111111111111
0 0.36380208333333336 0.19953703703703704 0.0515625 0.09722222222222222
2 0.27395833333333336 0.2023148148148148 0.05 0.08796296296296297
2 0.79296875 0.24537037037037038 0.03697916666666667 0.06111111111111111
0 0.23541666666666666 0.31712962962962965 0.0375 0.06944444444444445
2 0.7354166666666667 0.3296296296296296 0.059375 0.09074074074074075
8 0.4828125 0.03333333333333333 0.040625 0.06296296296296296
4 0.4703125 0.33935185185185185 0.04479166666666667 0.07685185185185185
6 0.6481770833333333 0.37222222222222223 0.043229166666666666 0.05555555555555555
2 0.49921875 0.38472222222222224 0.0515625 0.0787037037037037
2 0.7916666666666666 0.38842592592592595 0.040625 0.06944444444444445
4 0.7666666666666667 0.42314814814814816 0.04375 0.05555555555555555
8 0.41510416666666666 0.45 0.03854166666666667 0.07037037037037037
2 0.5885416666666666 0.4537037037037037 0.035416666666666666 0.06111111111111111
4 0.46770833333333334 0.45740740740740743 0.0375 0.06296296296296296
2 0.5026041666666666 0.46944444444444444 0.03958333333333333 0.06296296296296296
4 0.23177083333333334 0.5009259259259259 0.05 0.07222222222222222
0 0.4109375 0.5087962962962963 0.03333333333333333 0.06018518518518518
7 0.6028645833333334 0.5092592592592593 0.043229166666666666 0.07407407407407407
7 0.5282083333333333 0.5125 0.03697916666666667 0.06759259259259259
0 0.6190104166666667 0.05277777777777778 0.06197916666666667 0.10555555555555556
8 0.4778645833333333 0.5462962962962963 0.03177083333333333 0.06111111111111111
0 0.5111979166666667 0.5643518518518519 0.0359375 0.06759259259259259
1 0.41901041666666666 0.5675925925925925 0.034895833333333334 0.06481481481481481
0 0.6325520833333333 0.5935185185185186 0.043229166666666666 0.07222222222222222
1 0.3359375 0.5958333333333333 0.05 0.08425925925925926
2 0.4583333333333333 0.6018518518518519 0.03958333333333333 0.07407407407407407
0 0.5395833333333333 0.6152777777777778 0.04375 0.06759259259259259
7 0.7583333333333333 0.6689814814814815 0.04375 0.075
2 0.8114583333333333 0.7101851851851851 0.03958333333333333 0.06296296296296296
0 0.72265625 0.07314814814814814 0.05364583333333333 0.09074074074074075
7 0.4640625 0.7902777777777777 0.05 0.09351851851851851
2 0.49557291666666664 0.8476851851851852 0.04114583333333333 0.075
7 0.5546875 0.08842592592592592 0.04583333333333333 0.0787037037037037
4 0.66796875 0.8939814814814815 0.04739583333333333 0.0787037037037037
7 0.44878645833333336 0.09089814814814816 0.05 0.09537037037037037