6 0.38828125 0.3509259259259259 0.04635416666666667 0.08518518518518518
4 0.19817708333333334 0.04398148148148148 0.06302083333333333 0.08796296296296297
2 0.38828125 0.43796296296296294 0.05260416666666667 0.08333333333333333
4 0.3380208333333333 0.4666666666666667 0.042708333333333334 0.07592592592592592
4 0.5744791666666667 0.5777777777777777 0.05416666666666667 0.12222222222222222
8 0.32317708333333334 0.5833333333333334 0.04114583333333333 0.08333333333333333
7 0.47760416666666666 0.600462962962963 0.058333333333333334 0.09907407407407408
0 0.5286458333333334 0.6402777777777777 0.05520833333333333 0.07685185185185185
4 0.45286458333333335 0.8055555555555556 0.06614583333333333 0.10185185185185185
8 0.4513020833333333 0.8740740740740741 0.04010416666666667 0.07222222222222222
4 0.49557291666666664 0.8824074074074074 0.0484375 0.08333333333333333
8 0.32395833333333335 0.8851851851851852 0.04791666666666667 0.09444444444444444