8 0.43559375 0.10601851851851851 0.05625 0.09166666666666666
0 0.8140625 0.14907407407407408 0.042708333333333334 0.07037037037037037
4 0.83828125 0.19675925925925927 0.0421875 0.06574074074074074
0 0.3377604166666667 0.2 0.04114583333333333 0.07037037037037037
6 0.49505208333333334 0.26296296296296295 0.0484375 0.09074074074074075
1 0.8401041666666667 0.35555555555555557 0.04375 0.07222222222222222
0 0.7388020833333333 0.4050925925925926 0.0515625 0.09722222222222222
4 0.8434895833333333 0.42916666666666664 0.0421875 0.06574074074074074
4 0.81875 0.04537037037037037 0.0375 0.07222222222222222
4 0.5677083333333334 0.47638888888888886 0.03958333333333333 0.07685185185185185
6 0.59921875 0.5074074074074074 0.0359375 0.06481481481481481
7 0.20026041666666666 0.5138888888888888 0.0421875 0.06481481481481481
6 0.5606770833333333 0.575462962962963 0.04635416666666667 0.07685185185185185
8 0.51484375 0.5879629629629629 0.0515625 0.09259259259259259
4 0.38177083333333334 0.6078703703703704 0.051041666666666666 0.08611111111111111
1 0.6330729166666667 0.6134259259259259 0.0359375 0.0787037037037037
7 0.30130208333333336 0.625462962962963 0.043229166666666666 0.075
4 0.637328125 0.7217592592592592 0.0375 0.06944444444444445
0 0.27838541666666666 0.7273148148148149 0.0421875 0.06944444444444445
2 0.24479166666666666 0.7699074074074074 0.05 0.08611111111111111