6 0.6671875 0.19907407407407407 0.0625 0.11851851851851852
5 0.6075520833333333 0.22361111111111112 0.06197916666666667 0.10462962962962963
1 0.48828125 0.24444444444444444 0.050520833333333334 0.08703703703703704
7 0.5541666666666667 0.26157407407407407 0.042708333333333334 0.08425925925925926
2 0.4627604166666667 0.31574074074074077 0.0578125 0.08518518518518518
8 0.6286458333333333 0.3384259259259259 0.05625 0.09722222222222222
0 0.46197916666666666 0.41574074074074074 0.05416666666666667 0.1
7 0.6703125 0.5027777777777778 0.05 0.07407407407407407
4 0.5385416666666667 0.5435185185185185 0.04479166666666667 0.07777777777777778
7 0.7283854166666667 0.5537037037037037 0.0453125 0.09814814814814815
1 0.44296875 0.7694444444444445 0.0453125 0.07037037037037037
4 0.49973958333333335 0.8148148148148148 0.044270833333333336 0.08703703703703704
4 0.4434895833333333 0.08611111111111111 0.04635416666666667 0.07037037037037037