7 0.6315104166666666 0.09398148148148149 0.043229166666666666 0.075
2 0.26484375 0.9384259259259259 0.03697916666666667 0.05648148148148148
1 0.21380208333333334 0.9657407407407408 0.0390625 0.06666666666666667
2 0.6065104166666667 0.9694444444444444 0.0390625 0.05925925925925926
2 0.18255208333333334 0.9731481481481481 0.03697916666666667 0.05185185185185185
7 0.8078125 0.9740740740740741 0.052083333333333336 0.05
4 0.56171875 0.9768518518518519 0.0453125 0.044444444444444446
2 0.5106770833333333 0.11574074074074074 0.04739583333333333 0.09259259259259259
8 0.66171875 0.1337962962962963 0.034895833333333334 0.06944444444444445
2 0.5669270833333333 0.1412037037037037 0.0390625 0.07685185185185185
1 0.62109375 0.15231481481481482 0.04114583333333333 0.06574074074074074
2 0.46588541666666666 0.15416666666666667 0.0390625 0.06944444444444445
6 0.19973958333333333 0.2013888888888889 0.050520833333333334 0.0824074074074074
8 0.47239583333333335 0.21805555555555556 0.04375 0.0712962962962963
0 0.6890625 0.21851851851851853 0.0375 0.06851851851851852
7 0.611453125 0.2212962962962963 0.040625 0.07407407407407407
2 0.5484375 0.24814814814814815 0.0375 0.07222222222222222
4 0.8200520833333333 0.2796296296296296 0.04739583333333333 0.07592592592592592
2 0.60703125 0.29398148148148145 0.0484375 0.0824074074074074
6 0.43046875 0.3138888888888889 0.03697916666666667 0.06666666666666667
4 0.6690104166666667 0.3143518518518518 0.0390625 0.0787037037037037
2 0.20104166666666667 0.3148148148148148 0.05520833333333333 0.09444444444444444
8 0.7809895833333333 0.3236111111111111 0.04010416666666667 0.075
4 0.5734375 0.3337962962962963 0.03958333333333333 0.07314814814814814
4 0.5057291666666667 0.33564814814814814 0.035416666666666666 0.06944444444444445
8 0.34713541666666664 0.3578703703703704 0.043229166666666666 0.06574074074074074
0 0.7486979166666666 0.36666666666666664 0.0484375 0.08333333333333333
6 0.83515625 0.3875 0.033854166666666664 0.06574074074074074
0 0.38229166666666664 0.38842592592592595 0.04895833333333333 0.08981481481481482
6 0.3059895833333333 0.3888888888888889 0.0609375 0.10185185185185185
2 0.7109375 0.38935185185185184 0.04375 0.06944444444444445
4 0.6057291666666667 0.4009259259259259 0.03958333333333333 0.07777777777777778
2 0.4236979166666667 0.40555555555555556 0.03802083333333333 0.06851851851851852
6 0.490625 0.4134259259259259 0.05520833333333333 0.11388888888888889
7 0.5619791666666667 0.41574074074074074 0.04791666666666667 0.09259259259259259
7 0.8174479166666667 0.42314814814814816 0.0359375 0.07407407407407407
0 0.25807291666666665 0.4337962962962963 0.0546875 0.08425925925925926
2 0.7015625 0.44537037037037036 0.0375 0.06296296296296296
0 0.77734375 0.45925925925925926 0.0578125 0.10925925925925926
0 0.44765625 0.4597222222222222 0.0421875 0.08796296296296297
8 0.834375 0.4708333333333333 0.034375 0.06944444444444445
5 0.203125 0.487962962962963 0.06354166666666666 0.1
1 0.7385416666666667 0.4912037037037037 0.034375 0.06944444444444445
6 0.6328125 0.5055555555555555 0.04791666666666667 0.07962962962962963
7 0.3809895833333333 0.05092592592592592 0.0546875 0.0962962962962963
2 0.815625 0.5111111111111111 0.040625 0.06481481481481481
8 0.3802083333333333 0.5212962962962963 0.053125 0.0962962962962963
0 0.48489583333333336 0.524537037037037 0.06041666666666667 0.10648148148148148
4 0.29973958333333334 0.5254629629629629 0.050520833333333334 0.0712962962962963
4 0.7044270833333334 0.5268518518518519 0.0390625 0.07407407407407407
2 0.26015625 0.5333333333333333 0.0421875 0.07222222222222222
8 0.6614583333333334 0.5564814814814815 0.03854166666666667 0.07037037037037037
6 0.7875 0.5689814814814815 0.05520833333333333 0.11388888888888889
4 0.21666666666666667 0.5722222222222222 0.040625 0.07592592592592592
1 0.2574583333333333 0.5955277777777778 0.0375 0.06574074074074074
0 0.30546875 0.5976851851851852 0.04739583333333333 0.08611111111111111
4 0.74609375 0.5990740740740741 0.043229166666666666 0.07777777777777778
5 0.3414010416666667 0.6083333333333333 0.04010416666666667 0.07777777777777778
2 0.43515625 0.6319444444444444 0.03802083333333333 0.08055555555555556
0 0.3807291666666667 0.6328703703703704 0.035416666666666666 0.0712962962962963
0 0.19557291666666668 0.6333333333333333 0.0546875 0.09444444444444444
1 0.46901041666666665 0.6513888888888889 0.03697916666666667 0.075
4 0.7643229166666666 0.6541666666666667 0.0421875 0.06944444444444445
0 0.2328125 0.6625 0.03333333333333333 0.06388888888888888
0 0.32473958333333336 0.6643518518518519 0.0453125 0.062037037037037036
2 0.715625 0.6648148148148149 0.042708333333333334 0.08333333333333333
0 0.29296875 0.674537037037037 0.0046875 0.000925925925925926
7 0.66875 0.6847222222222222 0.04895833333333333 0.10833333333333334
0 0.2736927083333333 0.6847222222222222 0.058854166666666666 0.10462962962962963
0 0.7438385416666667 0.7138796296296296 0.03802083333333333 0.07407407407407407
5 0.1875 0.07222222222222222 0.042708333333333334 0.09074074074074075
5 0.8118072916666667 0.7248333333333333 0.059375 0.09722222222222222
4 0.3263020833333333 0.7263888888888889 0.04114583333333333 0.07685185185185185
4 0.20833333333333334 0.762962962962963 0.05520833333333333 0.08703703703703704
7 0.275 0.7726851851851851 0.04479166666666667 0.06944444444444445
2 0.5734375 0.7814814814814814 0.05625 0.10555555555555556
8 0.23098958333333333 0.8277777777777777 0.0484375 0.07962962962962963
0 0.18984375 0.8347222222222223 0.0453125 0.0712962962962963
0 0.7857604166666667 0.8467592592592592 0.046875 0.08055555555555556
4 0.2375 0.8976851851851851 0.04479166666666667 0.0712962962962963
2 0.36041666666666666 0.8981481481481481 0.053125 0.09074074074074075
8 0.19088541666666667 0.9046296296296297 0.04114583333333333 0.06666666666666667
7 0.8135416666666667 0.9157407407407407 0.036458333333333336 0.08148148148148149
7 0.8424479166666666 0.9231481481481482 0.0359375 0.1111111111111111