2 0.70859375 0.9291666666666667 0.0421875 0.0824074074074074
0 0.7760416666666666 0.13055555555555556 0.040625 0.07037037037037037
2 0.484375 0.1574074074074074 0.040625 0.06111111111111111
8 0.8057291666666667 0.17453703703703705 0.041666666666666664 0.08796296296296297
7 0.5356770833333333 0.17777777777777778 0.044270833333333336 0.07222222222222222
4 0.47760416666666666 0.23055555555555557 0.04583333333333333 0.07777777777777778
7 0.18880208333333334 0.24537037037037038 0.044270833333333336 0.07037037037037037
7 0.20807291666666666 0.30925925925925923 0.04739583333333333 0.06851851851851852
0 0.5015625 0.3199074074074074 0.04375 0.0712962962962963
5 0.475 0.41003703703703703 0.034375 0.075
6 0.437671875 0.4279351851851852 0.041666666666666664 0.06388888888888888
8 0.2557291666666667 0.5470740740740742 0.0375 0.0712962962962963
2 0.6684895833333333 0.5717592592592593 0.03697916666666667 0.0712962962962963
7 0.48359375 0.587037037037037 0.04010416666666667 0.06851851851851852
4 0.6846354166666667 0.6175925925925926 0.0296875 0.06666666666666667
2 0.38889062500000005 0.6703796296296296 0.053125 0.09444444444444444
6 0.46875 0.6944444444444444 0.06354166666666666 0.11666666666666667
8 0.71328125 0.8513888888888889 0.0578125 0.08981481481481482