7 0.45625 0.3013888888888889 0.034375 0.06574074074074074
4 0.7893229166666667 0.3509259259259259 0.044270833333333336 0.07407407407407407
4 0.47994791666666664 0.362962962962963 0.04114583333333333 0.07592592592592592
7 0.35520833333333335 0.475462962962963 0.05520833333333333 0.08796296296296297
6 0.5981770833333333 0.49675925925925923 0.058854166666666666 0.125
4 0.64609375 0.5736111111111111 0.03697916666666667 0.08055555555555556
0 0.42291666666666666 0.5981481481481481 0.035416666666666666 0.06851851851851852
0 0.41640625 0.6800925925925926 0.0390625 0.0712962962962963
2 0.37890625 0.6865740740740741 0.03697916666666667 0.0712962962962963
2 0.4796875 0.7347222222222223 0.05 0.08796296296296297
7 0.453125 0.812037037037037 0.03333333333333333 0.06666666666666667