8 0.20416666666666666 0.23287037037037037 0.04479166666666667 0.07685185185185185
2 0.32057291666666665 0.26990740740740743 0.043229166666666666 0.06759259259259259
2 0.6975729166666667 0.2833333333333333 0.04375 0.07037037037037037
2 0.29322916666666665 0.3587962962962963 0.03333333333333333 0.06018518518518518
0 0.6953125 0.3902777777777778 0.03958333333333333 0.07685185185185185
0 0.246875 0.49166666666666664 0.03854166666666667 0.07222222222222222
2 0.6690104166666667 0.49953703703703706 0.03697916666666667 0.06759259259259259
4 0.7260416666666667 0.5425925925925926 0.04479166666666667 0.07222222222222222
0 0.46380208333333334 0.5861111111111111 0.0359375 0.07037037037037037
5 0.3609375 0.6662037037037037 0.03854166666666667 0.06759259259259259
0 0.4278645833333333 0.6861111111111111 0.04114583333333333 0.07222222222222222
4 0.53671875 0.7092592592592593 0.050520833333333334 0.09074074074074075
7 0.30859375 0.7134259259259259 0.043229166666666666 0.06574074074074074
2 0.3458333333333333 0.7375 0.03333333333333333 0.058333333333333334
6 0.65390625 0.75 0.0515625 0.09259259259259259
1 0.46484375 0.8597222222222223 0.0421875 0.075