0 0.29791666666666666 0.2388888888888889 0.040625 0.07592592592592592
2 0.2515625 0.27314814814814814 0.04583333333333333 0.07407407407407407
0 0.7721354166666666 0.2759259259259259 0.049479166666666664 0.07592592592592592
2 0.4434895833333333 0.36064814814814816 0.04010416666666667 0.075
8 0.3341145833333333 0.37222222222222223 0.05260416666666667 0.09074074074074075
8 0.221875 0.40046296296296297 0.046875 0.07685185185185185
0 0.66484375 0.45555555555555555 0.0640625 0.10925925925925926
7 0.28567708333333336 0.5018518518518519 0.043229166666666666 0.07592592592592592
1 0.7135416666666666 0.5074074074074074 0.053125 0.09444444444444444
2 0.21588541666666666 0.5689814814814815 0.0390625 0.07685185185185185
0 0.5958333333333333 0.5851851851851851 0.042708333333333334 0.08333333333333333
4 0.34704687500000003 0.6888888888888889 0.04375 0.07962962962962963
4 0.6815104166666667 0.6981481481481482 0.043229166666666666 0.08333333333333333
6 0.41953125 0.7087962962962963 0.050520833333333334 0.09351851851851851
4 0.4907083333333333 0.7436759259259259 0.0421875 0.08055555555555556
4 0.35651041666666666 0.8731481481481481 0.0453125 0.08518518518518518