1 0.5768229166666666 0.9342592592592592 0.03802083333333333 0.07962962962962963
6 0.8265625 0.9365740740740741 0.07291666666666667 0.125
8 0.6216145833333333 0.9444444444444444 0.04010416666666667 0.07037037037037037
2 0.66875 0.9541666666666667 0.04895833333333333 0.08981481481481482
2 0.18723958333333332 0.9555555555555556 0.04010416666666667 0.06666666666666667
7 0.40572916666666664 0.9634259259259259 0.04583333333333333 0.0712962962962963
2 0.4901041666666667 0.9643518518518519 0.035416666666666666 0.06944444444444445
7 0.2328125 0.9662037037037037 0.05625 0.06574074074074074
0 0.44375 0.9671296296296297 0.04479166666666667 0.06388888888888888
6 0.5489583333333333 0.9745370370370371 0.06770833333333333 0.049074074074074076
8 0.28802083333333334 0.9745370370370371 0.04791666666666667 0.049074074074074076
2 0.41953125 0.18611111111111112 0.050520833333333334 0.08333333333333333
4 0.7440104166666667 0.2814814814814815 0.05572916666666667 0.1037037037037037
8 0.35234375 0.3074074074074074 0.04114583333333333 0.07777777777777778
7 0.5643229166666667 0.337037037037037 0.0484375 0.07777777777777778
4 0.7440104166666667 0.35185185185185186 0.030729166666666665 0.07407407407407407
4 0.49453125 0.3907407407407407 0.0484375 0.08148148148148149
2 0.67578125 0.39444444444444443 0.06302083333333333 0.1259259259259259
1 0.7653645833333333 0.4148148148148148 0.04635416666666667 0.08148148148148149
4 0.8028645833333333 0.4166666666666667 0.05260416666666667 0.0962962962962963
7 0.30442708333333335 0.43148148148148147 0.04739583333333333 0.08888888888888889
4 0.51015625 0.44537037037037036 0.0421875 0.08703703703703704
4 0.65703125 0.4824074074074074 0.04635416666666667 0.07592592592592592
0 0.37838541666666664 0.4824074074074074 0.05572916666666667 0.09814814814814815
8 0.33515625 0.49074074074074076 0.04635416666666667 0.08518518518518518
4 0.22369791666666666 0.49444444444444446 0.044270833333333336 0.07037037037037037
0 0.30130208333333336 0.5314814814814814 0.0515625 0.09259259259259259
4 0.6559895833333333 0.5361111111111111 0.0484375 0.07962962962962963
7 0.6888020833333334 0.5472222222222223 0.058854166666666666 0.09814814814814815
1 0.24401041666666667 0.5472222222222223 0.0453125 0.08333333333333333
6 0.4075520833333333 0.5555555555555556 0.05572916666666667 0.09259259259259259
2 0.51015625 0.5601851851851852 0.0484375 0.09814814814814815
0 0.4596354166666667 0.5861111111111111 0.06197916666666667 0.11296296296296296
7 0.6361979166666667 0.5916666666666667 0.033854166666666664 0.08333333333333333
8 0.33619791666666665 0.5925925925925926 0.0515625 0.09259259259259259
0 0.2721354166666667 0.6046296296296296 0.03697916666666667 0.07592592592592592
7 0.6736979166666667 0.6101851851851852 0.0390625 0.06851851851851852
0 0.75390625 0.6175925925925926 0.06510416666666667 0.12407407407407407
2 0.23984375 0.6370370370370371 0.0453125 0.07037037037037037
2 0.6372395833333333 0.6703703703703704 0.0421875 0.08888888888888889
4 0.7106770833333333 0.6814814814814815 0.06197916666666667 0.0962962962962963
6 0.20130208333333333 0.6935185185185185 0.06614583333333333 0.09444444444444444
1 0.3580729166666667 0.737037037037037 0.0484375 0.08888888888888889
6 0.4283854166666667 0.7583333333333333 0.07239583333333334 0.13518518518518519
1 0.71015625 0.7731481481481481 0.058854166666666666 0.10555555555555556
5 0.7856770833333333 0.7833333333333333 0.0703125 0.1111111111111111
1 0.56015625 0.787962962962963 0.05677083333333333 0.09074074074074075
2 0.22526041666666666 0.8064814814814815 0.06614583333333333 0.09814814814814815
2 0.6580729166666667 0.8398148148148148 0.0484375 0.09814814814814815
6 0.525 0.8481481481481481 0.042708333333333334 0.08148148148148149
0 0.4434895833333333 0.8629629629629629 0.06927083333333334 0.11481481481481481
4 0.22630208333333332 0.8759259259259259 0.0578125 0.07037037037037037
2 0.37109375 0.8777777777777778 0.0453125 0.07407407407407407
4 0.4778645833333333 0.9046296296296297 0.058854166666666666 0.08333333333333333
8 0.39817708333333335 0.9101851851851852 0.04635416666666667 0.07962962962962963
2 0.30859375 0.9157407407407407 0.06614583333333333 0.10925925925925926
0 0.5205729166666667 0.9166666666666666 0.06302083333333333 0.1
2 0.21953125 0.924074074074074 0.04635416666666667 0.06666666666666667