2 0.79140625 0.9305555555555556 0.0390625 0.05740740740740741
2 0.7502604166666667 0.9351851851851852 0.058854166666666666 0.09259259259259259
0 0.60625 0.9689814814814814 0.057291666666666664 0.06018518518518518
2 0.3697916666666667 0.9736111111111111 0.04895833333333333 0.05092592592592592
4 0.66796875 0.11018518518518519 0.0421875 0.09074074074074075
2 0.7044270833333334 0.12777777777777777 0.05677083333333333 0.08888888888888889
4 0.7815104166666667 0.15 0.044270833333333336 0.07777777777777778
4 0.6356770833333333 0.18055555555555555 0.06614583333333333 0.09444444444444444
7 0.72265625 0.2175925925925926 0.04635416666666667 0.07592592592592592
6 0.17369791666666667 0.225 0.04114583333333333 0.09074074074074075
2 0.35234375 0.23148148148148148 0.04010416666666667 0.07777777777777778
6 0.7622395833333333 0.24722222222222223 0.05572916666666667 0.08703703703703704
2 0.58046875 0.275 0.05677083333333333 0.09074074074074075
7 0.7080729166666667 0.28055555555555556 0.05364583333333333 0.06111111111111111
0 0.36796875 0.3 0.06510416666666667 0.10740740740740741
7 0.6247395833333333 0.31203703703703706 0.0453125 0.07222222222222222
0 0.2591145833333333 0.3148148148148148 0.0640625 0.0962962962962963
0 0.6778645833333333 0.31666666666666665 0.0453125 0.07407407407407407
6 0.7346354166666667 0.3574074074074074 0.07864583333333333 0.10740740740740741
4 0.38255208333333335 0.37962962962962965 0.04635416666666667 0.07407407407407407
7 0.70234375 0.39351851851851855 0.059895833333333336 0.11666666666666667
0 0.34609375 0.3990740740740741 0.058854166666666666 0.07962962962962963
7 0.29609375 0.4 0.05260416666666667 0.1111111111111111
0 0.5205729166666667 0.41203703703703703 0.04739583333333333 0.08703703703703704
0 0.7731770833333333 0.4166666666666667 0.0546875 0.07777777777777778
0 0.74140625 0.4638888888888889 0.044270833333333336 0.06851851851851852
4 0.3893229166666667 0.47129629629629627 0.05364583333333333 0.07962962962962963
4 0.23203125 0.4777777777777778 0.0671875 0.1
8 0.7127604166666667 0.4787037037037037 0.04739583333333333 0.07592592592592592
0 0.28619791666666666 0.5 0.0578125 0.08888888888888889
2 0.7231770833333333 0.5351851851851852 0.03697916666666667 0.07037037037037037
0 0.80390625 0.5361111111111111 0.0546875 0.09814814814814815
0 0.75390625 0.5361111111111111 0.0609375 0.07962962962962963
1 0.31744791666666666 0.5398148148148149 0.0390625 0.07962962962962963
1 0.61640625 0.5425925925925926 0.0484375 0.07407407407407407
2 0.35859375 0.5657407407407408 0.05260416666666667 0.10555555555555556
7 0.28984375 0.5703703703703704 0.04114583333333333 0.07777777777777778
0 0.44088541666666664 0.5842592592592593 0.07135416666666666 0.13148148148148148
4 0.7799479166666666 0.6027777777777777 0.04635416666666667 0.06111111111111111
5 0.8122395833333333 0.6148148148148148 0.03697916666666667 0.07407407407407407
6 0.33880208333333334 0.6305555555555555 0.059895833333333336 0.08333333333333333
7 0.66328125 0.6555555555555556 0.04114583333333333 0.05925925925925926
2 0.7497395833333333 0.6666666666666666 0.044270833333333336 0.06666666666666667
7 0.42552083333333335 0.6814814814814815 0.0375 0.07407407407407407
6 0.7908854166666667 0.6851851851851852 0.03697916666666667 0.06666666666666667
0 0.5106770833333333 0.6861111111111111 0.04635416666666667 0.07222222222222222
0 0.22526041666666666 0.712037037037037 0.0609375 0.11666666666666667
2 0.66484375 0.7129629629629629 0.05260416666666667 0.08148148148148149
0 0.29921875 0.7222222222222222 0.0546875 0.10740740740740741
5 0.34869791666666666 0.7296296296296296 0.05364583333333333 0.1
2 0.7221354166666667 0.762962962962963 0.07135416666666666 0.11481481481481481
2 0.6247395833333333 0.7648148148148148 0.05677083333333333 0.08148148148148149
1 0.45651041666666664 0.7796296296296297 0.058854166666666666 0.10740740740740741
8 0.39765625 0.8046296296296296 0.06197916666666667 0.11296296296296296
8 0.6575520833333334 0.8092592592592592 0.03697916666666667 0.07407407407407407
0 0.34921875 0.825 0.04635416666666667 0.07222222222222222
4 0.20286458333333332 0.8472222222222222 0.05260416666666667 0.06851851851851852
4 0.70703125 0.8518518518518519 0.06302083333333333 0.07037037037037037
7 0.41692708333333334 0.8824074074074074 0.0546875 0.09814814814814815
8 0.24088541666666666 0.8935185185185185 0.04635416666666667 0.08333333333333333