7 0.46953125 0.19305555555555556 0.0453125 0.08055555555555556
6 0.5299479166666666 0.35138888888888886 0.0640625 0.10092592592592593
1 0.5658854166666667 0.40046296296296297 0.0421875 0.06944444444444445
2 0.8065104166666667 0.41435185185185186 0.0421875 0.0787037037037037
0 0.32057291666666665 0.4708333333333333 0.043229166666666666 0.07314814814814814
6 0.23359375 0.5157407407407407 0.03177083333333333 0.05925925925925926
6 0.5299479166666666 0.5541666666666667 0.059895833333333336 0.11388888888888889
6 0.484375 0.5592592592592592 0.036458333333333336 0.06851851851851852
8 0.6013020833333333 0.5694444444444444 0.04635416666666667 0.07777777777777778
0 0.44765625 0.5972222222222222 0.04739583333333333 0.09259259259259259
2 0.3328125 0.6425925925925926 0.041666666666666664 0.07592592592592592
7 0.7088541666666667 0.7805555555555556 0.041666666666666664 0.07037037037037037
0 0.5533854166666666 0.8055555555555556 0.044270833333333336 0.07962962962962963
8 0.4432291666666667 0.08518518518518518 0.04791666666666667 0.09444444444444444