1 0.21901041666666668 0.15833333333333333 0.04114583333333333 0.06851851851851852
4 0.22109375 0.28055555555555556 0.043229166666666666 0.08703703703703704
2 0.5768229166666666 0.30185185185185187 0.05260416666666667 0.0962962962962963
7 0.20182291666666666 0.3287037037037037 0.0421875 0.06111111111111111
0 0.44140625 0.33240740740740743 0.044270833333333336 0.07222222222222222
8 0.4075520833333333 0.34074074074074073 0.0390625 0.07407407407407407
8 0.40859375 0.34074074074074073 0.03697916666666667 0.07407407407407407
4 0.5643229166666667 0.38981481481481484 0.0546875 0.09444444444444444
4 0.28203125 0.041666666666666664 0.04635416666666667 0.08333333333333333
0 0.50078125 0.4546296296296296 0.050520833333333334 0.08333333333333333
7 0.20234375 0.45555555555555555 0.0390625 0.06296296296296296
4 0.42994791666666665 0.47685185185185186 0.0421875 0.08333333333333333
1 0.7997395833333333 0.5046296296296297 0.033854166666666664 0.07222222222222222
0 0.47682291666666665 0.5157407407407407 0.03802083333333333 0.06111111111111111
6 0.44817708333333334 0.5777777777777777 0.06197916666666667 0.10740740740740741
2 0.23984375 0.5824074074074074 0.0640625 0.10925925925925926
2 0.50703125 0.5851851851851851 0.0359375 0.07037037037037037
8 0.47942708333333334 0.65 0.034895833333333334 0.06666666666666667
0 0.19765625 0.6537037037037037 0.05260416666666667 0.08888888888888889
7 0.52109375 0.674074074074074 0.034895833333333334 0.07407407407407407
0 0.8393229166666667 0.712037037037037 0.04010416666666667 0.06851851851851852
2 0.19036458333333334 0.7472222222222222 0.0421875 0.07592592592592592
2 0.8424479166666666 0.7787037037037037 0.03802083333333333 0.07222222222222222
4 0.19661458333333334 0.8074074074074075 0.03802083333333333 0.06296296296296296
8 0.28828125 0.8212962962962963 0.03802083333333333 0.06851851851851852
0 0.23567708333333334 0.8416666666666667 0.04739583333333333 0.07222222222222222
7 0.20286458333333332 0.9037037037037037 0.04010416666666667 0.07777777777777778