1 0.43125 0.1449074074074074 0.051041666666666666 0.08796296296296297
8 0.6807291666666667 0.14814814814814814 0.04791666666666667 0.07962962962962963
4 0.72890625 0.1736111111111111 0.043229166666666666 0.075
8 0.4049479166666667 0.22037037037037038 0.049479166666666664 0.08333333333333333
4 0.36380208333333336 0.2449074074074074 0.0421875 0.08055555555555556
2 0.65390625 0.31712962962962965 0.043229166666666666 0.06944444444444445
4 0.7770833333333333 0.32083333333333336 0.04895833333333333 0.07685185185185185
4 0.8098958333333334 0.38981481481481484 0.03333333333333333 0.06296296296296296
0 0.7817760416666667 0.4361111111111111 0.04791666666666667 0.07407407407407407
4 0.21458333333333332 0.4550925925925926 0.05 0.08425925925925926
2 0.7723958333333333 0.5064814814814815 0.03958333333333333 0.05555555555555555
4 0.7192708333333333 0.5462962962962963 0.058333333333333334 0.10185185185185185
8 0.7880208333333333 0.6592592592592592 0.04583333333333333 0.07222222222222222
4 0.26458333333333334 0.0787037037037037 0.040625 0.07777777777777778
4 0.3302083333333333 0.8069444444444445 0.04479166666666667 0.0824074074074074
0 0.37213541666666666 0.8282407407407407 0.04010416666666667 0.07685185185185185
8 0.7440104166666667 0.8458333333333333 0.044270833333333336 0.075
0 0.3489583333333333 0.888425925925926 0.03854166666666667 0.0824074074074074