2 0.4890625 0.2013888888888889 0.035416666666666666 0.0824074074074074
2 0.22057291666666667 0.23194444444444445 0.05364583333333333 0.09537037037037037
0 0.32395833333333335 0.24583333333333332 0.040625 0.06759259259259259
4 0.39557291666666666 0.2671296296296296 0.0515625 0.09537037037037037
8 0.4765625 0.3125 0.035416666666666666 0.06759259259259259
0 0.7296875 0.37824074074074077 0.058333333333333334 0.10277777777777777
4 0.26458333333333334 0.3902777777777778 0.04479166666666667 0.075
2 0.4921875 0.39444444444444443 0.06458333333333334 0.11296296296296296
0 0.2921875 0.43472222222222223 0.041666666666666664 0.06388888888888888
4 0.6373229166666666 0.5208425925925926 0.058333333333333334 0.09166666666666666
7 0.46015625 0.5226851851851851 0.0390625 0.07314814814814814
1 0.29322916666666665 0.5263888888888889 0.04791666666666667 0.08055555555555556
7 0.50546875 0.6092592592592593 0.03177083333333333 0.053703703703703705
4 0.7877604166666666 0.6592592592592592 0.04635416666666667 0.08333333333333333