4 0.6533854166666667 0.9435185185185185 0.04635416666666667 0.07222222222222222
2 0.5140625 0.9569444444444445 0.06458333333333334 0.08425925925925926
6 0.6994791666666667 0.9625 0.05416666666666667 0.07314814814814814
8 0.2984375 0.9671296296296297 0.03958333333333333 0.06388888888888888
4 0.37838541666666664 0.412962962962963 0.0421875 0.08148148148148149
1 0.58984375 0.43333333333333335 0.0421875 0.07407407407407407
4 0.4674479166666667 0.4462962962962963 0.04739583333333333 0.08518518518518518
6 0.4158854166666667 0.45092592592592595 0.0609375 0.12407407407407407
0 0.5606770833333333 0.45555555555555555 0.03802083333333333 0.08518518518518518
0 0.5388020833333333 0.5148148148148148 0.0453125 0.05925925925925926
7 0.6184895833333334 0.05185185185185185 0.06302083333333333 0.0962962962962963
7 0.28046875 0.5324074074074074 0.06510416666666667 0.11666666666666667
6 0.67578125 0.5333333333333333 0.059895833333333336 0.0962962962962963
5 0.46015625 0.5527777777777778 0.04114583333333333 0.07962962962962963
0 0.78828125 0.5583333333333333 0.07239583333333334 0.13148148148148148
1 0.60390625 0.562037037037037 0.04114583333333333 0.07962962962962963
1 0.5596354166666667 0.5712962962962963 0.03802083333333333 0.08333333333333333
0 0.5299479166666666 0.5712962962962963 0.043229166666666666 0.06481481481481481
8 0.21223958333333334 0.5981481481481481 0.0390625 0.1
4 0.3846354166666667 0.6148148148148148 0.0484375 0.07777777777777778
4 0.5013020833333334 0.6231481481481481 0.0421875 0.08703703703703704
7 0.5841145833333333 0.649074074074074 0.0390625 0.07592592592592592
2 0.40234375 0.6777777777777778 0.044270833333333336 0.07777777777777778
4 0.56171875 0.6833333333333333 0.03177083333333333 0.05185185185185185
8 0.51640625 0.6851851851851852 0.0515625 0.07407407407407407
0 0.44869791666666664 0.6925925925925925 0.05572916666666667 0.0962962962962963
7 0.3684895833333333 0.700925925925926 0.03697916666666667 0.09074074074074075
0 0.6653645833333334 0.7231481481481481 0.0515625 0.11296296296296296
0 0.5721354166666667 0.7759259259259259 0.0546875 0.1111111111111111
6 0.15911458333333334 0.7898148148148149 0.030729166666666665 0.07962962962962963
4 0.6283854166666667 0.8055555555555556 0.05260416666666667 0.11481481481481481
0 0.35546875 0.812962962962963 0.0421875 0.08888888888888889
2 0.6799479166666667 0.8231481481481482 0.0578125 0.10555555555555556
7 0.3419270833333333 0.8768518518518519 0.0359375 0.07962962962962963