0 0.57109375 0.10462962962962963 0.043229166666666666 0.08703703703703704
6 0.60546875 0.016666666666666666 0.03697916666666667 0.03333333333333333
8 0.20598958333333334 0.23055555555555557 0.04635416666666667 0.07962962962962963
2 0.8059895833333334 0.27685185185185185 0.0484375 0.07962962962962963
2 0.43307291666666664 0.28703703703703703 0.033854166666666664 0.07037037037037037
2 0.46015625 0.29814814814814816 0.034895833333333334 0.04814814814814815
2 0.29192708333333334 0.362962962962963 0.034895833333333334 0.06666666666666667
0 0.5700520833333333 0.47962962962962963 0.04739583333333333 0.08148148148148149
0 0.24661458333333333 0.48518518518518516 0.044270833333333336 0.07777777777777778
5 0.5919270833333333 0.5277777777777778 0.04114583333333333 0.07407407407407407
4 0.57578125 0.5944444444444444 0.0546875 0.1
2 0.4778645833333333 0.5953703703703703 0.0453125 0.07962962962962963
6 0.6434895833333333 0.5972222222222222 0.0546875 0.09814814814814815
7 0.32369791666666664 0.6851851851851852 0.03802083333333333 0.07037037037037037
4 0.7018229166666666 0.7787037037037037 0.0546875 0.09814814814814815
0 0.6544270833333333 0.0787037037037037 0.04114583333333333 0.06851851851851852
1 0.4596354166666667 0.8490740740740741 0.0453125 0.06851851851851852