2 0.66171875 0.12962962962962962 0.0359375 0.05185185185185185
4 0.5950520833333334 0.14629629629629629 0.025520833333333333 0.05555555555555555
2 0.24921875 0.22685185185185186 0.0421875 0.06851851851851852
6 0.56328125 0.25277777777777777 0.059895833333333336 0.07962962962962963
0 0.54921875 0.030555555555555555 0.03802083333333333 0.06111111111111111
8 0.57109375 0.3472222222222222 0.050520833333333334 0.09074074074074075
2 0.41848958333333336 0.36944444444444446 0.03697916666666667 0.06851851851851852
0 0.5174479166666667 0.3972222222222222 0.03697916666666667 0.07222222222222222
2 0.62734375 0.4064814814814815 0.0421875 0.07222222222222222
6 0.5018229166666667 0.49074074074074076 0.06197916666666667 0.11481481481481481
7 0.44140625 0.5259259259259259 0.0515625 0.08518518518518518
2 0.16953125 0.5268518518518519 0.043229166666666666 0.07962962962962963
0 0.32578125 0.058333333333333334 0.0390625 0.06851851851851852
2 0.4315104166666667 0.6333333333333333 0.03802083333333333 0.07037037037037037
2 0.80390625 0.6583333333333333 0.0453125 0.07222222222222222
0 0.39817708333333335 0.06759259259259259 0.0359375 0.06481481481481481
0 0.6372395833333333 0.7453703703703703 0.04739583333333333 0.07592592592592592
1 0.76171875 0.8175925925925925 0.04010416666666667 0.06111111111111111
7 0.5018229166666667 0.8490740740740741 0.0390625 0.07222222222222222