2 0.4440104166666667 0.10185185185185185 0.03177083333333333 0.05555555555555555
2 0.3182291666666667 0.11064814814814815 0.05 0.09537037037037037
2 0.41493229166666673 0.12145370370370369 0.0375 0.06388888888888888
0 0.571875 0.21435185185185185 0.03958333333333333 0.06759259259259259
4 0.4205729166666667 0.2462962962962963 0.050520833333333334 0.09814814814814815
1 0.525 0.3384259259259259 0.034375 0.06574074074074074
0 0.3671875 0.03518518518518519 0.042708333333333334 0.07037037037037037
2 0.46536458333333336 0.36342592592592593 0.0515625 0.08796296296296297
2 0.29001562499999994 0.4001574074074074 0.04739583333333333 0.06944444444444445
4 0.42604166666666665 0.42685185185185187 0.042708333333333334 0.07037037037037037
8 0.6401041666666667 0.525 0.040625 0.07222222222222222
8 0.7182291666666667 0.5606481481481481 0.05416666666666667 0.09351851851851851
7 0.5205729166666667 0.600925925925926 0.03802083333333333 0.06851851851851852
4 0.4926197916666667 0.6939814814814815 0.0484375 0.09537037037037037
0 0.6130208333333333 0.7268518518518519 0.06145833333333333 0.11666666666666667
2 0.6027760416666667 0.08888888888888889 0.04375 0.06296296296296296