7 0.61484375 0.9555555555555556 0.05572916666666667 0.08518518518518518
7 0.35963541666666665 0.10185185185185185 0.06510416666666667 0.1
0 0.71796875 0.11296296296296296 0.044270833333333336 0.08518518518518518
4 0.23255208333333333 0.11481481481481481 0.0390625 0.07407407407407407
2 0.27838541666666666 0.125 0.05572916666666667 0.08703703703703704
0 0.56640625 0.15833333333333333 0.03802083333333333 0.08703703703703704
4 0.3065104166666667 0.18425925925925926 0.050520833333333334 0.07222222222222222
0 0.7013020833333333 0.2101851851851852 0.058854166666666666 0.09814814814814815
4 0.53671875 0.22777777777777777 0.043229166666666666 0.0962962962962963
1 0.8268229166666666 0.25925925925925924 0.044270833333333336 0.1037037037037037
4 0.5997395833333333 0.2935185185185185 0.04010416666666667 0.08703703703703704
0 0.2825520833333333 0.02962962962962963 0.04010416666666667 0.05925925925925926
8 0.6783854166666666 0.2972222222222222 0.05572916666666667 0.09814814814814815
2 0.19609375 0.3037037037037037 0.043229166666666666 0.08518518518518518
7 0.5575520833333333 0.31203703703703706 0.04739583333333333 0.06481481481481481
7 0.2591145833333333 0.33796296296296297 0.05572916666666667 0.06851851851851852
4 0.19973958333333333 0.37592592592592594 0.044270833333333336 0.07037037037037037
4 0.6643229166666667 0.38981481481481484 0.04010416666666667 0.09074074074074075
7 0.23359375 0.38981481481481484 0.0484375 0.06481481481481481
6 0.5841145833333333 0.04351851851851852 0.06510416666666667 0.08703703703703704
4 0.24505208333333334 0.04351851851851852 0.043229166666666666 0.06851851851851852
4 0.21588541666666666 0.43703703703703706 0.0359375 0.05925925925925926
6 0.5372395833333333 0.4398148148148148 0.0671875 0.1388888888888889
5 0.27786458333333336 0.4462962962962963 0.05364583333333333 0.08518518518518518
2 0.19192708333333333 0.4527777777777778 0.04114583333333333 0.07222222222222222
0 0.6221354166666667 0.4564814814814815 0.0578125 0.10555555555555556
6 0.83671875 0.5018518518518519 0.04114583333333333 0.08518518518518518
2 0.19348958333333333 0.5222222222222223 0.0421875 0.07407407407407407
1 0.23515625 0.5398148148148149 0.04635416666666667 0.07592592592592592
0 0.38359375 0.612037037037037 0.05572916666666667 0.09814814814814815
1 0.8299479166666667 0.6185185185185185 0.03802083333333333 0.07777777777777778
0 0.23255208333333333 0.6305555555555555 0.043229166666666666 0.07592592592592592
1 0.30546875 0.662962962962963 0.043229166666666666 0.08518518518518518
7 0.31484375 0.07037037037037037 0.0578125 0.1111111111111111
8 0.21276041666666667 0.8027777777777778 0.0453125 0.07592592592592592
8 0.6533854166666667 0.8037037037037037 0.0453125 0.09259259259259259
2 0.6065104166666667 0.8537037037037037 0.05572916666666667 0.0962962962962963
0 0.68515625 0.08796296296296297 0.044270833333333336 0.06851851851851852
8 0.21848958333333332 0.8916666666666667 0.0546875 0.07592592592592592