7 0.5010416666666667 0.1398148148148148 0.03333333333333333 0.04259259259259259
1 0.2375 0.2050925925925926 0.04895833333333333 0.0824074074074074
4 0.19869791666666667 0.24351851851851852 0.04114583333333333 0.06851851851851852
0 0.6794270833333333 0.31157407407407406 0.04114583333333333 0.06388888888888888
0 0.4752604166666667 0.3837962962962963 0.050520833333333334 0.08796296296296297
0 0.5574635416666667 0.3875 0.03854166666666667 0.06759259259259259
4 0.5940104166666667 0.41759259259259257 0.044270833333333336 0.07222222222222222
8 0.5018229166666667 0.44583333333333336 0.04739583333333333 0.08611111111111111
4 0.18046875 0.04537037037037037 0.03802083333333333 0.06851851851851852
4 0.43307291666666664 0.47314814814814815 0.04114583333333333 0.07222222222222222
6 0.40208333333333335 0.5069444444444444 0.03333333333333333 0.06574074074074074
6 0.46875 0.5097222222222222 0.04791666666666667 0.08425925925925926
7 0.7958333333333333 0.5180555555555556 0.03958333333333333 0.06944444444444445
6 0.4375 0.5768518518518518 0.0375 0.07407407407407407
7 0.58515625 0.5782407407407407 0.0359375 0.06759259259259259
8 0.48515625 0.5856481481481481 0.0484375 0.08796296296296297
1 0.5635416666666667 0.6537037037037037 0.040625 0.07037037037037037
4 0.49973958333333335 0.6981481481481482 0.0515625 0.0962962962962963
0 0.7 0.7175925925925926 0.04583333333333333 0.07037037037037037
4 0.36223958333333334 0.7240740740740741 0.04114583333333333 0.07407407407407407
2 0.7549479166666667 0.7685185185185185 0.05364583333333333 0.08888888888888889