6 0.7768229166666667 0.3333333333333333 0.07239583333333334 0.11481481481481481
8 0.54453125 0.4759259259259259 0.03697916666666667 0.05925925925925926
6 0.41796875 0.5009259259259259 0.050520833333333334 0.09074074074074075
4 0.5888020833333333 0.5388888888888889 0.04010416666666667 0.07037037037037037
0 0.6575520833333334 0.6527777777777778 0.04010416666666667 0.07592592592592592
8 0.7778645833333333 0.674074074074074 0.05364583333333333 0.09259259259259259
2 0.6263020833333334 0.6787037037037037 0.044270833333333336 0.07592592592592592
2 0.38567708333333334 0.7231481481481481 0.04010416666666667 0.06481481481481481
2 0.7356770833333334 0.725 0.04010416666666667 0.06851851851851852
6 0.14713541666666666 0.7268518518518519 0.0359375 0.06851851851851852
2 0.46848958333333335 0.7351851851851852 0.04114583333333333 0.07777777777777778
6 0.5794270833333334 0.7583333333333333 0.0609375 0.11296296296296296
4 0.71484375 0.7601851851851852 0.03177083333333333 0.05740740740740741
0 0.5309895833333333 0.774074074074074 0.034895833333333334 0.06666666666666667
7 0.45234375 0.7916666666666666 0.0453125 0.07962962962962963
0 0.49921875 0.8212962962962963 0.04739583333333333 0.08703703703703704