4 0.16067708333333333 0.9393518518518519 0.03177083333333333 0.05462962962962963
0 0.7895833333333333 0.9393518518518519 0.040625 0.06944444444444445
8 0.7216145833333333 0.9527777777777777 0.05364583333333333 0.08148148148148149
2 0.44296875 0.9592592592592593 0.05260416666666667 0.07962962962962963
2 0.8140625 0.9722222222222222 0.04583333333333333 0.053703703703703705
8 0.17760416666666667 0.9740740740740741 0.0375 0.05
4 0.7651041666666667 0.9740740740740741 0.04375 0.05
6 0.16822916666666668 0.13194444444444445 0.03333333333333333 0.06944444444444445
5 0.76953125 0.15416666666666667 0.0515625 0.09166666666666666
4 0.6463541666666667 0.18981481481481483 0.04583333333333333 0.07037037037037037
0 0.5924479166666666 0.23981481481481481 0.059895833333333336 0.11851851851851852
5 0.74765625 0.2574074074074074 0.0453125 0.08333333333333333
4 0.6374114583333333 0.2626574074074074 0.03802083333333333 0.07037037037037037
1 0.21276041666666667 0.26435185185185184 0.03802083333333333 0.06759259259259259
7 0.7994791666666666 0.2935185185185185 0.05625 0.1037037037037037
7 0.17630208333333333 0.300462962962963 0.0546875 0.08796296296296297
1 0.5541666666666667 0.3236111111111111 0.036458333333333336 0.06388888888888888
8 0.59453125 0.3421296296296296 0.049479166666666664 0.0824074074074074
4 0.07559895833333338 0.35628703703703707 0.0453125 0.08611111111111111
4 0.18020833333333333 0.37083333333333335 0.040625 0.06574074074074074
2 0.8078125 0.38935185185185184 0.04375 0.07314814814814814
5 0.6276041666666666 0.3921296296296296 0.04583333333333333 0.09351851851851851
0 0.33203125 0.3962962962962963 0.049479166666666664 0.08703703703703704
1 0.5026041666666666 0.39675925925925926 0.0375 0.06574074074074074
8 0.21588541666666666 0.3990740740740741 0.03802083333333333 0.07407407407407407
6 0.38333333333333336 0.4060185185185185 0.046875 0.09907407407407408
6 0.5442708333333334 0.425462962962963 0.058333333333333334 0.10833333333333334
1 0.4505208333333333 0.4273148148148148 0.041666666666666664 0.06759259259259259
4 0.30104166666666665 0.4356481481481482 0.03854166666666667 0.06944444444444445
0 0.26588541666666665 0.4685185185185185 0.04635416666666667 0.09074074074074075
8 0.3497395833333333 0.48333333333333334 0.0390625 0.06481481481481481
4 0.5705729166666667 0.4875 0.0390625 0.06944444444444445
4 0.44453125 0.49166666666666664 0.03697916666666667 0.06666666666666667
6 0.17161458333333332 0.5009259259259259 0.0390625 0.07777777777777778
2 0.6591145833333333 0.524074074074074 0.04114583333333333 0.06851851851851852
2 0.3658854166666667 0.549074074074074 0.04635416666666667 0.06666666666666667
7 0.7050364583333334 0.5814814814814815 0.04375 0.08333333333333333
0 0.65859375 0.6055555555555555 0.05260416666666667 0.08333333333333333
7 0.8072916666666666 0.6069444444444444 0.040625 0.075
4 0.18723958333333332 0.6074074074074074 0.0453125 0.07222222222222222
4 0.36875 0.6199074074074075 0.040625 0.06388888888888888
4 0.6190104166666667 0.6226851851851852 0.0421875 0.06574074074074074
6 0.7473958333333334 0.6310185185185185 0.06875 0.11203703703703703
2 0.2828125 0.6726851851851852 0.052083333333333336 0.09537037037037037
7 0.6739583333333333 0.6759259259259259 0.03854166666666667 0.08333333333333333
6 0.3963541666666667 0.6810185185185185 0.04791666666666667 0.08981481481481482
4 0.18541666666666667 0.6828703703703703 0.05520833333333333 0.09722222222222222
8 0.6922760416666667 0.7388888888888889 0.03802083333333333 0.07592592592592592
4 0.1930572916666667 0.7580277777777777 0.03854166666666667 0.07592592592592592
2 0.358765625 0.7583333333333333 0.043229166666666666 0.07777777777777778
4 0.8041666666666667 0.7685185185185185 0.057291666666666664 0.09814814814814815
0 0.4155364583333333 0.7800925925925926 0.044270833333333336 0.062037037037037036
0 0.6299479166666667 0.7833333333333333 0.05364583333333333 0.09074074074074075
8 0.37786458333333334 0.8194444444444444 0.04114583333333333 0.07777777777777778
7 0.6723958333333333 0.8226851851851852 0.052083333333333336 0.08055555555555556
0 0.7489583333333333 0.8337962962962963 0.053125 0.08796296296296297
0 0.43984375 0.8384259259259259 0.0484375 0.08611111111111111
2 0.5153645833333333 0.8537037037037037 0.06197916666666667 0.11666666666666667
0 0.8010416666666667 0.8614259259259259 0.06145833333333333 0.1111111111111111
4 0.71484375 0.8671296296296296 0.03802083333333333 0.08055555555555556
2 0.6302968750000001 0.8847222222222222 0.03697916666666667 0.0824074074074074
2 0.16796875 0.8865740740740741 0.04010416666666667 0.0712962962962963
7 0.24609375 0.9074074074074074 0.03802083333333333 0.06851851851851852
0 0.7526041666666666 0.9078703703703703 0.03958333333333333 0.07314814814814814
7 0.6705729166666666 0.9097222222222222 0.04739583333333333 0.08425925925925926