4 0.49713541666666666 0.09537037037037037 0.04739583333333333 0.07962962962962963
4 0.25338541666666664 0.15833333333333333 0.043229166666666666 0.07962962962962963
2 0.6044270833333333 0.29074074074074074 0.05364583333333333 0.0962962962962963
1 0.3971354166666667 0.34629629629629627 0.03697916666666667 0.08148148148148149
2 0.24661458333333333 0.3861111111111111 0.0421875 0.07222222222222222
0 0.72421875 0.3907407407407407 0.0453125 0.07407407407407407
7 0.20338541666666668 0.41944444444444445 0.0390625 0.07222222222222222
1 0.5611979166666666 0.46944444444444444 0.03802083333333333 0.07222222222222222
7 0.701828125 0.4722222222222222 0.0421875 0.07407407407407407
0 0.4283854166666667 0.5157407407407407 0.04114583333333333 0.07222222222222222
4 0.7591145833333334 0.5444444444444444 0.04635416666666667 0.07777777777777778
8 0.5075572916666666 0.6583333333333333 0.04114583333333333 0.06851851851851852
8 0.55546875 0.6851851851851852 0.03697916666666667 0.06666666666666667
4 0.4283854166666667 0.7222222222222222 0.043229166666666666 0.07407407407407407
8 0.6627604166666666 0.7435185185185185 0.043229166666666666 0.07592592592592592
2 0.56328125 0.7527777777777778 0.044270833333333336 0.06851851851851852
4 0.7361979166666667 0.7537037037037037 0.04010416666666667 0.08148148148148149