2 0.38046875 0.12685185185185185 0.04114583333333333 0.07407407407407407
2 0.5088541666666667 0.17083333333333334 0.03958333333333333 0.07314814814814814
8 0.240625 0.18101851851851852 0.06041666666666667 0.09722222222222222
2 0.5138020833333333 0.26064814814814813 0.0359375 0.06759259259259259
2 0.20442708333333334 0.2865740740740741 0.03177083333333333 0.06018518518518518
0 0.5234375 0.3296296296296296 0.03958333333333333 0.07037037037037037
4 0.8041666666666667 0.34120370370370373 0.03958333333333333 0.07685185185185185
6 0.6921875 0.3425925925925926 0.04479166666666667 0.08333333333333333
7 0.47708333333333336 0.3486111111111111 0.051041666666666666 0.09537037037037037
6 0.5510416666666667 0.4356481481481482 0.058333333333333334 0.12129629629629629
2 0.7994791666666666 0.4722222222222222 0.04479166666666667 0.07777777777777778
6 0.2669270833333333 0.49074074074074076 0.0640625 0.10740740740740741
5 0.6065104166666667 0.5930555555555556 0.0609375 0.11574074074074074
1 0.7059895833333333 0.6361111111111111 0.04010416666666667 0.07222222222222222
1 0.6700520833333333 0.6560185185185186 0.0421875 0.06759259259259259
7 0.44192708333333336 0.7106481481481481 0.05364583333333333 0.09351851851851851
0 0.32760416666666664 0.7111111111111111 0.03854166666666667 0.07962962962962963
8 0.7393229166666667 0.7759259259259259 0.05572916666666667 0.10185185185185185
8 0.73828125 0.7819444444444444 0.05572916666666667 0.10648148148148148
4 0.36041666666666666 0.8768518518518519 0.04479166666666667 0.08333333333333333