1 0.72265625 0.20277777777777778 0.03697916666666667 0.07592592592592592
6 0.24765625 0.24074074074074073 0.05572916666666667 0.09259259259259259
2 0.66953125 0.2638888888888889 0.043229166666666666 0.07222222222222222
0 0.3924479166666667 0.34629629629629627 0.043229166666666666 0.07777777777777778
6 0.5111979166666667 0.3787037037037037 0.0703125 0.12407407407407407
0 0.7815104166666667 0.4638888888888889 0.0484375 0.08703703703703704
0 0.3888020833333333 0.4703703703703704 0.050520833333333334 0.08518518518518518
7 0.49140625 0.5472222222222223 0.05364583333333333 0.11296296296296296
2 0.44453125 0.575 0.03697916666666667 0.07222222222222222
7 0.7294270833333333 0.6268518518518519 0.05260416666666667 0.07962962962962963
8 0.39401041666666664 0.6351851851851852 0.05260416666666667 0.10740740740740741
2 0.8002604166666667 0.6546296296296297 0.04635416666666667 0.07962962962962963
0 0.45026041666666666 0.7462962962962963 0.0421875 0.07777777777777778
2 0.48046875 0.85 0.0421875 0.08888888888888889
2 0.5200520833333333 0.9 0.044270833333333336 0.08518518518518518