7 0.5317708333333333 0.20277777777777778 0.04895833333333333 0.09814814814814815
7 0.46197916666666666 0.21296296296296297 0.042708333333333334 0.07407407407407407
2 0.7122395833333334 0.22777777777777777 0.033854166666666664 0.05555555555555555
0 0.57421875 0.2675925925925926 0.04739583333333333 0.06851851851851852
8 0.3841145833333333 0.274537037037037 0.04114583333333333 0.0712962962962963
0 0.58359375 0.32314814814814813 0.0359375 0.06851851851851852
2 0.42213541666666665 0.34814814814814815 0.043229166666666666 0.07407407407407407
7 0.6247395833333333 0.38796296296296295 0.04010416666666667 0.07222222222222222
1 0.41041666666666665 0.41759259259259257 0.04375 0.06666666666666667
0 0.6533854166666667 0.5027777777777778 0.0390625 0.06481481481481481
4 0.40338541666666666 0.512962962962963 0.028645833333333332 0.05555555555555555
1 0.4549479166666667 0.5712962962962963 0.03802083333333333 0.06851851851851852
1 0.19479166666666667 0.6671296296296296 0.042708333333333334 0.06944444444444445
4 0.23098958333333333 0.6925925925925925 0.0453125 0.06296296296296296
0 0.51171875 0.712037037037037 0.0390625 0.06481481481481481
2 0.45078125 0.7416666666666667 0.0484375 0.09444444444444444
4 0.39505208333333336 0.762962962962963 0.0390625 0.06666666666666667
8 0.20729166666666668 0.7662037037037037 0.05416666666666667 0.08796296296296297
7 0.5403645833333334 0.7717592592592593 0.0359375 0.0712962962962963
4 0.49870312499999997 0.8009259259259259 0.033854166666666664 0.05740740740740741
7 0.27239583333333334 0.875 0.04375 0.07407407407407407