4 0.81484375 0.12407407407407407 0.043229166666666666 0.07592592592592592
7 0.29279687499999996 0.20215740740740745 0.050520833333333334 0.07037037037037037
8 0.23541666666666666 0.20462962962962963 0.051041666666666666 0.09259259259259259
6 0.3671875 0.23148148148148148 0.06875 0.11296296296296296
0 0.26614583333333336 0.25324074074074077 0.041666666666666664 0.06388888888888888
4 0.26979166666666665 0.3101851851851852 0.051041666666666666 0.08888888888888889
0 0.6364583333333333 0.33935185185185185 0.040625 0.07685185185185185
7 0.8484375 0.4013888888888889 0.03333333333333333 0.049074074074074076
0 0.4244791666666667 0.4449074074074074 0.041666666666666664 0.06944444444444445
2 0.3536458333333333 0.48703703703703705 0.05 0.08703703703703704
2 0.31171875 0.5092592592592593 0.03697916666666667 0.07962962962962963
4 0.39609375 0.5097222222222222 0.04114583333333333 0.07685185185185185
4 0.5330729166666667 0.6731481481481482 0.03697916666666667 0.07592592592592592
8 0.3268229166666667 0.6916666666666667 0.0421875 0.06666666666666667
5 0.6932291666666667 0.7152777777777778 0.04375 0.08055555555555556
4 0.34600520833333337 0.7719166666666666 0.041666666666666664 0.06666666666666667
6 0.38333333333333336 0.8541666666666666 0.053125 0.10648148148148148