2 0.37994791666666666 0.125 0.0421875 0.07222222222222222
8 0.23776041666666667 0.17777777777777778 0.0515625 0.1037037037037037
7 0.6309895833333333 0.2824074074074074 0.0484375 0.08703703703703704
2 0.20130208333333333 0.28888888888888886 0.0390625 0.05925925925925926
7 0.22578125 0.3296296296296296 0.04010416666666667 0.07037037037037037
1 0.5856770833333333 0.3351851851851852 0.043229166666666666 0.07037037037037037
4 0.8044270833333333 0.33796296296296297 0.034895833333333334 0.05
2 0.42734375 0.35833333333333334 0.0453125 0.07222222222222222
2 0.7924479166666667 0.4759259259259259 0.0359375 0.07407407407407407
6 0.2674479166666667 0.49444444444444446 0.06302083333333333 0.1111111111111111
8 0.7028645833333333 0.5055555555555555 0.050520833333333334 0.09259259259259259
6 0.44505208333333335 0.5203703703703704 0.0640625 0.1037037037037037
0 0.42161458333333335 0.5953703703703703 0.04635416666666667 0.06481481481481481
2 0.35234375 0.5972222222222222 0.043229166666666666 0.06851851851851852
7 0.5799479166666667 0.6231481481481481 0.0484375 0.09074074074074075
1 0.63515625 0.6361111111111111 0.0421875 0.06851851851851852
7 0.6627604166666666 0.6861111111111111 0.0515625 0.08703703703703704
5 0.6111979166666667 0.7027777777777777 0.0671875 0.10555555555555556
0 0.5455729166666666 0.7046296296296296 0.04010416666666667 0.06851851851851852