4 0.17057291666666666 0.9398148148148148 0.04739583333333333 0.07962962962962963
7 0.22864583333333333 0.9680555555555556 0.046875 0.062037037037037036
0 0.17317708333333334 0.11805555555555555 0.04010416666666667 0.0787037037037037
4 0.7388020833333333 0.11805555555555555 0.04114583333333333 0.06944444444444445
2 0.6635416666666667 0.12083333333333333 0.03854166666666667 0.06574074074074074
7 0.23723958333333334 0.12453703703703704 0.05260416666666667 0.0824074074074074
2 0.29609375 0.13333333333333333 0.030729166666666665 0.053703703703703705
8 0.274046875 0.14953703703703702 0.0296875 0.06388888888888888
4 0.6778645833333333 0.18564814814814815 0.04114583333333333 0.0787037037037037
0 0.31570833333333337 0.19058333333333335 0.034895833333333334 0.06574074074074074
7 0.7947916666666667 0.19166666666666668 0.04895833333333333 0.08148148148148149
4 0.7825520833333334 0.021296296296296296 0.043229166666666666 0.04259259259259259
0 0.17421875 0.21805555555555556 0.04010416666666667 0.06574074074074074
7 0.2758697916666667 0.22484259259259262 0.04791666666666667 0.07685185185185185
2 0.565625 0.024537037037037038 0.040625 0.049074074074074076
4 0.81171875 0.25416666666666665 0.03177083333333333 0.049074074074074076
2 0.44244791666666666 0.026851851851851852 0.0359375 0.053703703703703705
5 0.32786458333333335 0.2726851851851852 0.06197916666666667 0.10462962962962963
2 0.22552083333333334 0.2800925925925926 0.05 0.08796296296296297
2 0.7625 0.28194444444444444 0.051041666666666666 0.08611111111111111
2 0.8096354166666667 0.2986111111111111 0.030729166666666665 0.05092592592592592
8 0.42604166666666665 0.3194444444444444 0.0375 0.07407407407407407
8 0.7369791666666666 0.3560185185185185 0.051041666666666666 0.08796296296296297
4 0.79921875 0.3648148148148148 0.0484375 0.08148148148148149
8 0.803125 0.43472222222222223 0.04583333333333333 0.06759259259259259
1 0.64921875 0.04351851851851852 0.0359375 0.06296296296296296
4 0.7640625 0.4759259259259259 0.040625 0.06296296296296296
2 0.80703125 0.4976851851851852 0.043229166666666666 0.06018518518518518
2 0.69453125 0.5092592592592593 0.04114583333333333 0.06296296296296296
6 0.8130208333333333 0.5351851851851852 0.03333333333333333 0.046296296296296294
6 0.7510416666666667 0.5513888888888889 0.04583333333333333 0.06574074074074074
2 0.8104166666666667 0.5763888888888888 0.034375 0.05092592592592592
0 0.165625 0.6444444444444445 0.0375 0.07037037037037037
0 0.74140625 0.6611111111111111 0.04114583333333333 0.06851851851851852
6 0.796875 0.6773148148148148 0.06145833333333333 0.10462962962962963
6 0.60078125 0.6828703703703703 0.06822916666666666 0.11203703703703703
2 0.16276041666666666 0.7050925925925926 0.04010416666666667 0.06759259259259259
8 0.7692708333333333 0.7523148148148148 0.03854166666666667 0.06018518518518518
7 0.8111979166666666 0.7615740740740741 0.03697916666666667 0.06018518518518518
1 0.630125 0.779787037037037 0.03802083333333333 0.06944444444444445
0 0.7536458333333333 0.8037037037037037 0.03958333333333333 0.07407407407407407
4 0.57109375 0.8037037037037037 0.043229166666666666 0.07962962962962963
6 0.46458333333333335 0.08101851851851852 0.04895833333333333 0.08425925925925926
2 0.8091145833333333 0.8166666666666667 0.03697916666666667 0.06481481481481481
2 0.7940104166666667 0.888425925925926 0.0421875 0.06944444444444445
7 0.7395833333333334 0.8888888888888888 0.03958333333333333 0.07962962962962963
6 0.7765625 0.09166666666666666 0.034375 0.06296296296296296