7 0.3453125 0.9268518518518518 0.04583333333333333 0.07407407407407407
4 0.16848958333333333 0.9435185185185185 0.04739583333333333 0.07777777777777778
8 0.6380208333333334 0.950925925925926 0.052083333333333336 0.0962962962962963
7 0.5778645833333333 0.9592592592592593 0.043229166666666666 0.07592592592592592
4 0.30130208333333336 0.9638888888888889 0.0546875 0.07037037037037037
4 0.7903645833333334 0.9685185185185186 0.049479166666666664 0.06111111111111111
7 0.73984375 0.975 0.04010416666666667 0.04814814814814815
8 0.3619791666666667 0.9787037037037037 0.03958333333333333 0.040740740740740744
0 0.18645833333333334 0.10092592592592593 0.053125 0.09259259259259259
2 0.6049479166666667 0.1574074074074074 0.04114583333333333 0.07592592592592592
6 0.4640625 0.20863888888888893 0.03958333333333333 0.07222222222222222
0 0.50234375 0.24814814814814815 0.03802083333333333 0.07962962962962963
1 0.7109375 0.2833333333333333 0.05 0.08333333333333333
7 0.371875 0.28935185185185186 0.04895833333333333 0.09166666666666666
0 0.471875 0.3458333333333333 0.051041666666666666 0.0824074074074074
6 0.33541666666666664 0.38333333333333336 0.06145833333333333 0.10555555555555556
8 0.2921875 0.43148148148148147 0.03958333333333333 0.07222222222222222
8 0.7059895833333333 0.4546296296296296 0.043229166666666666 0.08148148148148149
2 0.2500885416666667 0.47453703703703703 0.049479166666666664 0.09537037037037037
4 0.79140625 0.5115740740740741 0.0578125 0.09166666666666666
7 0.41058854166666664 0.5790092592592593 0.0375 0.07222222222222222
0 0.6356770833333333 0.5888888888888889 0.06302083333333333 0.10925925925925926
7 0.46197916666666666 0.06018518518518518 0.05416666666666667 0.1
4 0.8145833333333333 0.6375 0.034375 0.058333333333333334
0 0.16536458333333334 0.6425925925925926 0.03697916666666667 0.06481481481481481
0 0.5900156249999999 0.6645092592592592 0.034895833333333334 0.06666666666666667
8 0.63515625 0.6856481481481481 0.0515625 0.08796296296296297
7 0.5067708333333333 0.6949074074074074 0.041666666666666664 0.06944444444444445
2 0.16171875 0.7083333333333334 0.04010416666666667 0.08148148148148149
2 0.8088541666666667 0.7148148148148148 0.0375 0.06481481481481481
2 0.55078125 0.7328703703703704 0.043229166666666666 0.075
2 0.8065104166666667 0.7759259259259259 0.03802083333333333 0.06851851851851852
2 0.7653645833333333 0.7976851851851852 0.043229166666666666 0.0712962962962963
1 0.484375 0.8023148148148148 0.03854166666666667 0.06944444444444445
2 0.8044270833333333 0.8888888888888888 0.0421875 0.07222222222222222
2 0.75859375 0.9180555555555555 0.0421875 0.075