0 0.18854166666666666 0.9560185185185185 0.051041666666666666 0.08611111111111111
2 0.23229166666666667 0.9606481481481481 0.046875 0.07685185185185185
0 0.6338541666666667 0.9689814814814814 0.04583333333333333 0.06018518518518518
2 0.5544270833333333 0.1537037037037037 0.04114583333333333 0.06296296296296296
0 0.5794270833333334 0.19722222222222222 0.0390625 0.08333333333333333
4 0.44244791666666666 0.2564814814814815 0.05260416666666667 0.10925925925925926
0 0.37005208333333334 0.3175925925925926 0.05364583333333333 0.08333333333333333
2 0.4783854166666667 0.337037037037037 0.04739583333333333 0.07037037037037037
2 0.5575520833333333 0.3416666666666667 0.05572916666666667 0.09814814814814815
2 0.41171875 0.3592592592592593 0.0578125 0.08518518518518518
2 0.6981770833333333 0.36666666666666664 0.049479166666666664 0.07777777777777778
4 0.50859375 0.3888888888888889 0.04114583333333333 0.07407407407407407
2 0.29453125 0.39537037037037037 0.0484375 0.07962962962962963
7 0.40182291666666664 0.4601851851851852 0.04635416666666667 0.07962962962962963
8 0.6690104166666667 0.5055555555555555 0.0390625 0.06296296296296296
8 0.71484375 0.5305555555555556 0.05260416666666667 0.09074074074074075
0 0.6299479166666667 0.5638888888888889 0.0671875 0.13518518518518519
8 0.5325572916666667 0.5666666666666667 0.06197916666666667 0.1037037037037037