0 0.6794270833333333 0.1527777777777778 0.043229166666666666 0.07222222222222222
6 0.73359375 0.21666666666666667 0.0515625 0.08148148148148149
7 0.26796875 0.23333333333333334 0.0390625 0.06666666666666667
0 0.33515625 0.27685185185185185 0.044270833333333336 0.07592592592592592
2 0.72109375 0.38333333333333336 0.034895833333333334 0.07407407407407407
0 0.32265625 0.42685185185185187 0.044270833333333336 0.07592592592592592
7 0.19401041666666666 0.44537037037037036 0.04114583333333333 0.07222222222222222
7 0.35546875 0.48518518518518516 0.0390625 0.07037037037037037
2 0.3111979166666667 0.512962962962963 0.0421875 0.06296296296296296
2 0.6018229166666667 0.6138888888888889 0.04010416666666667 0.07592592592592592
0 0.44244791666666666 0.6712962962962963 0.0359375 0.06851851851851852
4 0.5184895833333333 0.6796296296296296 0.044270833333333336 0.07407407407407407
1 0.6575520833333334 0.7333333333333333 0.043229166666666666 0.07037037037037037
2 0.31640625 0.7333333333333333 0.03177083333333333 0.06296296296296296
1 0.34453125 0.7870370370370371 0.03802083333333333 0.07037037037037037
8 0.5861979166666667 0.08333333333333333 0.0546875 0.0962962962962963
4 0.44973958333333336 0.85 0.0421875 0.06666666666666667
2 0.47630208333333335 0.9185185185185185 0.04114583333333333 0.07037037037037037