0 0.72890625 0.12638888888888888 0.05677083333333333 0.10648148148148148
0 0.4205729166666667 0.1736111111111111 0.0421875 0.0712962962962963
7 0.47734375 0.27175925925925926 0.043229166666666666 0.075
2 0.22760416666666666 0.274537037037037 0.0375 0.07314814814814814
8 0.5744791666666667 0.3763888888888889 0.040625 0.07314814814814814
0 0.753125 0.3962962962962963 0.065625 0.11666666666666667
8 0.30442708333333335 0.4162037037037037 0.043229166666666666 0.075
2 0.5873229166666667 0.443824074074074 0.041666666666666664 0.07592592592592592
4 0.20208333333333334 0.5388888888888889 0.051041666666666666 0.08333333333333333
8 0.71484375 0.6430555555555556 0.05572916666666667 0.09166666666666666
2 0.76328125 0.6449074074074074 0.05260416666666667 0.09722222222222222