8 0.49713541666666666 0.17314814814814813 0.049479166666666664 0.09444444444444444
7 0.54140625 0.19166666666666668 0.04635416666666667 0.08703703703703704
6 0.5596354166666667 0.275 0.06197916666666667 0.10185185185185185
0 0.21119791666666668 0.32407407407407407 0.044270833333333336 0.07407407407407407
2 0.7018229166666666 0.35555555555555557 0.0359375 0.07407407407407407
2 0.6268229166666667 0.37962962962962965 0.03802083333333333 0.06666666666666667
4 0.59296875 0.387037037037037 0.03697916666666667 0.06666666666666667
6 0.6216145833333333 0.5148148148148148 0.0484375 0.1
6 0.78984375 0.5148148148148148 0.05364583333333333 0.09259259259259259
4 0.6111979166666667 0.6944444444444444 0.0296875 0.04814814814814815
6 0.57578125 0.7333333333333333 0.058854166666666666 0.11851851851851852
0 0.63515625 0.7574074074074074 0.0484375 0.09259259259259259
2 0.57734375 0.8657407407407407 0.04114583333333333 0.07222222222222222
0 0.23098958333333333 0.8787037037037037 0.050520833333333334 0.09444444444444444
2 0.55703125 0.924074074074074 0.0421875 0.07037037037037037