2 0.6049479166666667 0.9259259259259259 0.03802083333333333 0.07037037037037037
0 0.27682291666666664 0.9268518518518518 0.04010416666666667 0.06851851851851852
0 0.7986979166666667 0.9277777777777778 0.0484375 0.09259259259259259
0 0.31588541666666664 0.9314814814814815 0.04635416666666667 0.06296296296296296
4 0.5497395833333333 0.9333333333333333 0.04010416666666667 0.06666666666666667
4 0.8388020833333333 0.937962962962963 0.030729166666666665 0.053703703703703705
8 0.21536458333333333 0.9388888888888889 0.04010416666666667 0.07037037037037037
8 0.4513020833333333 0.9481481481481482 0.0453125 0.07777777777777778
4 0.6263020833333334 0.9574074074074074 0.030729166666666665 0.05925925925925926
4 0.24453125 0.9648148148148148 0.044270833333333336 0.06296296296296296
2 0.18697916666666667 0.9662037037037037 0.041666666666666664 0.06574074074074074
1 0.77578125 0.14444444444444443 0.044270833333333336 0.07407407407407407
5 0.23046875 0.15185185185185185 0.0515625 0.08888888888888889
4 0.5518229166666667 0.20092592592592592 0.0359375 0.06481481481481481
0 0.6747395833333333 0.21574074074074073 0.06510416666666667 0.11296296296296296
5 0.2518229166666667 0.25833333333333336 0.04010416666666667 0.07962962962962963
4 0.5231770833333333 0.262037037037037 0.0328125 0.06481481481481481
6 0.44869791666666664 0.262037037037037 0.04635416666666667 0.08703703703703704
1 0.7684895833333333 0.29259259259259257 0.03802083333333333 0.06666666666666667
5 0.41484375 0.29259259259259257 0.0453125 0.07037037037037037
7 0.20078125 0.2953703703703704 0.05260416666666667 0.09074074074074075
7 0.8247395833333333 0.2962962962962963 0.05260416666666667 0.08888888888888889
8 0.55546875 0.29907407407407405 0.0515625 0.08703703703703704
6 0.73984375 0.31666666666666665 0.030729166666666665 0.05925925925925926
6 0.4856770833333333 0.33240740740740743 0.0578125 0.10925925925925926
5 0.5971354166666667 0.3453703703703704 0.0515625 0.08703703703703704
1 0.52890625 0.35648148148148145 0.0359375 0.06851851851851852
4 0.4434895833333333 0.362962962962963 0.0359375 0.06666666666666667
4 0.8221354166666667 0.375 0.03697916666666667 0.07222222222222222
2 0.19453125 0.38981481481481484 0.0421875 0.06481481481481481
8 0.7846354166666667 0.3962962962962963 0.04114583333333333 0.06666666666666667
8 0.41796875 0.4148148148148148 0.0390625 0.06666666666666667
2 0.36276041666666664 0.41944444444444445 0.04114583333333333 0.06111111111111111
4 0.5731770833333333 0.4203703703703704 0.0390625 0.07037037037037037
0 0.32265625 0.4351851851851852 0.0484375 0.0962962962962963
4 0.38984375 0.45185185185185184 0.03697916666666667 0.05925925925925926
0 0.7309895833333333 0.45925925925925926 0.04635416666666667 0.09259259259259259
2 0.6544270833333333 0.46296296296296297 0.03697916666666667 0.07407407407407407
1 0.44557291666666665 0.47129629629629627 0.0359375 0.06851851851851852
2 0.34453125 0.4925925925925926 0.033854166666666664 0.05925925925925926
7 0.27421875 0.5009259259259259 0.04114583333333333 0.08703703703703704
6 0.8309895833333333 0.5046296296296297 0.03802083333333333 0.07592592592592592
6 0.41432291666666665 0.512962962962963 0.0484375 0.08518518518518518
0 0.37526041666666665 0.5166666666666667 0.034895833333333334 0.06296296296296296
7 0.3143229166666667 0.5212962962962963 0.04114583333333333 0.06481481481481481
8 0.57578125 0.5638888888888889 0.0359375 0.06111111111111111
4 0.8200520833333333 0.5731481481481482 0.04114583333333333 0.08703703703703704
2 0.77890625 0.5740740740740741 0.050520833333333334 0.0962962962962963
0 0.3489583333333333 0.575 0.05 0.08333333333333333
4 0.5221354166666666 0.5851851851851851 0.0390625 0.07037037037037037
2 0.4830729166666667 0.587037037037037 0.0421875 0.06666666666666667
2 0.64453125 0.5907407407407408 0.04010416666666667 0.06666666666666667
8 0.6091145833333333 0.6064814814814815 0.04114583333333333 0.06851851851851852
7 0.18984375 0.6101851851851852 0.0390625 0.07222222222222222
1 0.30963541666666666 0.6185185185185185 0.043229166666666666 0.06666666666666667
4 0.5763020833333333 0.6259259259259259 0.03697916666666667 0.06296296296296296
6 0.26848958333333334 0.6472222222222223 0.06302083333333333 0.10555555555555556
6 0.40078125 0.6574074074074074 0.050520833333333334 0.08888888888888889
0 0.35078125 0.6611111111111111 0.050520833333333334 0.07777777777777778
4 0.8169270833333333 0.6675925925925926 0.0578125 0.10555555555555556
7 0.47578125 0.6833333333333333 0.0484375 0.08888888888888889
2 0.5783854166666667 0.6925925925925925 0.0453125 0.08888888888888889
2 0.29348958333333336 0.7148148148148148 0.03802083333333333 0.06666666666666667
7 0.3268229166666667 0.7277777777777777 0.04010416666666667 0.1
2 0.24453125 0.7425925925925926 0.06927083333333334 0.1037037037037037
8 0.40286458333333336 0.7444444444444445 0.0546875 0.08888888888888889
2 0.6356770833333333 0.7481481481481481 0.049479166666666664 0.08888888888888889
4 0.8065104166666667 0.7564814814814815 0.0390625 0.08333333333333333
4 0.19244791666666666 0.7703703703703704 0.05260416666666667 0.09259259259259259
0 0.57734375 0.7731481481481481 0.05364583333333333 0.08703703703703704
7 0.5330729166666667 0.7805555555555556 0.033854166666666664 0.06851851851851852
0 0.7528645833333333 0.7935185185185185 0.04010416666666667 0.06851851851851852
4 0.41380208333333335 0.812962962962963 0.03697916666666667 0.07037037037037037
7 0.48046875 0.825925925925926 0.034895833333333334 0.07037037037037037
0 0.26484375 0.8351851851851851 0.0515625 0.08888888888888889
8 0.6403645833333333 0.8481481481481481 0.05260416666666667 0.1
8 0.7247395833333333 0.8574074074074074 0.058854166666666666 0.1
0 0.20130208333333333 0.8648148148148148 0.06197916666666667 0.10740740740740741
4 0.2981770833333333 0.8722222222222222 0.0390625 0.06666666666666667
4 0.3450520833333333 0.8731481481481481 0.05572916666666667 0.09814814814814815
0 0.40286458333333336 0.875 0.044270833333333336 0.07592592592592592
4 0.53671875 0.8768518518518519 0.0453125 0.06851851851851852
2 0.8309895833333333 0.887962962962963 0.0421875 0.07222222222222222
2 0.4825520833333333 0.8888888888888888 0.03697916666666667 0.07407407407407407
7 0.7611979166666667 0.8925925925925926 0.03802083333333333 0.06666666666666667