7 0.37734375 0.9333333333333333 0.04010416666666667 0.07777777777777778
2 0.5859375 0.9449074074074074 0.07708333333333334 0.10833333333333334
4 0.7752604166666667 0.9462962962962963 0.044270833333333336 0.08148148148148149
4 0.34348958333333335 0.9574074074074074 0.04635416666666667 0.07777777777777778
5 0.6447916666666667 0.9634259259259259 0.065625 0.0712962962962963
4 0.3927083333333333 0.9773148148148149 0.046875 0.04351851851851852
7 0.3138020833333333 0.17407407407407408 0.05677083333333333 0.1037037037037037
0 0.56640625 0.19074074074074074 0.06822916666666666 0.11851851851851852
7 0.35390625 0.2064814814814815 0.043229166666666666 0.07962962962962963
2 0.26901041666666664 0.26481481481481484 0.033854166666666664 0.07777777777777778
1 0.41067708333333336 0.2712962962962963 0.050520833333333334 0.09444444444444444
2 0.52109375 0.27314814814814814 0.034895833333333334 0.05
4 0.4513020833333333 0.2740740740740741 0.033854166666666664 0.06666666666666667
5 0.31171875 0.2861111111111111 0.05260416666666667 0.08703703703703704
2 0.36328125 0.29444444444444445 0.04739583333333333 0.09259259259259259
4 0.46119791666666665 0.02962962962962963 0.05677083333333333 0.05925925925925926
6 0.56328125 0.2972222222222222 0.06614583333333333 0.12407407407407407
2 0.6893229166666667 0.3111111111111111 0.0390625 0.08148148148148149
2 0.29192708333333334 0.3472222222222222 0.03697916666666667 0.06111111111111111
1 0.6684895833333333 0.36203703703703705 0.03802083333333333 0.07222222222222222
0 0.33046875 0.36944444444444446 0.0546875 0.08703703703703704
2 0.2799479166666667 0.4212962962962963 0.0453125 0.06851851851851852
8 0.7184895833333333 0.42777777777777776 0.05364583333333333 0.08888888888888889
4 0.68203125 0.43703703703703706 0.0421875 0.05555555555555555
1 0.24765625 0.4537037037037037 0.04010416666666667 0.07037037037037037
4 0.59296875 0.462037037037037 0.04010416666666667 0.08333333333333333
0 0.6309895833333333 0.4759259259259259 0.043229166666666666 0.06666666666666667
2 0.28463541666666664 0.4777777777777778 0.04010416666666667 0.06666666666666667
8 0.32369791666666664 0.4787037037037037 0.043229166666666666 0.07592592592592592
4 0.7294270833333333 0.5 0.0453125 0.07407407407407407
8 0.23046875 0.525 0.059895833333333336 0.08703703703703704
0 0.3372395833333333 0.5509259259259259 0.0640625 0.09814814814814815
0 0.7033854166666667 0.5638888888888889 0.05260416666666667 0.08703703703703704
7 0.28411458333333334 0.5648148148148148 0.04739583333333333 0.1
5 0.21328125 0.5888888888888889 0.04635416666666667 0.08148148148148149
0 0.6143229166666667 0.5981481481481481 0.050520833333333334 0.06666666666666667
2 0.44453125 0.6157407407407407 0.04114583333333333 0.07592592592592592
2 0.67109375 0.637962962962963 0.050520833333333334 0.07962962962962963
8 0.4049479166666667 0.6712962962962963 0.0609375 0.09814814814814815
0 0.7799479166666666 0.6861111111111111 0.0578125 0.09814814814814815
0 0.6096354166666667 0.6916666666666667 0.06822916666666666 0.10925925925925926
0 0.7408854166666666 0.7574074074074074 0.06614583333333333 0.11481481481481481
2 0.34713541666666664 0.8546296296296296 0.0484375 0.10555555555555556
2 0.73984375 0.8657407407407407 0.0421875 0.08333333333333333
7 0.6216145833333333 0.8731481481481481 0.043229166666666666 0.07592592592592592
2 0.53671875 0.875 0.03802083333333333 0.07222222222222222
7 0.7763020833333333 0.8842592592592593 0.04635416666666667 0.06851851851851852
7 0.69140625 0.9009259259259259 0.049479166666666664 0.06851851851851852