1 0.7213541666666666 0.1986111111111111 0.040625 0.06759259259259259
2 0.5278645833333333 0.21851851851851853 0.04114583333333333 0.07037037037037037
7 0.6151041666666667 0.32685185185185184 0.05416666666666667 0.09814814814814815
0 0.7924479166666667 0.4203703703703704 0.043229166666666666 0.07222222222222222
2 0.8057291666666667 0.6532407407407408 0.04375 0.075
2 0.5637135416666667 0.6774722222222221 0.03854166666666667 0.07407407407407407
7 0.63046875 0.6824074074074075 0.0421875 0.07407407407407407
0 0.48932291666666666 0.7541666666666667 0.043229166666666666 0.07685185185185185
0 0.5559895833333334 0.7773148148148148 0.03802083333333333 0.06944444444444445
0 0.6638020833333333 0.7810185185185186 0.0484375 0.075
6 0.48411458333333335 0.8430555555555556 0.06614583333333333 0.11203703703703703
6 0.3455729166666667 0.8847222222222222 0.0578125 0.09351851851851851