6 0.2625 0.17407407407407408 0.06770833333333333 0.11296296296296296
1 0.3653645833333333 0.20046296296296295 0.04114583333333333 0.06944444444444445
4 0.45390625 0.24861111111111112 0.043229166666666666 0.08055555555555556
0 0.5661458333333333 0.3597222222222222 0.052083333333333336 0.10277777777777777
2 0.5 0.041666666666666664 0.05520833333333333 0.08333333333333333
5 0.55859375 0.4671296296296296 0.06302083333333333 0.11018518518518519
8 0.4791666666666667 0.475 0.051041666666666666 0.0962962962962963
7 0.2838541666666667 0.5611111111111111 0.04583333333333333 0.07592592592592592
7 0.22447916666666667 0.5712962962962963 0.05416666666666667 0.1037037037037037
4 0.5158854166666667 0.6425925925925926 0.0484375 0.07962962962962963
7 0.33828125 0.07222222222222222 0.0453125 0.09074074074074075
4 0.5567708333333333 0.08564814814814815 0.041666666666666664 0.07314814814814814