0 0.4315104166666667 0.09351851851851851 0.04739583333333333 0.08333333333333333
5 0.22786458333333334 0.95 0.0546875 0.07037037037037037
7 0.4627604166666667 0.15185185185185185 0.04635416666666667 0.07777777777777778
8 0.19453125 0.17592592592592593 0.05260416666666667 0.07777777777777778
2 0.61796875 0.18981481481481483 0.04739583333333333 0.10185185185185185
0 0.25755208333333335 0.23055555555555557 0.04114583333333333 0.07222222222222222
2 0.39557291666666666 0.2351851851851852 0.0484375 0.1
2 0.58828125 0.2574074074074074 0.050520833333333334 0.05555555555555555
8 0.30859375 0.38055555555555554 0.043229166666666666 0.08333333333333333
2 0.45078125 0.4101851851851852 0.03802083333333333 0.09074074074074075
8 0.2716145833333333 0.425 0.050520833333333334 0.08703703703703704
6 0.35442708333333334 0.4564814814814815 0.0734375 0.12037037037037036
4 0.31223958333333335 0.46296296296296297 0.04010416666666667 0.08148148148148149
5 0.54296875 0.5305555555555556 0.07447916666666667 0.13148148148148148
4 0.3377604166666667 0.6037037037037037 0.0640625 0.08888888888888889
4 0.5861979166666667 0.6287037037037037 0.04114583333333333 0.08333333333333333
7 0.65078125 0.6574074074074074 0.044270833333333336 0.08148148148148149
7 0.69609375 0.07314814814814814 0.059895833333333336 0.10555555555555556
4 0.18984375 0.8898148148148148 0.030729166666666665 0.06111111111111111