1 0.42526041666666664 0.375 0.050520833333333334 0.07407407407407407
7 0.39010416666666664 0.40046296296296297 0.042708333333333334 0.0787037037037037
0 0.6369791666666667 0.4064814814814815 0.05416666666666667 0.08518518518518518
7 0.59296875 0.4152777777777778 0.0421875 0.08055555555555556
1 0.34765625 0.44537037037037036 0.04114583333333333 0.07592592592592592
0 0.6643229166666667 0.46296296296296297 0.04739583333333333 0.07407407407407407
2 0.4244791666666667 0.4962962962962963 0.04375 0.07592592592592592
6 0.6986979166666667 0.49675925925925923 0.04635416666666667 0.08055555555555556
8 0.40260416666666665 0.5722222222222222 0.03854166666666667 0.06481481481481481
4 0.4140625 0.6967592592592593 0.04375 0.0787037037037037
0 0.42473958333333334 0.7689814814814815 0.04114583333333333 0.0787037037037037