4 0.60859375 0.3648148148148148 0.03697916666666667 0.06666666666666667
4 0.34036458333333336 0.3685185185185185 0.0296875 0.05185185185185185
0 0.67578125 0.42777777777777776 0.04010416666666667 0.07037037037037037
0 0.73515625 0.46296296296296297 0.0421875 0.07037037037037037
1 0.38203125 0.4842592592592593 0.0421875 0.06481481481481481
4 0.25807291666666665 0.5768518518518518 0.04010416666666667 0.06481481481481481
8 0.6169270833333333 0.5879629629629629 0.043229166666666666 0.07592592592592592
4 0.5075520833333333 0.5962962962962963 0.0390625 0.06666666666666667
0 0.8434895833333333 0.6166666666666667 0.044270833333333336 0.07777777777777778
7 0.38385416666666666 0.6305555555555555 0.040625 0.10925925925925926
0 0.33203125 0.637962962962963 0.0609375 0.11666666666666667
0 0.6778645833333333 0.6416666666666667 0.0484375 0.09074074074074075
4 0.45859375 0.6564814814814814 0.034895833333333334 0.06851851851851852
1 0.5091145833333334 0.675 0.04010416666666667 0.06481481481481481
8 0.24817708333333333 0.7 0.049479166666666664 0.08888888888888889
4 0.31744791666666666 0.825 0.0421875 0.07222222222222222