5 0.62578125 0.3 0.04114583333333333 0.06296296296296296
2 0.4375 0.43472222222222223 0.03958333333333333 0.06759259259259259
1 0.2989583333333333 0.44074074074074077 0.03958333333333333 0.06296296296296296
6 0.47734375 0.48333333333333334 0.04635416666666667 0.08333333333333333
2 0.43515625 0.5398148148148149 0.0515625 0.08888888888888889
7 0.7411458333333333 0.5509259259259259 0.03854166666666667 0.07037037037037037
0 0.2734375 0.6134259259259259 0.04479166666666667 0.06944444444444445
2 0.5692708333333333 0.6212962962962963 0.05416666666666667 0.1
8 0.684375 0.6212962962962963 0.04479166666666667 0.07962962962962963
4 0.240625 0.6611111111111111 0.04479166666666667 0.07222222222222222
6 0.46197916666666666 0.6694444444444444 0.05 0.08888888888888889
8 0.275 0.7532407407407408 0.04375 0.06759259259259259
2 0.3307291666666667 0.8657407407407407 0.03958333333333333 0.08333333333333333