6 0.4125 0.9356481481481481 0.057291666666666664 0.12685185185185185
8 0.3567708333333333 0.9606481481481481 0.05 0.07685185185185185
4 0.5213541666666667 0.9652777777777778 0.04791666666666667 0.06759259259259259
7 0.4661458333333333 0.9652777777777778 0.057291666666666664 0.06759259259259259
7 0.58515625 0.25092592592592594 0.0484375 0.12407407407407407
4 0.30390625 0.2935185185185185 0.0421875 0.09444444444444444
7 0.6669270833333333 0.34629629629629627 0.0390625 0.08148148148148149
4 0.20546875 0.3685185185185185 0.05364583333333333 0.07037037037037037
0 0.31953125 0.3731481481481482 0.044270833333333336 0.07222222222222222
6 0.58671875 0.4064814814814815 0.0578125 0.10925925925925926
5 0.33307291666666666 0.45740740740740743 0.07760416666666667 0.1259259259259259
4 0.20182291666666666 0.4722222222222222 0.0546875 0.08148148148148149
1 0.56328125 0.5148148148148148 0.0421875 0.07407407407407407
4 0.74921875 0.7314814814814815 0.0453125 0.1037037037037037
4 0.39765625 0.7703703703703704 0.0671875 0.1111111111111111
1 0.25807291666666665 0.7833333333333333 0.044270833333333336 0.1
1 0.7033854166666667 0.9120370370370371 0.043229166666666666 0.09074074074074075
0 0.5638020833333334 0.9222222222222223 0.06197916666666667 0.1037037037037037