7 0.54453125 0.2972222222222222 0.04114583333333333 0.07592592592592592
8 0.5716145833333334 0.4064814814814815 0.0453125 0.07962962962962963
4 0.4200520833333333 0.42314814814814816 0.0359375 0.06111111111111111
6 0.7513020833333334 0.4324074074074074 0.05260416666666667 0.08703703703703704
4 0.25078125 0.43425925925925923 0.043229166666666666 0.06851851851851852
0 0.58828125 0.5083333333333333 0.034895833333333334 0.06111111111111111
6 0.6731770833333334 0.5425925925925926 0.0484375 0.08888888888888889
4 0.41015625 0.5509259259259259 0.0453125 0.07222222222222222
2 0.4825520833333333 0.6101851851851852 0.0359375 0.06111111111111111
6 0.6549479166666666 0.6601851851851852 0.06927083333333334 0.11666666666666667
0 0.7763020833333333 0.7296296296296296 0.044270833333333336 0.07407407407407407
0 0.64609375 0.8453703703703703 0.050520833333333334 0.08333333333333333