8 0.2721354166666667 0.9435185185185185 0.05572916666666667 0.09074074074074075
4 0.34765625 0.0962962962962963 0.03802083333333333 0.07037037037037037
0 0.31484375 0.09722222222222222 0.034895833333333334 0.06111111111111111
6 0.8174479166666667 0.10277777777777777 0.033854166666666664 0.06481481481481481
4 0.19661458333333334 0.12222222222222222 0.0421875 0.06666666666666667
5 0.27265625 0.15555555555555556 0.0421875 0.06666666666666667
4 0.34453125 0.16666666666666666 0.044270833333333336 0.07407407407407407
0 0.22005208333333334 0.18425925925925926 0.05572916666666667 0.09074074074074075
4 0.5330729166666667 0.18796296296296297 0.0546875 0.09814814814814815
2 0.28411458333333334 0.2101851851851852 0.030729166666666665 0.05740740740740741
7 0.25442708333333336 0.21296296296296297 0.043229166666666666 0.07037037037037037
8 0.32369791666666664 0.23055555555555557 0.05260416666666667 0.09444444444444444
2 0.19088541666666667 0.24537037037037038 0.043229166666666666 0.07222222222222222
2 0.45598958333333334 0.2462962962962963 0.04010416666666667 0.07037037037037037
0 0.22734375 0.2537037037037037 0.043229166666666666 0.07407407407407407
0 0.8236979166666667 0.2564814814814815 0.05260416666666667 0.09074074074074075
8 0.2591145833333333 0.2796296296296296 0.03802083333333333 0.06296296296296296
8 0.19921875 0.31203703703703706 0.05364583333333333 0.09444444444444444
2 0.4669270833333333 0.34814814814814815 0.03697916666666667 0.07407407407407407
1 0.6377604166666667 0.3574074074074074 0.034895833333333334 0.06296296296296296
8 0.6768229166666667 0.3925925925925926 0.03802083333333333 0.06666666666666667
0 0.5184895833333333 0.3972222222222222 0.04010416666666667 0.07592592592592592
6 0.19296875 0.39814814814814814 0.04114583333333333 0.07037037037037037
1 0.7794270833333333 0.40370370370370373 0.04114583333333333 0.06666666666666667
0 0.5981770833333333 0.40925925925925927 0.04739583333333333 0.0962962962962963
2 0.37786458333333334 0.04259259259259259 0.04010416666666667 0.07037037037037037
5 0.8028645833333333 0.43703703703703706 0.04114583333333333 0.07037037037037037
4 0.37213541666666666 0.4527777777777778 0.0453125 0.07222222222222222
4 0.18619791666666666 0.4583333333333333 0.03177083333333333 0.05
0 0.46015625 0.462037037037037 0.05260416666666667 0.08703703703703704
1 0.5388020833333333 0.4685185185185185 0.04114583333333333 0.07037037037037037
7 0.38723958333333336 0.5166666666666667 0.0421875 0.07407407407407407
7 0.28671875 0.05277777777777778 0.028645833333333332 0.053703703703703705
8 0.23046875 0.5305555555555556 0.0578125 0.09444444444444444
7 0.18984375 0.5333333333333333 0.043229166666666666 0.06666666666666667
0 0.2830729166666667 0.5842592592592593 0.06302083333333333 0.10925925925925926
1 0.19609375 0.600925925925926 0.04114583333333333 0.07592592592592592
1 0.77890625 0.725 0.03802083333333333 0.07592592592592592
4 0.5559895833333334 0.7527777777777778 0.05260416666666667 0.09074074074074075
6 0.40338541666666666 0.7592592592592593 0.0453125 0.08518518518518518
4 0.81015625 0.7601851851851852 0.044270833333333336 0.07962962962962963
7 0.75234375 0.07962962962962963 0.05572916666666667 0.08888888888888889
0 0.70390625 0.812037037037037 0.04010416666666667 0.07222222222222222
8 0.20494791666666667 0.8277777777777777 0.044270833333333336 0.07407407407407407
6 0.22838541666666667 0.08333333333333333 0.0515625 0.0962962962962963
6 0.82578125 0.8361111111111111 0.05677083333333333 0.09444444444444444
2 0.7661458333333333 0.85 0.03854166666666667 0.08148148148148149
4 0.63203125 0.8657407407407407 0.04010416666666667 0.07962962962962963
6 0.58671875 0.8685185185185185 0.0515625 0.08888888888888889
2 0.19505208333333332 0.9046296296296297 0.05364583333333333 0.08703703703703704
2 0.84140625 0.9101851851851852 0.0421875 0.07222222222222222