0 0.3260416666666667 0.09351851851851851 0.036458333333333336 0.07592592592592592
4 0.15963541666666667 0.9467592592592593 0.044270833333333336 0.08425925925925926
2 0.37552083333333336 0.9527777777777777 0.04583333333333333 0.07777777777777778
2 0.18567708333333333 0.09583333333333334 0.05677083333333333 0.09351851851851851
7 0.8109375 0.9731481481481481 0.04375 0.05185185185185185
2 0.7674479166666667 0.975925925925926 0.0453125 0.046296296296296294
0 0.42890625 0.11064814814814815 0.0515625 0.09351851851851851
0 0.53515625 0.12083333333333333 0.04114583333333333 0.06944444444444445
4 0.5661458333333333 0.1537037037037037 0.035416666666666666 0.06111111111111111
0 0.396875 0.16157407407407406 0.04895833333333333 0.09907407407407408
2 0.4705729166666667 0.16620370370370371 0.0515625 0.10092592592592593
0 0.66171875 0.17222222222222222 0.0421875 0.06851851851851852
7 0.20234375 0.1875 0.0546875 0.09166666666666666
4 0.6177083333333333 0.20694444444444443 0.03854166666666667 0.0824074074074074
8 0.58515625 0.22592592592592592 0.0390625 0.06481481481481481
4 0.5487864583333334 0.23287037037037037 0.035416666666666666 0.06759259259259259
0 0.17265625 0.24351851851851852 0.04114583333333333 0.07407407407407407
1 0.334375 0.026851851851851852 0.040625 0.053703703703703705
2 0.6171875 0.27175925925925926 0.0375 0.0712962962962963
4 0.6559895833333333 0.28055555555555556 0.04114583333333333 0.06666666666666667
8 0.7856770833333333 0.2847222222222222 0.03802083333333333 0.06759259259259259
6 0.4859375 0.2884259259259259 0.058333333333333334 0.09722222222222222
5 0.5377604166666666 0.2967592592592593 0.0359375 0.06944444444444445
1 0.5817760416666666 0.3118888888888889 0.05 0.08981481481481482
0 0.7044270833333334 0.32175925925925924 0.04010416666666667 0.06388888888888888
1 0.18359375 0.32222222222222224 0.03802083333333333 0.07222222222222222
2 0.33958333333333335 0.3351851851851852 0.05520833333333333 0.08333333333333333
0 0.7666666666666667 0.33796296296296297 0.053125 0.08518518518518518
0 0.6455729166666667 0.35185185185185186 0.049479166666666664 0.08703703703703704
5 0.4625052083333333 0.36527777777777776 0.04895833333333333 0.09166666666666666
2 0.30755208333333334 0.3699074074074074 0.0296875 0.05648148148148148
2 0.6053802083333333 0.37221296296296297 0.03333333333333333 0.07592592592592592
2 0.2682291666666667 0.3814814814814815 0.041666666666666664 0.07222222222222222
4 0.4036458333333333 0.38796296296296295 0.03958333333333333 0.07037037037037037
8 0.5776041666666667 0.3907407407407407 0.0375 0.06111111111111111
0 0.17682291666666666 0.3962962962962963 0.049479166666666664 0.07962962962962963
7 0.7203125 0.3976851851851852 0.05625 0.09351851851851851
4 0.51640625 0.40185185185185185 0.04739583333333333 0.08333333333333333
0 0.7770833333333333 0.41805555555555557 0.059375 0.09166666666666666
0 0.3143229166666667 0.4217592592592593 0.034895833333333334 0.06388888888888888
2 0.36683854166666663 0.4313240740740741 0.03125 0.08055555555555556
7 0.196875 0.4527777777777778 0.040625 0.07777777777777778
2 0.45 0.4666666666666667 0.040625 0.07592592592592592
7 0.2565104166666667 0.4898148148148148 0.0421875 0.07777777777777778
4 0.8114583333333333 0.5037037037037037 0.036458333333333336 0.06851851851851852
0 0.76484375 0.5055555555555555 0.06302083333333333 0.10925925925925926
4 0.32395833333333335 0.5060185185185185 0.053125 0.08796296296296297
6 0.5049479166666667 0.5185185185185185 0.04739583333333333 0.08703703703703704
8 0.18984375 0.5189814814814815 0.0546875 0.10277777777777777
4 0.2799479166666667 0.05277777777777778 0.04114583333333333 0.07037037037037037
0 0.715625 0.5513888888888889 0.051041666666666666 0.08981481481481482
7 0.8046875 0.5814814814814815 0.058333333333333334 0.09814814814814815
7 0.5247395833333334 0.5842592592592593 0.05572916666666667 0.08518518518518518
0 0.7552083333333334 0.5953703703703703 0.036458333333333336 0.06666666666666667
8 0.49375 0.6046296296296296 0.03854166666666667 0.06666666666666667
2 0.278125 0.6092592592592593 0.04479166666666667 0.07962962962962963
0 0.23046875 0.6296296296296297 0.04010416666666667 0.07592592592592592
7 0.771875 0.6486111111111111 0.04479166666666667 0.07314814814814814
2 0.19583333333333333 0.6523148148148148 0.042708333333333334 0.07314814814814814
6 0.3812552083333333 0.06759259259259259 0.057291666666666664 0.11481481481481481
6 0.80625 0.6967592592592593 0.057291666666666664 0.08796296296296297
7 0.7046875 0.7023148148148148 0.04583333333333333 0.08425925925925926
4 0.16770833333333332 0.7162037037037037 0.036458333333333336 0.075
7 0.37447916666666664 0.7226851851851852 0.03958333333333333 0.07314814814814814
0 0.3307291666666667 0.7305555555555555 0.03958333333333333 0.07407407407407407
4 0.23932291666666666 0.7319444444444444 0.043229166666666666 0.06944444444444445
8 0.20572916666666666 0.7342592592592593 0.0375 0.07037037037037037
4 0.5833333333333334 0.7379629629629629 0.040625 0.07777777777777778
4 0.23671875 0.075 0.050520833333333334 0.09259259259259259
4 0.2862864583333334 0.7743888888888889 0.03958333333333333 0.07407407407407407
4 0.18810937500000005 0.7870370370370371 0.03802083333333333 0.06111111111111111
5 0.80546875 0.8160555555555555 0.0359375 0.06851851851851852
1 0.16067708333333333 0.8162037037037037 0.0421875 0.0712962962962963
0 0.45364583333333336 0.825925925925926 0.05 0.09814814814814815
6 0.37083333333333335 0.8379629629629629 0.042708333333333334 0.07037037037037037
8 0.1961822916666667 0.8493796296296297 0.040625 0.08333333333333333
4 0.15234375 0.8777777777777778 0.033854166666666664 0.05740740740740741
0 0.584375 0.0912037037037037 0.051041666666666666 0.08425925925925926
4 0.334375 0.9114166666666667 0.042708333333333334 0.09259259259259259
4 0.7643229166666666 0.9185185185185185 0.04114583333333333 0.07222222222222222
7 0.8057291666666667 0.9199074074074074 0.029166666666666667 0.049074074074074076