0 0.6111979166666667 0.17037037037037037 0.03697916666666667 0.06296296296296296
4 0.64375 0.23657407407407408 0.040625 0.06574074074074074
4 0.26536458333333335 0.5041666666666667 0.04114583333333333 0.075
2 0.7840416666666667 0.5504629629629629 0.04010416666666667 0.0712962962962963
6 0.45755208333333336 0.6037037037037037 0.0484375 0.08518518518518518
0 0.69921875 0.6129629629629629 0.050520833333333334 0.09074074074074075
7 0.5575520833333333 0.6643518518518519 0.05677083333333333 0.08796296296296297
6 0.73671875 0.7023148148148148 0.033854166666666664 0.05092592592592592
1 0.5330729166666667 0.7263888888888889 0.03697916666666667 0.062037037037037036
8 0.7440833333333333 0.7671296296296296 0.0453125 0.0712962962962963
0 0.6890625 0.7949074074074074 0.05416666666666667 0.08425925925925926