4 0.16145833333333334 0.9351851851851852 0.03958333333333333 0.07037037037037037
0 0.21901041666666668 0.95 0.044270833333333336 0.09814814814814815
8 0.5567708333333333 0.9541666666666667 0.052083333333333336 0.08981481481481482
1 0.5127604166666667 0.9680555555555556 0.04114583333333333 0.062037037037037036
7 0.4778645833333333 0.9717592592592592 0.04010416666666667 0.05462962962962963
5 0.8044270833333333 0.9717592592592592 0.0671875 0.05462962962962963
8 0.4421875 0.9731481481481481 0.040625 0.05185185185185185
2 0.18385416666666668 0.9777777777777777 0.041666666666666664 0.04259259259259259
2 0.7768229166666667 0.09814814814814815 0.0484375 0.07222222222222222
8 0.23020833333333332 0.1162037037037037 0.04895833333333333 0.09722222222222222
2 0.8059895833333334 0.1287037037037037 0.0421875 0.06851851851851852
2 0.5901927083333334 0.16620370370370371 0.04114583333333333 0.07314814814814814
0 0.5283854166666667 0.1787037037037037 0.03802083333333333 0.07037037037037037
7 0.7798593749999999 0.17916666666666667 0.040625 0.08425925925925926
2 0.5588541666666667 0.1986111111111111 0.034375 0.06944444444444445
6 0.8083333333333333 0.22592592592592592 0.04895833333333333 0.07777777777777778
4 0.496875 0.24768518518518517 0.03854166666666667 0.075
2 0.209375 0.26435185185185184 0.05416666666666667 0.09722222222222222
0 0.52734375 0.2740740740740741 0.0421875 0.06296296296296296
8 0.42994791666666665 0.29768518518518516 0.05260416666666667 0.09537037037037037
0 0.4796875 0.30185185185185187 0.03958333333333333 0.07037037037037037
7 0.3815104166666667 0.30324074074074076 0.05572916666666667 0.0824074074074074
7 0.2526041666666667 0.30694444444444446 0.042708333333333334 0.07685185185185185
0 0.6307291666666667 0.3125 0.04895833333333333 0.0824074074074074
2 0.68125 0.3199074074074074 0.05 0.08796296296296297
0 0.5752604166666667 0.32592592592592595 0.058854166666666666 0.10185185185185185
8 0.5203125 0.34305555555555556 0.035416666666666666 0.06944444444444445
0 0.7197916666666667 0.35185185185185186 0.03333333333333333 0.06481481481481481
4 0.48854166666666665 0.3611111111111111 0.034375 0.05925925925925926
0 0.7583333333333333 0.3662037037037037 0.05 0.075
4 0.38923437499999997 0.3685185185185185 0.04375 0.06111111111111111
4 0.4552083333333333 0.37037037037037035 0.03333333333333333 0.05925925925925926
1 0.171875 0.3861111111111111 0.0375 0.07222222222222222
7 0.32916666666666666 0.399537037037037 0.042708333333333334 0.07685185185185185
5 0.6708333333333333 0.40185185185185185 0.05520833333333333 0.08148148148148149
5 0.7989583333333333 0.0412037037037037 0.04583333333333333 0.06944444444444445
6 0.7182291666666667 0.4134259259259259 0.040625 0.058333333333333334
7 0.78046875 0.43796296296296294 0.05260416666666667 0.08888888888888889
2 0.40234375 0.44351851851851853 0.0390625 0.07407407407407407
7 0.3302083333333333 0.04583333333333333 0.03854166666666667 0.0787037037037037
2 0.7432291666666667 0.45555555555555555 0.04375 0.07222222222222222
2 0.4934895833333333 0.4689814814814815 0.058854166666666666 0.09537037037037037
7 0.36953125 0.47175925925925927 0.050520833333333334 0.08796296296296297
4 0.678125 0.4837962962962963 0.040625 0.07314814814814814
6 0.44921875 0.49027777777777776 0.05260416666666667 0.12314814814814815
2 0.3177083333333333 0.4976851851851852 0.06041666666666667 0.10277777777777777
1 0.20520833333333333 0.5069444444444444 0.04375 0.07314814814814814
7 0.7752604166666667 0.5106481481481482 0.04114583333333333 0.058333333333333334
2 0.7188385416666667 0.5165092592592593 0.0421875 0.06944444444444445
2 0.7484375 0.5680555555555555 0.04895833333333333 0.08425925925925926
8 0.19166666666666668 0.5856481481481481 0.03958333333333333 0.05648148148148148
4 0.32083333333333336 0.6027777777777777 0.03854166666666667 0.07222222222222222
8 0.2799479166666667 0.6111111111111112 0.03697916666666667 0.07407407407407407
6 0.23984375 0.6370370370370371 0.050520833333333334 0.09259259259259259
4 0.19947916666666668 0.6388888888888888 0.04479166666666667 0.07037037037037037
8 0.5914999999999999 0.6527777777777778 0.040625 0.07962962962962963
4 0.3611979166666667 0.6601851851851852 0.03697916666666667 0.07037037037037037
7 0.16796875 0.6856481481481481 0.04010416666666667 0.10277777777777777
2 0.8018229166666667 0.6884259259259259 0.0515625 0.09351851851851851
4 0.3541666666666667 0.7152777777777778 0.05 0.075
7 0.3085052083333333 0.7248425925925926 0.03854166666666667 0.06759259259259259
2 0.7125 0.7287037037037037 0.04479166666666667 0.07222222222222222
4 0.76953125 0.7319444444444444 0.043229166666666666 0.06944444444444445
7 0.16328125 0.7435185185185185 0.03697916666666667 0.06111111111111111
2 0.8096354166666667 0.7523148148148148 0.0359375 0.05092592592592592
0 0.81171875 0.7986111111111112 0.0421875 0.06018518518518518
7 0.17786458333333333 0.8055555555555556 0.0515625 0.09814814814814815
7 0.2838541666666667 0.8101851851851852 0.05 0.09259259259259259
2 0.28151041666666665 0.08472222222222223 0.04010416666666667 0.06759259259259259
2 0.6947916666666667 0.850462962962963 0.04375 0.075
0 0.35859375 0.8726851851851852 0.03697916666666667 0.0787037037037037
6 0.8002604166666667 0.8875 0.0671875 0.12129629629629629
7 0.45859375 0.9152777777777777 0.04010416666666667 0.07685185185185185
8 0.2657135416666667 0.925 0.05260416666666667 0.09074074074074075