8 0.3541666666666667 0.2513888888888889 0.040625 0.0787037037037037
2 0.58046875 0.28888888888888886 0.0453125 0.07962962962962963
0 0.3302083333333333 0.3587962962962963 0.03854166666666667 0.0787037037037037
8 0.6888906250000001 0.4388888888888889 0.042708333333333334 0.07592592592592592
4 0.34296875 0.4898148148148148 0.04114583333333333 0.07407407407407407
8 0.4890625 0.5597222222222222 0.0375 0.07314814814814814
0 0.6005208333333333 0.5689814814814815 0.03958333333333333 0.07685185185185185
4 0.428125 0.5709907407407407 0.03854166666666667 0.06851851851851852
8 0.5109375 0.6054074074074074 0.03958333333333333 0.07314814814814814
0 0.6421875 0.6134259259259259 0.052083333333333336 0.09166666666666666
2 0.5552083333333333 0.6856481481481481 0.059375 0.09537037037037037
6 0.63203125 0.6935185185185185 0.0546875 0.1
2 0.3828125 0.8689814814814815 0.05 0.08425925925925926