7 0.77578125 0.9324074074074075 0.0546875 0.07592592592592592
0 0.3697916666666667 0.9476851851851852 0.06979166666666667 0.10277777777777777
4 0.7984375 0.9652777777777778 0.04583333333333333 0.06759259259259259
0 0.746875 0.9652777777777778 0.053125 0.06759259259259259
0 0.22708333333333333 0.9699074074074074 0.06354166666666666 0.058333333333333334
4 0.3260416666666667 0.9726851851851852 0.04583333333333333 0.05277777777777778
4 0.30442708333333335 0.1574074074074074 0.04635416666666667 0.06666666666666667
2 0.5731770833333333 0.17037037037037037 0.0421875 0.06666666666666667
8 0.6591145833333333 0.21481481481481482 0.03697916666666667 0.07037037037037037
4 0.30494791666666665 0.21851851851851853 0.044270833333333336 0.08148148148148149
0 0.5846354166666666 0.23796296296296296 0.05260416666666667 0.09444444444444444
1 0.62421875 0.2601851851851852 0.03802083333333333 0.06851851851851852
4 0.49140625 0.2601851851851852 0.04739583333333333 0.07592592592592592
4 0.2559895833333333 0.287962962962963 0.044270833333333336 0.06111111111111111
4 0.30390625 0.30277777777777776 0.03697916666666667 0.046296296296296294
7 0.7065104166666667 0.33055555555555555 0.04739583333333333 0.07962962962962963
2 0.6236979166666666 0.34074074074074073 0.043229166666666666 0.07407407407407407
4 0.16640625 0.3425925925925926 0.03697916666666667 0.05555555555555555
6 0.5606770833333333 0.35 0.049479166666666664 0.0962962962962963
4 0.45807291666666666 0.3537037037037037 0.04114583333333333 0.07037037037037037
8 0.66328125 0.35462962962962963 0.043229166666666666 0.07222222222222222
6 0.2903645833333333 0.36944444444444446 0.06302083333333333 0.11666666666666667
1 0.39401041666666664 0.375 0.04635416666666667 0.06111111111111111
0 0.5986979166666667 0.39814814814814814 0.0453125 0.06296296296296296
1 0.20546875 0.412962962962963 0.044270833333333336 0.07407407407407407
0 0.7184895833333333 0.4185185185185185 0.05572916666666667 0.08888888888888889
5 0.67109375 0.42407407407407405 0.0421875 0.07037037037037037
4 0.16744791666666667 0.4287037037037037 0.044270833333333336 0.09444444444444444
4 0.38984375 0.44074074074074077 0.0484375 0.07037037037037037
2 0.24401041666666667 0.46296296296296297 0.07135416666666666 0.0962962962962963
0 0.5627604166666667 0.4666666666666667 0.0421875 0.06666666666666667
4 0.79296875 0.4722222222222222 0.04010416666666667 0.05925925925925926
2 0.69921875 0.48333333333333334 0.04739583333333333 0.07407407407407407
4 0.66328125 0.5064814814814815 0.0421875 0.06111111111111111
6 0.5747395833333333 0.5148148148148148 0.034895833333333334 0.05555555555555555
1 0.76796875 0.5194444444444445 0.044270833333333336 0.06481481481481481
0 0.4080729166666667 0.5305555555555556 0.043229166666666666 0.07962962962962963
0 0.73515625 0.537962962962963 0.04114583333333333 0.06481481481481481
7 0.3611979166666667 0.5444444444444444 0.034895833333333334 0.05925925925925926
0 0.63515625 0.5462962962962963 0.0453125 0.08518518518518518
8 0.7018229166666666 0.5574074074074075 0.03802083333333333 0.07037037037037037
2 0.81015625 0.5592592592592592 0.043229166666666666 0.06666666666666667
2 0.5997395833333333 0.5611111111111111 0.030729166666666665 0.06296296296296296
7 0.3424479166666667 0.5805555555555556 0.03177083333333333 0.046296296296296294
1 0.5403645833333334 0.5990740740740741 0.043229166666666666 0.06851851851851852
4 0.49713541666666666 0.5990740740740741 0.044270833333333336 0.07592592592592592
6 0.26953125 0.6027777777777777 0.06302083333333333 0.11296296296296296
2 0.7674479166666667 0.6027777777777777 0.05677083333333333 0.09814814814814815
0 0.43723958333333335 0.6157407407407407 0.033854166666666664 0.07962962962962963
4 0.65546875 0.6555555555555556 0.0484375 0.08888888888888889
6 0.8044270833333333 0.6861111111111111 0.04635416666666667 0.09074074074074075
8 0.7591145833333334 0.687962962962963 0.043229166666666666 0.07222222222222222
0 0.68828125 0.7425925925925926 0.0546875 0.1037037037037037
0 0.7393229166666667 0.7435185185185185 0.0515625 0.10185185185185185
7 0.6309895833333333 0.7574074074074074 0.0453125 0.07037037037037037
2 0.8059895833333334 0.7694444444444445 0.0484375 0.08333333333333333
0 0.58203125 0.7722222222222223 0.0546875 0.0962962962962963
0 0.28567708333333336 0.7796296296296297 0.06302083333333333 0.10740740740740741
4 0.3455729166666667 0.7824074074074074 0.04010416666666667 0.07592592592592592
6 0.4934895833333333 0.7861111111111111 0.04114583333333333 0.07222222222222222
7 0.77421875 0.8185185185185185 0.04739583333333333 0.07407407407407407
2 0.81328125 0.8574074074074074 0.0390625 0.05185185185185185
2 0.30494791666666665 0.8685185185185185 0.04739583333333333 0.07407407407407407
4 0.23880208333333333 0.8962962962962963 0.05677083333333333 0.09259259259259259
2 0.81640625 0.9101851851851852 0.044270833333333336 0.06481481481481481
2 0.3216145833333333 0.9166666666666666 0.043229166666666666 0.06666666666666667