4 0.61953125 0.9467592592592593 0.049479166666666664 0.08425925925925926
2 0.62890625 0.3587962962962963 0.0390625 0.0712962962962963
7 0.54140625 0.04027777777777778 0.05572916666666667 0.08055555555555556
1 0.7002604166666667 0.43472222222222223 0.044270833333333336 0.08981481481481482
0 0.43697916666666664 0.4564814814814815 0.04375 0.08148148148148149
7 0.30807291666666664 0.4875 0.04739583333333333 0.08425925925925926
2 0.5158854166666667 0.6537037037037037 0.0546875 0.09814814814814815
8 0.41822916666666665 0.6615740740740741 0.05 0.09907407407407408
2 0.5302916666666666 0.7348703703703704 0.0390625 0.07037037037037037
0 0.7221354166666667 0.7731481481481481 0.05677083333333333 0.08518518518518518
4 0.5127604166666667 0.8185185185185185 0.0421875 0.07222222222222222