0 0.6533854166666667 0.9388888888888889 0.04010416666666667 0.07777777777777778
7 0.37265625 0.10185185185185185 0.04114583333333333 0.08518518518518518
2 0.48671875 0.11851851851851852 0.050520833333333334 0.09259259259259259
2 0.5330729166666667 0.1527777777777778 0.04114583333333333 0.06851851851851852
6 0.8049479166666667 0.2064814814814815 0.04739583333333333 0.07592592592592592
8 0.5268229166666667 0.21481481481481482 0.034895833333333334 0.06296296296296296
8 0.36953125 0.21666666666666667 0.034895833333333334 0.06296296296296296
6 0.49505208333333334 0.2740740740740741 0.03802083333333333 0.07037037037037037
0 0.29348958333333336 0.2814814814814815 0.03697916666666667 0.06666666666666667
2 0.8039010416666666 0.31574074074074077 0.05364583333333333 0.08703703703703704
4 0.53359375 0.33240740740740743 0.0359375 0.06851851851851852
4 0.19088541666666667 0.3416666666666667 0.04635416666666667 0.07592592592592592
8 0.5565104166666667 0.3824074074074074 0.04010416666666667 0.06851851851851852
6 0.16328125 0.38981481481481484 0.0265625 0.05740740740740741
5 0.2872395833333333 0.3925925925925926 0.0390625 0.07037037037037037
7 0.22838541666666667 0.3990740740740741 0.0359375 0.07222222222222222
6 0.5955729166666667 0.42407407407407405 0.0640625 0.1037037037037037
0 0.5294270833333333 0.43796296296296294 0.0484375 0.08703703703703704
4 0.35182291666666665 0.4388888888888889 0.0390625 0.06666666666666667
4 0.2559895833333333 0.45925925925925926 0.034895833333333334 0.07037037037037037
0 0.31223958333333335 0.4703703703703704 0.05364583333333333 0.08148148148148149
5 0.6841145833333333 0.4759259259259259 0.06614583333333333 0.1111111111111111
8 0.16692708333333334 0.4787037037037037 0.04010416666666667 0.06851851851851852
4 0.44505208333333335 0.4842592592592593 0.0484375 0.09074074074074075
2 0.20442708333333334 0.4898148148148148 0.03177083333333333 0.07222222222222222
2 0.2752604166666667 0.5064814814814815 0.0421875 0.06851851851851852
7 0.6169270833333333 0.05092592592592592 0.05260416666666667 0.09074074074074075
4 0.7419270833333333 0.5462962962962963 0.04114583333333333 0.06666666666666667
1 0.63046875 0.5675925925925925 0.044270833333333336 0.07962962962962963
4 0.44453125 0.575925925925926 0.0390625 0.07407407407407407
8 0.2559895833333333 0.5777777777777777 0.05572916666666667 0.08888888888888889
4 0.5888020833333333 0.5824074074074074 0.04010416666666667 0.07222222222222222
0 0.33203125 0.5888888888888889 0.049479166666666664 0.08888888888888889
0 0.7721354166666666 0.5916666666666667 0.050520833333333334 0.08333333333333333
0 0.5096354166666667 0.612037037037037 0.050520833333333334 0.08703703703703704
2 0.26588541666666665 0.6611111111111111 0.044270833333333336 0.05925925925925926
0 0.7549479166666667 0.6916666666666667 0.0453125 0.07962962962962963
0 0.24661458333333333 0.7148148148148148 0.0390625 0.08148148148148149
2 0.52109375 0.7166666666666667 0.044270833333333336 0.07407407407407407
5 0.19088541666666667 0.7240740740740741 0.05260416666666667 0.09259259259259259
0 0.68671875 0.774074074074074 0.06302083333333333 0.10740740740740741
0 0.2721354166666667 0.7814814814814814 0.0546875 0.09259259259259259
4 0.6080729166666666 0.7972222222222223 0.0390625 0.07962962962962963
4 0.7424479166666667 0.8416666666666667 0.0515625 0.09814814814814815
4 0.66328125 0.8518518518518519 0.0390625 0.07777777777777778
8 0.6986979166666667 0.8685185185185185 0.043229166666666666 0.07777777777777778
6 0.32005208333333335 0.8953703703703704 0.06510416666666667 0.11296296296296296
7 0.5731770833333333 0.8953703703703704 0.04635416666666667 0.08333333333333333
7 0.18359375 0.925 0.04010416666666667 0.07222222222222222