8 0.7403645833333333 0.9416666666666667 0.04010416666666667 0.08333333333333333
4 0.6893229166666667 0.95 0.044270833333333336 0.08148148148148149
1 0.3229166666666667 0.9578703703703704 0.046875 0.0824074074074074
8 0.3671875 0.9606481481481481 0.041666666666666664 0.07685185185185185
0 0.1921875 0.9699074074074074 0.05416666666666667 0.058333333333333334
4 0.271875 0.9726851851851852 0.04895833333333333 0.05277777777777778
0 0.23385416666666667 0.9736111111111111 0.046875 0.05092592592592592
5 0.4075520833333333 0.23148148148148148 0.0765625 0.11851851851851852
0 0.5075520833333333 0.27037037037037037 0.05364583333333333 0.1037037037037037
4 0.60234375 0.3055555555555556 0.04739583333333333 0.09259259259259259
4 0.4315104166666667 0.33055555555555555 0.043229166666666666 0.06851851851851852
2 0.47682291666666665 0.33611111111111114 0.04635416666666667 0.07592592592592592
8 0.3971354166666667 0.3416666666666667 0.05364583333333333 0.08333333333333333
4 0.5908854166666667 0.37962962962962965 0.0453125 0.07777777777777778
8 0.4231770833333333 0.39351851851851855 0.04739583333333333 0.07592592592592592
4 0.46640625 0.3962962962962963 0.049479166666666664 0.06296296296296296
6 0.8341145833333333 0.4 0.03177083333333333 0.08888888888888889
0 0.7158854166666667 0.4046296296296296 0.04114583333333333 0.09444444444444444
7 0.6325520833333333 0.42592592592592593 0.0515625 0.08518518518518518
0 0.46432291666666664 0.487962962962963 0.06510416666666667 0.09444444444444444
5 0.7294270833333333 0.5148148148148148 0.06614583333333333 0.1
7 0.38255208333333335 0.05185185185185185 0.05677083333333333 0.0962962962962963
0 0.20078125 0.5555555555555556 0.07552083333333333 0.11851851851851852
7 0.8044270833333333 0.5703703703703704 0.043229166666666666 0.09259259259259259
2 0.75859375 0.5805555555555556 0.0453125 0.07962962962962963
6 0.30442708333333335 0.5814814814814815 0.04739583333333333 0.09259259259259259
4 0.41953125 0.6296296296296297 0.0421875 0.08148148148148149
8 0.7221354166666667 0.6388888888888888 0.0578125 0.1
8 0.8341145833333333 0.6453703703703704 0.0421875 0.07222222222222222
5 0.18411458333333333 0.06481481481481481 0.03697916666666667 0.10740740740740741
7 0.63828125 0.65 0.0484375 0.08518518518518518
2 0.7684895833333333 0.6555555555555556 0.05677083333333333 0.1037037037037037
6 0.22161458333333334 0.6972222222222222 0.0671875 0.10925925925925926
2 0.6143229166666667 0.7222222222222222 0.0421875 0.09259259259259259
0 0.65078125 0.7324074074074074 0.043229166666666666 0.08333333333333333
4 0.18880208333333334 0.7574074074074074 0.043229166666666666 0.08518518518518518
8 0.42265625 0.7620370370370371 0.044270833333333336 0.09444444444444444
0 0.51171875 0.7851851851851852 0.07239583333333334 0.10740740740740741
7 0.32265625 0.787962962962963 0.0671875 0.10185185185185185
6 0.82578125 0.8083333333333333 0.07552083333333333 0.13518518518518519
1 0.18984375 0.8203703703703704 0.0390625 0.07407407407407407
1 0.22421875 0.8342592592592593 0.0421875 0.05740740740740741
0 0.3294270833333333 0.8712962962962963 0.0515625 0.08333333333333333
4 0.5278645833333333 0.8796296296296297 0.050520833333333334 0.08888888888888889
2 0.4002604166666667 0.8972222222222223 0.059895833333333336 0.09814814814814815
0 0.18984375 0.9111111111111111 0.043229166666666666 0.07407407407407407
0 0.24140625 0.9185185185185185 0.044270833333333336 0.07777777777777778