0 0.69140625 0.9314814814814815 0.05677083333333333 0.08888888888888889
5 0.36171875 0.2953703703703704 0.06197916666666667 0.10555555555555556
1 0.6111979166666667 0.29814814814814816 0.04114583333333333 0.06666666666666667
6 0.56171875 0.31203703703703706 0.06197916666666667 0.09814814814814815
4 0.4981770833333333 0.325 0.0390625 0.07962962962962963
7 0.44869791666666664 0.35462962962962963 0.0546875 0.09444444444444444
4 0.5158854166666667 0.37222222222222223 0.04010416666666667 0.07777777777777778
4 0.4825520833333333 0.3972222222222222 0.03697916666666667 0.07592592592592592
8 0.27578125 0.4 0.05260416666666667 0.07407407407407407
0 0.55390625 0.4148148148148148 0.0484375 0.08888888888888889
4 0.5684895833333333 0.4740740740740741 0.0421875 0.06666666666666667
7 0.6252604166666667 0.48148148148148145 0.05572916666666667 0.07037037037037037
0 0.48203125 0.49537037037037035 0.07135416666666666 0.10925925925925926
8 0.6200520833333333 0.5592592592592592 0.0515625 0.08148148148148149
0 0.5028645833333333 0.8518518518518519 0.05260416666666667 0.0962962962962963