0 0.4315104166666667 0.950925925925926 0.0515625 0.07962962962962963
8 0.5466145833333333 0.9555555555555556 0.03802083333333333 0.07777777777777778
8 0.5916666666666667 0.9634259259259259 0.04479166666666667 0.0712962962962963
4 0.34348958333333335 0.9657407407407408 0.033854166666666664 0.05
6 0.7619791666666667 0.9689814814814814 0.041666666666666664 0.06018518518518518
2 0.3455729166666667 0.1037037037037037 0.0421875 0.07407407407407407
8 0.77265625 0.13148148148148148 0.044270833333333336 0.07037037037037037
0 0.81796875 0.14722222222222223 0.049479166666666664 0.09444444444444444
0 0.31953125 0.14907407407407408 0.03802083333333333 0.06111111111111111
0 0.37734375 0.1574074074074074 0.06197916666666667 0.11481481481481481
4 0.31953125 0.2101851851851852 0.0359375 0.05740740740740741
4 0.33567708333333335 0.24444444444444444 0.043229166666666666 0.07407407407407407
8 0.23828125 0.25 0.0359375 0.07037037037037037
4 0.5247395833333334 0.2712962962962963 0.033854166666666664 0.06111111111111111
1 0.8247395833333333 0.29907407407407405 0.0484375 0.07592592592592592
4 0.48411458333333335 0.32407407407407407 0.0484375 0.09259259259259259
8 0.27630208333333334 0.33055555555555555 0.0515625 0.08333333333333333
7 0.32317708333333334 0.3314814814814815 0.05572916666666667 0.08888888888888889
0 0.68359375 0.03333333333333333 0.03697916666666667 0.06666666666666667
2 0.3684895833333333 0.03611111111111111 0.0421875 0.07222222222222222
4 0.30494791666666665 0.40555555555555556 0.044270833333333336 0.07777777777777778
0 0.3190104166666667 0.041666666666666664 0.0390625 0.06481481481481481
4 0.19505208333333332 0.41944444444444445 0.0453125 0.08333333333333333
7 0.24817708333333333 0.4305555555555556 0.04114583333333333 0.07222222222222222
4 0.34401041666666665 0.4305555555555556 0.04114583333333333 0.07592592592592592
1 0.7424479166666667 0.4462962962962963 0.04635416666666667 0.07407407407407407
0 0.8294270833333334 0.4564814814814815 0.04739583333333333 0.07962962962962963
2 0.27682291666666664 0.475 0.04010416666666667 0.07222222222222222
4 0.6591145833333333 0.4898148148148148 0.0421875 0.07592592592592592
1 0.61796875 0.4935185185185185 0.0390625 0.07592592592592592
0 0.5768229166666666 0.49537037037037035 0.050520833333333334 0.07962962962962963
0 0.7752604166666667 0.053703703703703705 0.05364583333333333 0.1
7 0.6919270833333333 0.5407407407407407 0.0328125 0.05925925925925926
2 0.7325520833333333 0.05462962962962963 0.04114583333333333 0.06111111111111111
4 0.6502604166666667 0.5583333333333333 0.04114583333333333 0.07222222222222222
4 0.83515625 0.5731481481481482 0.03802083333333333 0.07222222222222222
0 0.7231770833333333 0.5953703703703703 0.04739583333333333 0.08333333333333333
0 0.6809895833333334 0.6 0.0421875 0.07407407407407407
4 0.7841145833333333 0.6037037037037037 0.044270833333333336 0.07407407407407407
4 0.83125 0.6259259259259259 0.04375 0.07037037037037037
4 0.28046875 0.06481481481481481 0.043229166666666666 0.07037037037037037
2 0.3419270833333333 0.6518518518518519 0.05364583333333333 0.08888888888888889
1 0.24088541666666666 0.6722222222222223 0.0453125 0.07037037037037037
8 0.43776041666666665 0.687037037037037 0.0515625 0.08518518518518518
4 0.56328125 0.7138888888888889 0.0421875 0.07592592592592592
2 0.26119791666666664 0.7222222222222222 0.033854166666666664 0.05185185185185185
6 0.48671875 0.7675925925925926 0.0453125 0.07592592592592592
8 0.25026041666666665 0.7722222222222223 0.0390625 0.06296296296296296
7 0.23411458333333332 0.812037037037037 0.03177083333333333 0.05740740740740741
0 0.35651041666666666 0.8138888888888889 0.0578125 0.09444444444444444
5 0.19453125 0.8388888888888889 0.0484375 0.08148148148148149
0 0.84140625 0.85 0.04635416666666667 0.07777777777777778
1 0.24973958333333332 0.8638888888888889 0.0421875 0.07222222222222222
7 0.48203125 0.9222222222222223 0.058854166666666666 0.0962962962962963