5 0.65703125 0.9268518518518518 0.06302083333333333 0.11666666666666667
1 0.3768229166666667 0.9555555555555556 0.04010416666666667 0.07037037037037037
6 0.33567708333333335 0.2037037037037037 0.049479166666666664 0.08518518518518518
7 0.2674479166666667 0.2740740740740741 0.0390625 0.07037037037037037
6 0.31015625 0.3416666666666667 0.0578125 0.09444444444444444
0 0.78203125 0.34444444444444444 0.04010416666666667 0.07407407407407407
0 0.5361979166666667 0.38333333333333336 0.04010416666666667 0.07037037037037037
2 0.6117239583333334 0.4101851851851852 0.0328125 0.06111111111111111
0 0.5830729166666667 0.4361111111111111 0.0359375 0.06481481481481481
2 0.28932291666666665 0.46574074074074073 0.04114583333333333 0.06851851851851852
0 0.24817708333333333 0.6212962962962963 0.05572916666666667 0.09074074074074075
7 0.5627604166666667 0.649074074074074 0.043229166666666666 0.07592592592592592
6 0.20963541666666666 0.65 0.028645833333333332 0.05555555555555555
0 0.6565104166666667 0.7 0.03697916666666667 0.06666666666666667
7 0.5450520833333333 0.7064814814814815 0.05364583333333333 0.07962962962962963
7 0.26848958333333334 0.7157407407407408 0.0421875 0.06851851851851852
2 0.47369791666666666 0.7277777777777777 0.033854166666666664 0.06666666666666667
0 0.41744791666666664 0.7712962962962963 0.05260416666666667 0.09444444444444444
0 0.5268229166666667 0.8101851851851852 0.04010416666666667 0.07592592592592592
5 0.3059895833333333 0.850925925925926 0.04010416666666667 0.07222222222222222
1 0.45390625 0.8564814814814815 0.03802083333333333 0.07962962962962963
7 0.72265625 0.9083333333333333 0.044270833333333336 0.08703703703703704