4 0.46979166666666666 0.18287037037037038 0.042708333333333334 0.0824074074074074
0 0.578125 0.3314814814814815 0.042708333333333334 0.08333333333333333
0 0.44296875 0.34675925925925927 0.0390625 0.07685185185185185
1 0.26953125 0.3611111111111111 0.044270833333333336 0.08333333333333333
8 0.20026041666666666 0.3800925925925926 0.0453125 0.07685185185185185
2 0.2552083333333333 0.42268518518518516 0.04479166666666667 0.08055555555555556
4 0.7513020833333334 0.43703703703703706 0.04739583333333333 0.07962962962962963
0 0.5981770833333333 0.4546296296296296 0.0546875 0.08148148148148149
2 0.5360260416666667 0.49860185185185185 0.05364583333333333 0.08425925925925926
7 0.584375 0.5180555555555556 0.036458333333333336 0.06759259259259259
2 0.6184895833333334 0.5657407407407408 0.0609375 0.10740740740740741
4 0.5192708333333333 0.5703703703703704 0.052083333333333336 0.08333333333333333