8 0.66640625 0.09444444444444444 0.04010416666666667 0.07037037037037037
2 0.58359375 0.1814814814814815 0.034895833333333334 0.07037037037037037
4 0.23567708333333334 0.28425925925925927 0.05572916666666667 0.09074074074074075
6 0.6919270833333333 0.4111111111111111 0.03697916666666667 0.06666666666666667
0 0.27265625 0.4287037037037037 0.050520833333333334 0.09074074074074075
6 0.3502604166666667 0.4305555555555556 0.043229166666666666 0.07222222222222222
0 0.20807291666666666 0.05 0.04010416666666667 0.08148148148148149
4 0.24401041666666667 0.5111111111111111 0.043229166666666666 0.06666666666666667
0 0.59921875 0.06018518518518518 0.043229166666666666 0.07962962962962963
2 0.44557291666666665 0.6435185185185185 0.058854166666666666 0.10925925925925926
4 0.24973958333333332 0.7212962962962963 0.04010416666666667 0.07222222222222222
4 0.3658854166666667 0.7564814814814815 0.043229166666666666 0.06851851851851852