4 0.3614583333333333 0.15648148148148147 0.03958333333333333 0.07222222222222222
8 0.6369791666666667 0.18009259259259258 0.053125 0.10092592592592593
4 0.29296875 0.1935185185185185 0.03697916666666667 0.06296296296296296
6 0.22109375 0.19490740740740742 0.0578125 0.09351851851851851
0 0.3307291666666667 0.2199074074074074 0.040625 0.05648148148148148
0 0.6940104166666666 0.24027777777777778 0.04010416666666667 0.07685185185185185
0 0.5234375 0.2810185185185185 0.06041666666666667 0.10277777777777777
2 0.3497395833333333 0.2814814814814815 0.0421875 0.06296296296296296
6 0.2903645833333333 0.28379629629629627 0.0640625 0.11388888888888889
2 0.71171875 0.3939814814814815 0.04114583333333333 0.06574074074074074
4 0.4479166666666667 0.44722222222222224 0.04583333333333333 0.07037037037037037
8 0.2994791666666667 0.4777777777777778 0.04479166666666667 0.07222222222222222
4 0.7955729166666666 0.6430555555555556 0.04739583333333333 0.07685185185185185
2 0.5651041666666666 0.6564814814814814 0.034375 0.06296296296296296
7 0.3138020833333333 0.7337962962962963 0.04739583333333333 0.075
2 0.5057291666666667 0.7787037037037037 0.03854166666666667 0.07962962962962963