8 0.77109375 0.11296296296296296 0.03697916666666667 0.06666666666666667
2 0.5846354166666666 0.175 0.0390625 0.07962962962962963
2 0.5549479166666667 0.3490740740740741 0.05677083333333333 0.10185185185185185
0 0.49765625 0.35555555555555557 0.050520833333333334 0.08888888888888889
6 0.7018229166666666 0.3768518518518518 0.0359375 0.06851851851851852
4 0.44088541666666664 0.38796296296296295 0.0453125 0.09074074074074075
6 0.70703125 0.4601851851851852 0.033854166666666664 0.05740740740740741
4 0.24609375 0.6444444444444445 0.0390625 0.07037037037037037
4 0.20546875 0.6527777777777778 0.03697916666666667 0.07592592592592592
4 0.30130208333333336 0.7712962962962963 0.043229166666666666 0.07592592592592592
0 0.5184895833333333 0.8027777777777778 0.0359375 0.06851851851851852