2 0.7138020833333333 0.3023148148148148 0.0359375 0.062037037037037036
8 0.29010416666666666 0.3037037037037037 0.04583333333333333 0.07962962962962963
7 0.6096354166666667 0.3439814814814815 0.0546875 0.08981481481481482
4 0.4149270833333334 0.3561666666666667 0.042708333333333334 0.06851851851851852
7 0.3802083333333333 0.4009259259259259 0.046875 0.08703703703703704
4 0.33828125 0.4101851851851852 0.0328125 0.06666666666666667
6 0.303125 0.41898148148148145 0.034375 0.06574074074074074
0 0.2546875 0.44212962962962965 0.035416666666666666 0.06018518518518518
7 0.3453125 0.4666666666666667 0.0375 0.06481481481481481
8 0.465625 0.4888888888888889 0.052083333333333336 0.08888888888888889
0 0.2669270833333333 0.4981481481481482 0.04010416666666667 0.06851851851851852
7 0.56640625 0.5101851851851852 0.04114583333333333 0.07777777777777778
0 0.22421875 0.5148148148148148 0.05260416666666667 0.09444444444444444
4 0.32864583333333336 0.5203703703703704 0.035416666666666666 0.06851851851851852
8 0.36770833333333336 0.524074074074074 0.036458333333333336 0.06481481481481481
0 0.7252604166666666 0.5412037037037037 0.0671875 0.10277777777777777
6 0.4401041666666667 0.5824074074074074 0.0375 0.07777777777777778
4 0.484375 0.5925925925925926 0.04895833333333333 0.09074074074074075
4 0.5372395833333333 0.5949074074074074 0.04739583333333333 0.08425925925925926
2 0.6085052083333333 0.6109537037037037 0.04791666666666667 0.08425925925925926
0 0.2942708333333333 0.6314814814814815 0.03333333333333333 0.05740740740740741
4 0.2598958333333333 0.6393518518518518 0.03958333333333333 0.07685185185185185
2 0.33307291666666666 0.6509259259259259 0.0515625 0.0962962962962963
2 0.72890625 0.6777777777777778 0.043229166666666666 0.07592592592592592
4 0.815625 0.7018518518518518 0.03229166666666667 0.06481481481481481
4 0.6283854166666667 0.725 0.0484375 0.07037037037037037
2 0.6606770833333333 0.8976851851851851 0.033854166666666664 0.06388888888888888