0 0.221875 0.21666666666666667 0.040625 0.07222222222222222
7 0.2872395833333333 0.35694444444444445 0.03697916666666667 0.06944444444444445
4 0.5174479166666667 0.3800925925925926 0.05364583333333333 0.08425925925925926
0 0.2747395833333333 0.4148148148148148 0.03802083333333333 0.07037037037037037
7 0.43802083333333336 0.4462962962962963 0.035416666666666666 0.06296296296296296
4 0.47942708333333334 0.4513888888888889 0.03802083333333333 0.06574074074074074
4 0.41822916666666665 0.5027777777777778 0.051041666666666666 0.07962962962962963
4 0.19557291666666668 0.5111111111111111 0.0453125 0.07592592592592592
1 0.45825 0.554324074074074 0.04114583333333333 0.06481481481481481
0 0.3885416666666667 0.586574074074074 0.040625 0.06574074074074074
2 0.3515625 0.6263888888888889 0.04479166666666667 0.07314814814814814
4 0.5388020833333333 0.6273148148148148 0.03177083333333333 0.05092592592592592
2 0.4557291666666667 0.6337962962962963 0.051041666666666666 0.08611111111111111
4 0.20755208333333333 0.6412037037037037 0.04114583333333333 0.06574074074074074
4 0.4044270833333333 0.6564814814814814 0.03697916666666667 0.06851851851851852
0 0.271875 0.6935185185185185 0.03958333333333333 0.07222222222222222
1 0.20572916666666666 0.7578703703703704 0.04583333333333333 0.075
0 0.56640625 0.7754629629629629 0.04010416666666667 0.06944444444444445
2 0.44947916666666665 0.7810185185185186 0.030208333333333334 0.05648148148148148
7 0.2747395833333333 0.9162037037037037 0.0484375 0.06944444444444445
8 0.58515625 0.9194444444444444 0.04635416666666667 0.07407407407407407