7 0.7200520833333334 0.09583333333333334 0.05260416666666667 0.09351851851851851
2 0.4518229166666667 0.15416666666666667 0.0390625 0.06944444444444445
4 0.6077291666666668 0.1575648148148148 0.043229166666666666 0.08981481481481482
1 0.71484375 0.1824074074074074 0.0421875 0.06296296296296296
6 0.6471354166666666 0.21296296296296297 0.07135416666666666 0.12037037037037036
0 0.74375 0.23657407407407408 0.042708333333333334 0.0787037037037037
8 0.27578125 0.24027777777777778 0.0578125 0.09351851851851851
0 0.49227604166666666 0.2913611111111111 0.0421875 0.07222222222222222
2 0.4713541666666667 0.37175925925925923 0.0375 0.06388888888888888
0 0.7940104166666667 0.4236111111111111 0.04635416666666667 0.08611111111111111
2 0.190625 0.42777777777777776 0.04479166666666667 0.09074074074074075
5 0.43697916666666664 0.4425925925925926 0.05416666666666667 0.09814814814814815
0 0.44609375 0.5546296296296296 0.044270833333333336 0.09259259259259259
2 0.8057291666666667 0.6550925925925926 0.04375 0.06759259259259259
7 0.7848958333333333 0.7078703703703704 0.04375 0.07314814814814814