4 0.2825520833333333 0.15092592592592594 0.058854166666666666 0.09814814814814815
7 0.4010416666666667 0.021296296296296296 0.029166666666666667 0.04259259259259259
1 0.3684895833333333 0.25092592592592594 0.043229166666666666 0.07037037037037037
4 0.2546875 0.32916666666666666 0.04375 0.075
1 0.39505208333333336 0.362962962962963 0.03802083333333333 0.07222222222222222
0 0.7239583333333334 0.3912037037037037 0.042708333333333334 0.075
4 0.35234375 0.04259259259259259 0.0421875 0.07222222222222222
7 0.22083333333333333 0.4398148148148148 0.03958333333333333 0.07037037037037037
7 0.7057291666666666 0.47175925925925927 0.03958333333333333 0.07685185185185185
0 0.42907812500000003 0.5155833333333334 0.04114583333333333 0.06759259259259259
4 0.7625 0.537962962962963 0.04375 0.07962962962962963
4 0.40208333333333335 0.5796296296296296 0.04479166666666667 0.08148148148148149
8 0.5078125 0.6587962962962963 0.035416666666666666 0.06759259259259259
8 0.5549479166666667 0.6828703703703703 0.0359375 0.06574074074074074
2 0.43046875 0.6847222222222222 0.05260416666666667 0.09537037037037037
8 0.6629322916666667 0.744287037037037 0.0421875 0.0787037037037037
2 0.5645833333333333 0.7509259259259259 0.03958333333333333 0.07037037037037037
4 0.7350677083333333 0.7550925925925925 0.04791666666666667 0.075
2 0.33255208333333336 0.7592592592592593 0.04114583333333333 0.07037037037037037
4 0.45859375 0.8361111111111111 0.043229166666666666 0.07962962962962963