6 0.5167364016736402 0.23414179104477612 0.043933054393305436 0.09514925373134328
2 0.44848326359832635 0.2737873134328358 0.04654811715481171 0.08115671641791045
0 0.473326359832636 0.3530783582089552 0.04497907949790795 0.08675373134328358
0 0.571652719665272 0.376865671641791 0.0596234309623431 0.09514925373134328
1 0.5013075313807531 0.44169776119402987 0.05073221757322176 0.07182835820895522
4 0.4513598326359833 0.45615671641791045 0.049163179916317995 0.09514925373134328
0 0.3410041841004184 0.5513059701492538 0.04602510460251046 0.07276119402985075
5 0.5732217573221757 0.5690298507462687 0.0502092050209205 0.09328358208955224
4 0.6202928870292888 0.5690298507462687 0.05543933054393305 0.11194029850746269
1 0.5805439330543933 0.6506529850746269 0.049163179916317995 0.08861940298507463
8 0.4997384937238494 0.6637126865671642 0.04131799163179916 0.07182835820895522
4 0.4610355648535565 0.6982276119402985 0.040271966527196654 0.08115671641791045
4 0.401673640167364 0.7168843283582089 0.049163179916317995 0.08115671641791045
6 0.42102510460251047 0.7961753731343284 0.0596234309623431 0.10541044776119403