7 0.27265625 0.1287037037037037 0.06510416666666667 0.08703703703703704
2 0.55078125 0.1537037037037037 0.03802083333333333 0.07037037037037037
4 0.38958333333333334 0.16435185185185186 0.04895833333333333 0.08796296296296297
1 0.27630208333333334 0.20925925925925926 0.04739583333333333 0.07037037037037037
8 0.72421875 0.23703703703703705 0.0578125 0.09259259259259259
0 0.5544270833333333 0.2935185185185185 0.0453125 0.07222222222222222
8 0.56640625 0.37037037037037035 0.0546875 0.07777777777777778
0 0.26172395833333334 0.40370370370370373 0.04375 0.0712962962962963
0 0.21067708333333332 0.4203703703703704 0.0453125 0.07592592592592592
2 0.8106770833333333 0.4287037037037037 0.0390625 0.07962962962962963
6 0.24453125 0.6194444444444445 0.07135416666666666 0.1037037037037037
2 0.19348958333333333 0.6574074074074074 0.03802083333333333 0.06666666666666667
0 0.3846354166666667 0.7722222222222223 0.04114583333333333 0.07407407407407407
7 0.23046875 0.8833333333333333 0.04739583333333333 0.07777777777777778