4 0.4049479166666667 0.9611111111111111 0.04635416666666667 0.07407407407407407
4 0.7645833333333333 0.9652777777777778 0.042708333333333334 0.06759259259259259
8 0.7234375 0.9662037037037037 0.06145833333333333 0.06574074074074074
7 0.2864583333333333 0.9708333333333333 0.040625 0.05648148148148148
4 0.51953125 0.21944444444444444 0.05364583333333333 0.07962962962962963
0 0.58203125 0.29259259259259257 0.0640625 0.11481481481481481
8 0.4122395833333333 0.33425925925925926 0.0578125 0.10185185185185185
2 0.3533854166666667 0.3509259259259259 0.049479166666666664 0.09444444444444444
0 0.5372395833333333 0.3648148148148148 0.06614583333333333 0.1037037037037037
0 0.63828125 0.36666666666666664 0.07864583333333333 0.12962962962962962
0 0.2872395833333333 0.3685185185185185 0.049479166666666664 0.08888888888888889
4 0.47161458333333334 0.3731481481481482 0.0390625 0.08333333333333333
5 0.42473958333333334 0.4148148148148148 0.05364583333333333 0.08888888888888889
0 0.50234375 0.42962962962962964 0.0359375 0.08888888888888889
2 0.31744791666666666 0.4398148148148148 0.0609375 0.09444444444444444
2 0.47890625 0.48148148148148145 0.0484375 0.0962962962962963
0 0.43776041666666665 0.48148148148148145 0.03177083333333333 0.08518518518518518
0 0.3455729166666667 0.4981481481481482 0.0390625 0.08518518518518518
4 0.64453125 0.5444444444444444 0.049479166666666664 0.08518518518518518
0 0.39921875 0.562037037037037 0.05572916666666667 0.11666666666666667
4 0.49192708333333335 0.5666666666666667 0.0421875 0.07777777777777778
0 0.67109375 0.6333333333333333 0.04635416666666667 0.07037037037037037
4 0.25650520833333335 0.6351851851851852 0.05260416666666667 0.08518518518518518
8 0.29140625 0.6611111111111111 0.034895833333333334 0.08518518518518518
7 0.5497395833333333 0.6851851851851852 0.03697916666666667 0.07777777777777778
8 0.7690104166666667 0.7194444444444444 0.04635416666666667 0.07962962962962963
6 0.68828125 0.7407407407407407 0.07864583333333333 0.1259259259259259
4 0.40546875 0.7722222222222223 0.044270833333333336 0.08518518518518518
2 0.4934895833333333 0.8148148148148148 0.043229166666666666 0.07777777777777778
7 0.71484375 0.8314814814814815 0.0546875 0.08518518518518518
0 0.75703125 0.8972222222222223 0.05572916666666667 0.09074074074074075
2 0.6216145833333333 0.8981481481481481 0.050520833333333334 0.07777777777777778
2 0.44973958333333336 0.9 0.0484375 0.07777777777777778