2 0.5109375 0.2013888888888889 0.035416666666666666 0.0824074074074074
2 0.7794270833333333 0.23194444444444445 0.05364583333333333 0.09537037037037037
0 0.6760416666666667 0.24583333333333332 0.040625 0.06759259259259259
4 0.6044270833333333 0.2671296296296296 0.0515625 0.09537037037037037
8 0.5234375 0.3125 0.035416666666666666 0.06759259259259259
0 0.2703125 0.37824074074074077 0.058333333333333334 0.10277777777777777
4 0.7354166666666667 0.3902777777777778 0.04479166666666667 0.075
2 0.5078125 0.39444444444444443 0.06458333333333334 0.11296296296296296
0 0.7078125 0.43472222222222223 0.041666666666666664 0.06388888888888888
4 0.36267708333333337 0.5208425925925926 0.058333333333333334 0.09166666666666666
7 0.53984375 0.5226851851851851 0.0390625 0.07314814814814814
1 0.7067708333333333 0.5263888888888889 0.04791666666666667 0.08055555555555556
7 0.49453125 0.6092592592592593 0.03177083333333333 0.053703703703703705
4 0.21223958333333334 0.6592592592592592 0.04635416666666667 0.08333333333333333