4 0.43828125 0.9407407407407408 0.05677083333333333 0.1037037037037037
2 0.22942708333333334 0.95 0.03697916666666667 0.05925925925925926
2 0.7247395833333333 0.20462962962962963 0.0546875 0.09444444444444444
2 0.20598958333333334 0.24814814814814815 0.0359375 0.05555555555555555
8 0.4361979166666667 0.25 0.03802083333333333 0.07037037037037037
8 0.64609375 0.30277777777777776 0.04114583333333333 0.07222222222222222
0 0.76640625 0.31851851851851853 0.0390625 0.06666666666666667
4 0.72578125 0.33240740740740743 0.0484375 0.07222222222222222
0 0.5361979166666667 0.37592592592592594 0.05677083333333333 0.1
4 0.48359375 0.38333333333333336 0.04739583333333333 0.0962962962962963
0 0.40598958333333335 0.45185185185185184 0.06510416666666667 0.12222222222222222
6 0.46380208333333334 0.4666666666666667 0.043229166666666666 0.07407407407407407
4 0.7700520833333333 0.5009259259259259 0.0453125 0.07222222222222222
7 0.34765625 0.5888888888888889 0.0609375 0.09259259259259259
8 0.47369791666666666 0.6583333333333333 0.0546875 0.09074074074074075
7 0.34088541666666666 0.6648148148148149 0.0578125 0.07037037037037037
2 0.20755208333333333 0.6796296296296296 0.0453125 0.06666666666666667
6 0.38203125 0.6962962962962963 0.03802083333333333 0.06296296296296296
0 0.4440104166666667 0.7101851851851851 0.0390625 0.06851851851851852
4 0.19296875 0.7333333333333333 0.034895833333333334 0.05555555555555555
2 0.2716145833333333 0.7472222222222222 0.0609375 0.09814814814814815
7 0.4158854166666667 0.7509259259259259 0.04114583333333333 0.07592592592592592
7 0.5466145833333333 0.8185185185185185 0.058854166666666666 0.1
8 0.21796875 0.8851851851851852 0.04114583333333333 0.07407407407407407