7 0.32916666666666666 0.18796296296296297 0.042708333333333334 0.07407407407407407
0 0.40130208333333334 0.19490740740740742 0.04010416666666667 0.0787037037037037
0 0.6546875 0.25787037037037036 0.04583333333333333 0.08425925925925926
7 0.46510416666666665 0.3939814814814815 0.052083333333333336 0.09722222222222222
0 0.3927083333333333 0.41388888888888886 0.057291666666666664 0.0962962962962963
7 0.7790833333333332 0.5006203703703703 0.044270833333333336 0.08333333333333333
7 0.49557291666666664 0.05324074074074074 0.04739583333333333 0.0787037037037037
0 0.5432291666666667 0.7138888888888889 0.05625 0.09259259259259259
2 0.5294270833333333 0.7907407407407407 0.044270833333333336 0.06851851851851852
2 0.7645833333333333 0.8342592592592593 0.04479166666666667 0.07037037037037037
0 0.7231770833333333 0.8574074074074074 0.050520833333333334 0.08703703703703704