0 0.4622395833333333 0.09768518518518518 0.05677083333333333 0.09537037037037037
0 0.7830729166666667 0.14027777777777778 0.0421875 0.0787037037037037
7 0.50859375 0.1425925925925926 0.04010416666666667 0.07777777777777778
1 0.20286458333333332 0.16435185185185186 0.0453125 0.075
4 0.36015625 0.16805555555555557 0.0453125 0.08796296296296297
4 0.5573802083333333 0.2066296296296296 0.044270833333333336 0.08796296296296297
7 0.32109375 0.21666666666666667 0.04010416666666667 0.06851851851851852
8 0.5893229166666667 0.26064814814814813 0.0453125 0.07314814814814814
8 0.6805520833333334 0.2777777777777778 0.03854166666666667 0.07037037037037037
7 0.21302083333333333 0.30185185185185187 0.04791666666666667 0.07222222222222222
0 0.6184895833333334 0.3101851851851852 0.05364583333333333 0.08888888888888889
0 0.7252604166666666 0.3314814814814815 0.043229166666666666 0.07592592592592592
0 0.5525104166666667 0.34475 0.04635416666666667 0.07777777777777778
2 0.4244791666666667 0.03564814814814815 0.06458333333333334 0.0712962962962963
2 0.625 0.4217592592592593 0.05416666666666667 0.08981481481481482
8 0.5526041666666667 0.4550925925925926 0.041666666666666664 0.0824074074074074
4 0.50546875 0.053703703703703705 0.030729166666666665 0.07222222222222222
6 0.4544270833333333 0.5555555555555556 0.06510416666666667 0.12962962962962962
0 0.25104166666666666 0.5875 0.042708333333333334 0.0787037037037037
2 0.5433125000000001 0.05987962962962963 0.04010416666666667 0.07592592592592592
1 0.7036458333333333 0.6347222222222222 0.03958333333333333 0.0712962962962963
2 0.19036458333333334 0.6527777777777778 0.04114583333333333 0.07962962962962963
4 0.4713541666666667 0.6717592592592593 0.059375 0.09907407407407408
0 0.8338541666666667 0.7134259259259259 0.04479166666666667 0.08055555555555556
7 0.19947916666666668 0.7189814814814814 0.046875 0.0824074074074074
2 0.8385416666666666 0.7782407407407408 0.04583333333333333 0.08055555555555556
6 0.5265625 0.8634259259259259 0.046875 0.0787037037037037