0 0.4388020833333333 0.9287037037037037 0.03697916666666667 0.08333333333333333
2 0.5033854166666667 0.35462962962962963 0.044270833333333336 0.07962962962962963
6 0.42578125 0.3972222222222222 0.0578125 0.11666666666666667
6 0.5158854166666667 0.46111111111111114 0.06510416666666667 0.11481481481481481
4 0.4981770833333333 0.5546296296296296 0.04635416666666667 0.08333333333333333
0 0.24244791666666668 0.6259259259259259 0.0515625 0.1
4 0.6049479166666667 0.6583333333333333 0.043229166666666666 0.07962962962962963
0 0.40963541666666664 0.7305555555555555 0.05260416666666667 0.09444444444444444
8 0.6143229166666667 0.7361111111111112 0.0515625 0.07222222222222222
4 0.26953125 0.7851851851851852 0.043229166666666666 0.07037037037037037
8 0.6669270833333333 0.7953703703703704 0.05677083333333333 0.10555555555555556
5 0.4200520833333333 0.825 0.05260416666666667 0.10185185185185185
0 0.46171875 0.8453703703703703 0.0421875 0.07222222222222222