2 0.35625 0.2689814814814815 0.036458333333333336 0.06944444444444445
0 0.34869791666666666 0.36064814814814816 0.044270833333333336 0.075
7 0.41302083333333334 0.3625 0.04375 0.09351851851851851
0 0.44088541666666664 0.4152777777777778 0.0390625 0.062037037037037036
4 0.40703125 0.45555555555555555 0.0359375 0.07222222222222222
2 0.37560416666666663 0.5111111111111111 0.05364583333333333 0.09444444444444444
4 0.6427083333333333 0.6699074074074074 0.040625 0.08611111111111111
0 0.6875 0.6726851851851852 0.05520833333333333 0.09166666666666666
0 0.2046875 0.06898148148148148 0.0625 0.09907407407407408
0 0.5782968749999999 0.7118888888888889 0.0625 0.11203703703703703
6 0.44036458333333334 0.8055555555555556 0.0609375 0.12037037037037036
8 0.584375 0.8268518518518518 0.053125 0.1037037037037037
7 0.5171875 0.8287037037037037 0.052083333333333336 0.08888888888888889
0 0.5692708333333333 0.9120370370370371 0.052083333333333336 0.0962962962962963