1 0.3402196652719665 0.11940298507462686 0.04445606694560669 0.07649253731343283
0 0.2996861924686193 0.22201492537313433 0.0502092050209205 0.09514925373134328
4 0.39879707112970714 0.3572761194029851 0.038179916317991634 0.08022388059701492
8 0.535392259414226 0.36769589552238807 0.0397489539748954 0.06809701492537314
1 0.4341004184100418 0.4025186567164179 0.04079497907949791 0.06809701492537314
4 0.7981171548117155 0.43703358208955223 0.051255230125523014 0.07742537313432836
4 0.4989539748953975 0.5307835820895522 0.0596234309623431 0.09328358208955224
7 0.6922071129707112 0.5438432835820896 0.05387029288702929 0.1044776119402985
7 0.5567468619246861 0.5802238805970149 0.04445606694560669 0.07276119402985075
2 0.4194560669456067 0.5904850746268657 0.051255230125523014 0.10074626865671642
2 0.4205020920502092 0.6781716417910447 0.04497907949790795 0.06716417910447761
0 0.537918410041841 0.7014925373134329 0.05282426778242678 0.09888059701492537