8 0.3111979166666667 0.2439814814814815 0.034895833333333334 0.06574074074074074
4 0.5942708333333333 0.2828703703703704 0.029166666666666667 0.05092592592592592
4 0.4010416666666667 0.2935185185185185 0.03958333333333333 0.07222222222222222
1 0.3658854166666667 0.29398148148148145 0.0421875 0.06944444444444445
4 0.49635416666666665 0.2967592592592593 0.05 0.06944444444444445
4 0.44140625 0.30694444444444446 0.04010416666666667 0.07685185185185185
2 0.32890625 0.3111111111111111 0.0359375 0.06296296296296296
4 0.29322916666666665 0.362962962962963 0.034375 0.06481481481481481
2 0.37421875 0.3763888888888889 0.05260416666666667 0.08611111111111111
4 0.32838541666666665 0.3800925925925926 0.03697916666666667 0.06574074074074074
6 0.5377604166666666 0.3939814814814815 0.058854166666666666 0.11203703703703703
4 0.45807291666666666 0.40370370370370373 0.04010416666666667 0.07962962962962963
0 0.496875 0.45 0.04583333333333333 0.08888888888888889
4 0.3984375 0.5472222222222223 0.042708333333333334 0.07962962962962963
4 0.44088541666666664 0.5476851851851852 0.04114583333333333 0.06759259259259259
2 0.7638020833333333 0.5861111111111111 0.0359375 0.07037037037037037
4 0.39947916666666666 0.7217592592592592 0.0375 0.06944444444444445
0 0.38177083333333334 0.7782407407407408 0.03229166666666667 0.0787037037037037
8 0.33671875 0.7824074074074074 0.05260416666666667 0.09444444444444444
0 0.5559895833333334 0.7986111111111112 0.0421875 0.06944444444444445
6 0.1671875 0.8287037037037037 0.029166666666666667 0.06111111111111111
2 0.228125 0.8361111111111111 0.03958333333333333 0.07407407407407407
5 0.4270833333333333 0.8398148148148148 0.053125 0.09074074074074075
2 0.7432291666666667 0.8555555555555555 0.040625 0.07222222222222222
2 0.3606770833333333 0.8699074074074075 0.05364583333333333 0.09722222222222222