7 0.6606770833333333 0.9546296296296296 0.04635416666666667 0.08333333333333333
1 0.7028645833333333 0.29907407407407405 0.04114583333333333 0.07592592592592592
2 0.42213541666666665 0.4009259259259259 0.0546875 0.07962962962962963
0 0.48098958333333336 0.4203703703703704 0.0515625 0.08888888888888889
0 0.5330729166666667 0.42685185185185187 0.04739583333333333 0.09074074074074075
4 0.7466145833333333 0.4324074074074074 0.049479166666666664 0.07962962962962963
1 0.4127604166666667 0.49444444444444446 0.03802083333333333 0.07407407407407407
0 0.36744791666666665 0.5194444444444445 0.04114583333333333 0.07962962962962963
8 0.6440104166666667 0.562962962962963 0.05260416666666667 0.09259259259259259
0 0.4075520833333333 0.5925925925925926 0.0421875 0.07037037037037037
7 0.72265625 0.5990740740740741 0.05364583333333333 0.10925925925925926
0 0.5825520833333333 0.6425925925925926 0.03802083333333333 0.07037037037037037
6 0.6184895833333334 0.6611111111111111 0.0328125 0.06666666666666667
8 0.39505208333333336 0.6796296296296296 0.058854166666666666 0.0962962962962963
6 0.74296875 0.7111111111111111 0.07135416666666666 0.11481481481481481
2 0.5669270833333333 0.7222222222222222 0.04010416666666667 0.07407407407407407
2 0.6106770833333334 0.7398148148148148 0.0359375 0.06481481481481481
7 0.4747395833333333 0.7425925925925926 0.04114583333333333 0.07407407407407407
8 0.4513020833333333 0.7907407407407407 0.0359375 0.07407407407407407
7 0.5127604166666667 0.8 0.0484375 0.07777777777777778
4 0.7638020833333333 0.8046296296296296 0.0546875 0.07592592592592592
2 0.6408854166666667 0.8074074074074075 0.03802083333333333 0.07407407407407407