7 0.27265625 0.9296296296296296 0.03697916666666667 0.09259259259259259
0 0.22421875 0.9398148148148148 0.050520833333333334 0.09074074074074075
2 0.38776041666666666 0.9472222222222222 0.0421875 0.08333333333333333
4 0.6619791666666667 0.9541666666666667 0.052083333333333336 0.08981481481481482
8 0.6122395833333333 0.9555555555555556 0.049479166666666664 0.07037037037037037
0 0.35208333333333336 0.9560185185185185 0.059375 0.08611111111111111
4 0.48671875 0.9583333333333334 0.0453125 0.06851851851851852
0 0.5614583333333333 0.9634259259259259 0.04895833333333333 0.0712962962962963
4 0.15677083333333333 0.9773148148148149 0.05 0.04351851851851852
5 0.7330729166666666 0.2074074074074074 0.05572916666666667 0.08888888888888889
6 0.48723958333333334 0.29444444444444445 0.0640625 0.11851851851851852
7 0.4195260416666667 0.2953703703703704 0.04739583333333333 0.08703703703703704
5 0.5315104166666667 0.3 0.04010416666666667 0.07407407407407407
2 0.59296875 0.30925925925925923 0.058854166666666666 0.11481481481481481
7 0.65390625 0.31296296296296294 0.05572916666666667 0.1111111111111111
4 0.28828125 0.34444444444444444 0.04739583333333333 0.0962962962962963
2 0.70078125 0.3638888888888889 0.04114583333333333 0.07592592592592592
0 0.5533854166666666 0.36944444444444446 0.05572916666666667 0.09074074074074075
8 0.44036458333333334 0.3712962962962963 0.049479166666666664 0.08333333333333333
2 0.8091145833333333 0.37222222222222223 0.04739583333333333 0.07777777777777778
8 0.7377604166666667 0.3925925925925926 0.04010416666666667 0.08518518518518518
1 0.22421875 0.4083333333333333 0.050520833333333334 0.06851851851851852
2 0.6330729166666667 0.4324074074074074 0.0390625 0.07592592592592592
2 0.5658854166666667 0.4324074074074074 0.03802083333333333 0.06851851851851852
7 0.18098958333333334 0.4425925925925926 0.05364583333333333 0.1037037037037037
1 0.5299479166666666 0.4425925925925926 0.043229166666666666 0.07407407407407407
1 0.26223958333333336 0.45092592592592595 0.049479166666666664 0.07592592592592592
7 0.7971354166666667 0.45185185185185184 0.058854166666666666 0.07407407407407407
6 0.39453125 0.4564814814814815 0.06614583333333333 0.12037037037037036
4 0.6528645833333333 0.4703703703703704 0.0453125 0.07037037037037037
4 0.22161458333333334 0.4935185185185185 0.04114583333333333 0.06851851851851852
0 0.57421875 0.4935185185185185 0.0421875 0.07592592592592592
6 0.28098958333333335 0.49722222222222223 0.0265625 0.06111111111111111
2 0.6080729166666666 0.5111111111111111 0.030729166666666665 0.05185185185185185
4 0.2513020833333333 0.5212962962962963 0.03802083333333333 0.06851851851851852
4 0.6809895833333334 0.5287037037037037 0.05364583333333333 0.09444444444444444
8 0.6372395833333333 0.5324074074074074 0.043229166666666666 0.08333333333333333
0 0.4705729166666667 0.5462962962962963 0.05572916666666667 0.1111111111111111
8 0.40234375 0.5601851851851852 0.05260416666666667 0.09814814814814815
6 0.27890625 0.5601851851851852 0.0390625 0.07962962962962963
0 0.76015625 0.5685185185185185 0.08385416666666666 0.11481481481481481
1 0.5880208333333333 0.5768518518518518 0.05625 0.09814814814814815
4 0.6544270833333333 0.5851851851851851 0.0484375 0.06666666666666667
2 0.6971354166666667 0.6027777777777777 0.04635416666666667 0.07222222222222222
5 0.65859375 0.6435185185185185 0.04114583333333333 0.08333333333333333
4 0.5028645833333333 0.6555555555555556 0.0453125 0.07407407407407407
4 0.15703125 0.6574074074074074 0.0390625 0.06666666666666667
0 0.40390625 0.6592592592592592 0.059895833333333336 0.11481481481481481
2 0.27890625 0.6657407407407407 0.05572916666666667 0.07962962962962963
4 0.68984375 0.6759259259259259 0.05677083333333333 0.0962962962962963
6 0.4471354166666667 0.7083333333333334 0.0484375 0.09814814814814815
4 0.16536458333333334 0.7092592592592593 0.043229166666666666 0.07037037037037037
1 0.5028645833333333 0.7231481481481481 0.04114583333333333 0.07592592592592592
6 0.5596354166666667 0.7314814814814815 0.0484375 0.08518518518518518
8 0.5986979166666667 0.7490740740740741 0.043229166666666666 0.08333333333333333
0 0.2643229166666667 0.7527777777777778 0.049479166666666664 0.07962962962962963
4 0.20234375 0.7685185185185185 0.050520833333333334 0.10740740740740741
6 0.38619791666666664 0.7703703703703704 0.04635416666666667 0.0962962962962963
7 0.59453125 0.8185185185185185 0.0390625 0.07407407407407407
0 0.5466145833333333 0.8185185185185185 0.0515625 0.0962962962962963
4 0.42890625 0.8240740740740741 0.03177083333333333 0.07037037037037037
8 0.25390625 0.8268518518518518 0.049479166666666664 0.09814814814814815
8 0.25755208333333335 0.8324074074074074 0.050520833333333334 0.07222222222222222
4 0.16484375 0.8342592592592593 0.0390625 0.10185185185185185
6 0.4986979166666667 0.8518518518518519 0.0453125 0.09259259259259259
4 0.37838541666666664 0.8629629629629629 0.0453125 0.08148148148148149
4 0.21119791666666668 0.8657407407407407 0.0578125 0.09444444444444444
0 0.6283854166666667 0.8703703703703703 0.058854166666666666 0.0962962962962963
7 0.34609375 0.8833333333333333 0.033854166666666664 0.08518518518518518
6 0.45546875 0.8935185185185185 0.0421875 0.08333333333333333
1 0.41119791666666666 0.8981481481481481 0.0390625 0.07037037037037037
8 0.30703125 0.8981481481481481 0.043229166666666666 0.1
2 0.17786458333333333 0.9194444444444444 0.04739583333333333 0.06481481481481481