2 0.3802083333333333 0.9671296296296297 0.040625 0.06388888888888888
6 0.48411458333333335 0.2574074074074074 0.0578125 0.10740740740740741
2 0.7096354166666666 0.27870370370370373 0.05260416666666667 0.08703703703703704
1 0.41744791666666664 0.30277777777777776 0.043229166666666666 0.07222222222222222
0 0.45598958333333334 0.32037037037037036 0.03697916666666667 0.05185185185185185
2 0.67421875 0.32037037037037036 0.04010416666666667 0.07407407407407407
4 0.5486979166666667 0.35648148148148145 0.04114583333333333 0.06851851851851852
0 0.71640625 0.3574074074074074 0.05364583333333333 0.09259259259259259
4 0.30703125 0.36574074074074076 0.0453125 0.07222222222222222
8 0.5174479166666667 0.3787037037037037 0.043229166666666666 0.06851851851851852
0 0.58984375 0.387037037037037 0.033854166666666664 0.07777777777777778
1 0.35625 0.39351851851851855 0.040625 0.07222222222222222
0 0.45859375 0.3990740740740741 0.0609375 0.10185185185185185
0 0.26119791666666664 0.4009259259259259 0.049479166666666664 0.09444444444444444
7 0.5669270833333333 0.42685185185185187 0.033854166666666664 0.053703703703703705
8 0.8049479166666667 0.43796296296296294 0.04114583333333333 0.07962962962962963
2 0.7768229166666667 0.4388888888888889 0.0390625 0.07407407407407407
1 0.5169270833333334 0.44074074074074077 0.050520833333333334 0.08888888888888889
8 0.29609375 0.4601851851851852 0.050520833333333334 0.08703703703703704
4 0.6106770833333334 0.4675925925925926 0.0359375 0.06481481481481481
5 0.35182291666666665 0.4787037037037037 0.04114583333333333 0.08333333333333333
2 0.4856770833333333 0.48703703703703705 0.04010416666666667 0.07037037037037037
2 0.56953125 0.4888888888888889 0.04739583333333333 0.08888888888888889
6 0.44505208333333335 0.4898148148148148 0.04635416666666667 0.08333333333333333
0 0.6815104166666667 0.49722222222222223 0.0546875 0.08333333333333333
4 0.6455729166666667 0.5111111111111111 0.0390625 0.06666666666666667
0 0.27265625 0.5222222222222223 0.04114583333333333 0.07037037037037037
4 0.16223958333333333 0.5342592592592592 0.0328125 0.05740740740740741
7 0.50859375 0.5342592592592592 0.04010416666666667 0.06851851851851852
0 0.24036458333333333 0.5601851851851852 0.0390625 0.06851851851851852
4 0.7002604166666667 0.5666666666666667 0.04010416666666667 0.06666666666666667
0 0.54453125 0.5675925925925925 0.049479166666666664 0.09074074074074075
0 0.61171875 0.5712962962962963 0.04010416666666667 0.07222222222222222
1 0.29973958333333334 0.5722222222222222 0.043229166666666666 0.07037037037037037
7 0.66171875 0.5916666666666667 0.0546875 0.09074074074074075
8 0.46848958333333335 0.6 0.049479166666666664 0.08888888888888889
7 0.80546875 0.6037037037037037 0.058854166666666666 0.10740740740740741
2 0.5106770833333333 0.6064814814814815 0.033854166666666664 0.06111111111111111
1 0.32786458333333335 0.6101851851851852 0.04114583333333333 0.07592592592592592
5 0.28046875 0.649074074074074 0.06927083333333334 0.11296296296296296
6 0.45755208333333336 0.6712962962962963 0.0421875 0.06851851851851852
6 0.5143229166666666 0.687037037037037 0.059895833333333336 0.11851851851851852
4 0.36171875 0.6898148148148148 0.0421875 0.07222222222222222
8 0.6471354166666666 0.7194444444444444 0.0421875 0.07592592592592592
0 0.6091145833333333 0.7287037037037037 0.04114583333333333 0.07222222222222222
0 0.4122395833333333 0.7620370370370371 0.0515625 0.08703703703703704
5 0.50234375 0.7851851851851852 0.0484375 0.0962962962962963
7 0.4513020833333333 0.7898148148148149 0.04635416666666667 0.08333333333333333
7 0.6403645833333333 0.8222222222222222 0.04114583333333333 0.08518518518518518
1 0.6013020833333333 0.8222222222222222 0.04010416666666667 0.07037037037037037
2 0.27786458333333336 0.8314814814814815 0.0578125 0.1
2 0.3690104166666667 0.8805555555555555 0.06510416666666667 0.12037037037037036