5 0.5341145833333333 0.12175925925925926 0.06197916666666667 0.11574074074074074
7 0.35104166666666664 0.20787037037037037 0.053125 0.09907407407407408
4 0.6221354166666667 0.33796296296296297 0.03802083333333333 0.08518518518518518
4 0.5822031249999999 0.37515740740740744 0.027604166666666666 0.05462962962962963
2 0.53671875 0.38472222222222224 0.0421875 0.0712962962962963
6 0.4328125 0.5046296296296297 0.06875 0.12222222222222222
4 0.5671875 0.5166666666666667 0.04583333333333333 0.08333333333333333
0 0.32473958333333336 0.5421296296296296 0.0515625 0.10092592592592593
4 0.6494791666666667 0.5740740740740741 0.03958333333333333 0.06481481481481481
8 0.7213541666666666 0.5796296296296296 0.041666666666666664 0.06851851851851852
1 0.2671875 0.5935185185185186 0.0375 0.07407407407407407
6 0.5059895833333333 0.6046296296296296 0.059895833333333336 0.11851851851851852
0 0.3065989583333334 0.6220648148148149 0.053125 0.09907407407407408
8 0.5533854166666666 0.6703703703703704 0.04010416666666667 0.07222222222222222
4 0.6236979166666666 0.6916666666666667 0.04114583333333333 0.08148148148148149
7 0.5598958333333334 0.7976851851851852 0.052083333333333336 0.08611111111111111