6 0.22317708333333333 0.3333333333333333 0.07239583333333334 0.11481481481481481
8 0.45546875 0.4759259259259259 0.03697916666666667 0.05925925925925926
6 0.58203125 0.5009259259259259 0.050520833333333334 0.09074074074074075
4 0.41119791666666666 0.5388888888888889 0.04010416666666667 0.07037037037037037
0 0.3424479166666667 0.6527777777777778 0.04010416666666667 0.07592592592592592
8 0.22213541666666667 0.674074074074074 0.05364583333333333 0.09259259259259259
2 0.3736979166666667 0.6787037037037037 0.044270833333333336 0.07592592592592592
2 0.6143229166666667 0.7231481481481481 0.04010416666666667 0.06481481481481481
2 0.2643229166666667 0.725 0.04010416666666667 0.06851851851851852
6 0.8528645833333334 0.7268518518518519 0.0359375 0.06851851851851852
2 0.5315104166666667 0.7351851851851852 0.04114583333333333 0.07777777777777778
6 0.4205729166666667 0.7583333333333333 0.0609375 0.11296296296296296
4 0.28515625 0.7601851851851852 0.03177083333333333 0.05740740740740741
0 0.46901041666666665 0.774074074074074 0.034895833333333334 0.06666666666666667
7 0.54765625 0.7916666666666666 0.0453125 0.07962962962962963
0 0.50078125 0.8212962962962963 0.04739583333333333 0.08703703703703704