4 0.4796875 0.9671296296296297 0.03958333333333333 0.06388888888888888
1 0.6580729166666667 0.4444444444444444 0.0390625 0.07037037037037037
8 0.39609375 0.462037037037037 0.03802083333333333 0.06481481481481481
0 0.30390625 0.4787037037037037 0.043229166666666666 0.07222222222222222
5 0.45026041666666666 0.5120370370370371 0.0484375 0.09444444444444444
0 0.6888020833333334 0.5203703703703704 0.04010416666666667 0.06296296296296296
0 0.38203125 0.5351851851851852 0.05364583333333333 0.08888888888888889
4 0.49765625 0.5435185185185185 0.03697916666666667 0.06851851851851852
6 0.6059895833333333 0.562037037037037 0.049479166666666664 0.08333333333333333
7 0.5653645833333333 0.5879629629629629 0.04114583333333333 0.07592592592592592
7 0.5419270833333333 0.8712962962962963 0.0609375 0.08703703703703704
0 0.23098958333333333 0.8925925925925926 0.05364583333333333 0.09259259259259259