0 0.38776041666666666 0.9324074074074075 0.0390625 0.07962962962962963
7 0.39140625 0.10277777777777777 0.044270833333333336 0.09074074074074075
2 0.5513020833333333 0.11018518518518519 0.0515625 0.08703703703703704
0 0.33307291666666666 0.22037037037037038 0.0546875 0.08518518518518518
0 0.24869791666666666 0.24166666666666667 0.05260416666666667 0.09444444444444444
8 0.28984375 0.28055555555555556 0.043229166666666666 0.07592592592592592
5 0.20703125 0.31851851851851853 0.06510416666666667 0.1111111111111111
1 0.33203125 0.325 0.050520833333333334 0.08703703703703704
2 0.3815104166666667 0.33796296296296297 0.04739583333333333 0.08333333333333333
4 0.47265625 0.03796296296296296 0.03802083333333333 0.07592592592592592
0 0.24661458333333333 0.40370370370370373 0.06510416666666667 0.10740740740740741
4 0.33359375 0.4074074074074074 0.0390625 0.06666666666666667
0 0.45703125 0.4185185185185185 0.033854166666666664 0.07777777777777778
0 0.4861979166666667 0.4601851851851852 0.0390625 0.06481481481481481
6 0.25338541666666664 0.4935185185185185 0.05572916666666667 0.08703703703703704
8 0.50078125 0.525 0.04010416666666667 0.06851851851851852
1 0.5638020833333334 0.5277777777777778 0.03697916666666667 0.07037037037037037
6 0.24817708333333333 0.5592592592592592 0.043229166666666666 0.07407407407407407
8 0.58671875 0.05648148148148148 0.04114583333333333 0.07592592592592592
4 0.72890625 0.6129629629629629 0.05260416666666667 0.1
7 0.25494791666666666 0.6194444444444445 0.0484375 0.06481481481481481
0 0.5778645833333333 0.6314814814814815 0.03802083333333333 0.07037037037037037
6 0.19713541666666667 0.6851851851851852 0.05364583333333333 0.1037037037037037
1 0.4856770833333333 0.7351851851851852 0.034895833333333334 0.07777777777777778
7 0.62578125 0.7388888888888889 0.04635416666666667 0.1037037037037037
4 0.5606770833333333 0.8037037037037037 0.04114583333333333 0.09259259259259259
8 0.2877604166666667 0.8240740740740741 0.043229166666666666 0.07777777777777778
6 0.7065104166666667 0.8407407407407408 0.05364583333333333 0.08888888888888889
0 0.44296875 0.08518518518518518 0.043229166666666666 0.07037037037037037
8 0.4236979166666667 0.875 0.04635416666666667 0.09814814814814815
2 0.57265625 0.9074074074074074 0.05677083333333333 0.08888888888888889