7 0.6960052083333333 0.12037037037037036 0.04375 0.07962962962962963
2 0.31692708333333336 0.15555555555555556 0.04114583333333333 0.07037037037037037
2 0.732203125 0.1675925925925926 0.0296875 0.053703703703703705
6 0.7611979166666667 0.20601851851851852 0.04739583333333333 0.08425925925925926
0 0.30399479166666665 0.3080277777777778 0.03958333333333333 0.07037037037037037
1 0.39557291666666666 0.37037037037037035 0.0421875 0.07407407407407407
8 0.76171875 0.40694444444444444 0.0453125 0.06944444444444445
8 0.35208333333333336 0.4810185185185185 0.051041666666666666 0.08611111111111111
4 0.79453125 0.538425925925926 0.04635416666666667 0.07685185185185185
0 0.47109375 0.538425925925926 0.03697916666666667 0.06759259259259259
7 0.3580729166666667 0.5518518518518518 0.03802083333333333 0.06296296296296296
4 0.44131770833333334 0.5581759259259259 0.03333333333333333 0.07685185185185185
2 0.6013020833333333 0.5810185185185185 0.04010416666666667 0.06944444444444445
2 0.3346354166666667 0.6601851851851852 0.03802083333333333 0.07407407407407407
2 0.524046875 0.6796296296296296 0.03697916666666667 0.06296296296296296
0 0.5330729166666667 0.7435185185185185 0.04114583333333333 0.07407407407407407
7 0.32317708333333334 0.7722222222222223 0.04114583333333333 0.08148148148148149
1 0.5955729166666667 0.8157407407407408 0.04114583333333333 0.08148148148148149
1 0.2828125 0.9214537037037037 0.04583333333333333 0.07685185185185185