7 0.6190104166666667 0.1527777777777778 0.043229166666666666 0.08333333333333333
0 0.21848958333333332 0.28425925925925927 0.0484375 0.06111111111111111
2 0.67578125 0.4842592592592593 0.0421875 0.07962962962962963
0 0.52265625 0.5222222222222223 0.03802083333333333 0.08518518518518518
4 0.29296875 0.5453703703703704 0.0390625 0.06481481481481481
4 0.5674479166666667 0.5472222222222223 0.044270833333333336 0.06851851851851852
0 0.20755208333333333 0.5703703703703704 0.05364583333333333 0.1
6 0.55546875 0.6657407407407407 0.06822916666666666 0.12407407407407407
6 0.85078125 0.725 0.0421875 0.05740740740740741
6 0.25703125 0.7333333333333333 0.0734375 0.1259259259259259
8 0.3736979166666667 0.8092592592592592 0.0484375 0.1037037037037037
0 0.65390625 0.812037037037037 0.05677083333333333 0.09444444444444444
7 0.4393229166666667 0.8444444444444444 0.0546875 0.1037037037037037
4 0.67421875 0.8796296296296297 0.030729166666666665 0.05925925925925926
2 0.34765625 0.8824074074074074 0.04635416666666667 0.07592592592592592
2 0.21276041666666667 0.8935185185185185 0.04739583333333333 0.07962962962962963