8 0.7924479166666667 0.025 0.0484375 0.05
2 0.53984375 0.2833333333333333 0.050520833333333334 0.07777777777777778
8 0.44244791666666666 0.3138888888888889 0.044270833333333336 0.07592592592592592
2 0.48828125 0.34074074074074073 0.05364583333333333 0.09259259259259259
2 0.566921875 0.37962962962962965 0.0421875 0.05925925925925926
6 0.4903645833333333 0.42962962962962964 0.05364583333333333 0.08888888888888889
0 0.4466145833333333 0.4398148148148148 0.0421875 0.07962962962962963
0 0.5716145833333334 0.4759259259259259 0.0578125 0.09259259259259259
6 0.33880208333333334 0.5314814814814814 0.04010416666666667 0.07777777777777778
5 0.6346354166666667 0.562037037037037 0.058854166666666666 0.09814814814814815
0 0.5471354166666667 0.5703703703703704 0.0421875 0.07407407407407407
4 0.45390625 0.5814814814814815 0.04739583333333333 0.07407407407407407
0 0.81015625 0.9101851851851852 0.04010416666666667 0.09259259259259259