0 0.58359375 0.9444444444444444 0.0421875 0.07037037037037037
4 0.16484375 0.95 0.0484375 0.09259259259259259
1 0.7205729166666667 0.9611111111111111 0.04114583333333333 0.06666666666666667
0 0.6802083333333333 0.9680555555555556 0.04479166666666667 0.062037037037037036
2 0.30520833333333336 0.9699074074074074 0.04895833333333333 0.058333333333333334
0 0.6380208333333334 0.9708333333333333 0.05625 0.05648148148148148
4 0.43697916666666664 0.9828703703703704 0.05625 0.032407407407407406
8 0.8135416666666667 0.9837962962962963 0.040625 0.030555555555555555
7 0.29244791666666664 0.1962962962962963 0.0515625 0.1111111111111111
5 0.23567708333333334 0.21944444444444444 0.05260416666666667 0.10555555555555556
4 0.49661458333333336 0.2824074074074074 0.0328125 0.053703703703703705
0 0.30807291666666664 0.2833333333333333 0.044270833333333336 0.06296296296296296
0 0.7986979166666667 0.3388888888888889 0.0453125 0.08888888888888889
8 0.21067708333333332 0.3416666666666667 0.06302083333333333 0.10185185185185185
4 0.16640625 0.34629629629629627 0.0453125 0.07777777777777778
8 0.4466145833333333 0.3527777777777778 0.0453125 0.07592592592592592
0 0.33203125 0.35555555555555557 0.07447916666666667 0.11481481481481481
0 0.76796875 0.4203703703703704 0.04635416666666667 0.06666666666666667
0 0.46536458333333336 0.4222222222222222 0.0578125 0.09259259259259259
0 0.17526041666666667 0.42314814814814816 0.05572916666666667 0.09074074074074075
0 0.23255208333333333 0.43148148148148147 0.04635416666666667 0.08148148148148149
6 0.62734375 0.43148148148148147 0.0421875 0.06666666666666667
7 0.58671875 0.45185185185185184 0.044270833333333336 0.08148148148148149
4 0.2981770833333333 0.4527777777777778 0.0484375 0.07222222222222222
4 0.36380208333333336 0.4842592592592593 0.0421875 0.07592592592592592
0 0.18307291666666667 0.48518518518518516 0.050520833333333334 0.05925925925925926
0 0.65390625 0.4981481481481482 0.0515625 0.1037037037037037
6 0.7940104166666667 0.5009259259259259 0.07135416666666666 0.12037037037037036
4 0.22317708333333333 0.5027777777777778 0.050520833333333334 0.06851851851851852
4 0.32057291666666665 0.5046296296296297 0.0421875 0.06851851851851852
5 0.4393229166666667 0.5138888888888888 0.0734375 0.10555555555555556
5 0.4981770833333333 0.5296296296296297 0.05260416666666667 0.07407407407407407
0 0.17526041666666667 0.5555555555555556 0.06197916666666667 0.0962962962962963
8 0.45546875 0.5990740740740741 0.0421875 0.06851851851851852
0 0.5013020833333334 0.6296296296296297 0.06302083333333333 0.10740740740740741
1 0.22526041666666666 0.6425925925925926 0.04010416666666667 0.06666666666666667
2 0.5434895833333333 0.6425925925925926 0.034895833333333334 0.05925925925925926
6 0.58046875 0.6787037037037037 0.044270833333333336 0.06851851851851852
4 0.295046875 0.6916666666666667 0.0546875 0.09444444444444444
2 0.16536458333333334 0.6944444444444444 0.0640625 0.09259259259259259
8 0.5361979166666667 0.6972222222222222 0.03697916666666667 0.06481481481481481
7 0.34140625 0.7037037037037037 0.04114583333333333 0.07037037037037037
6 0.50078125 0.7074074074074074 0.034895833333333334 0.07777777777777778
4 0.40911458333333334 0.7194444444444444 0.0390625 0.08703703703703704
4 0.37786458333333334 0.7222222222222222 0.04739583333333333 0.07777777777777778
0 0.5861979166666667 0.7472222222222222 0.0421875 0.07222222222222222
0 0.76484375 0.7490740740740741 0.0671875 0.09074074074074075
8 0.52265625 0.7537037037037037 0.04010416666666667 0.08148148148148149
1 0.5580729166666667 0.7546296296296297 0.0359375 0.08333333333333333
7 0.24557291666666667 0.7564814814814815 0.04739583333333333 0.07962962962962963
7 0.33098958333333334 0.7657407407407407 0.044270833333333336 0.07222222222222222
7 0.15598958333333332 0.775 0.0453125 0.08703703703703704
6 0.20078125 0.7777777777777778 0.0515625 0.0962962962962963
0 0.6190104166666667 0.7777777777777778 0.04635416666666667 0.08148148148148149
7 0.59765625 0.837037037037037 0.04739583333333333 0.07777777777777778
7 0.2794270833333333 0.8435185185185186 0.0609375 0.07222222222222222
8 0.16744791666666667 0.8731481481481481 0.0578125 0.10925925925925926
7 0.67421875 0.8759259259259259 0.04635416666666667 0.08148148148148149
0 0.20182291666666666 0.9018518518518519 0.03697916666666667 0.08518518518518518
7 0.32838541666666665 0.9055555555555556 0.04010416666666667 0.08888888888888889
8 0.3684895833333333 0.9185185185185185 0.043229166666666666 0.07407407407407407
7 0.28359375 0.9185185185185185 0.04739583333333333 0.08148148148148149