2 0.7135416666666666 0.9574074074074074 0.06875 0.08333333333333333
8 0.66484375 0.9611111111111111 0.03802083333333333 0.07592592592592592
7 0.1640625 0.9648148148148148 0.04791666666666667 0.06851851851851852
8 0.8138020833333334 0.9685185185185186 0.0359375 0.06111111111111111
7 0.6145833333333334 0.9694444444444444 0.05520833333333333 0.05925925925925926
5 0.7013020833333333 0.21064814814814814 0.059895833333333336 0.1175925925925926
6 0.8033854166666666 0.21898148148148147 0.044270833333333336 0.08055555555555556
0 0.31484375 0.26064814814814813 0.044270833333333336 0.075
2 0.7744791666666667 0.26296296296296295 0.04791666666666667 0.07962962962962963
0 0.7338541666666667 0.28888888888888886 0.041666666666666664 0.06481481481481481
7 0.7708333333333334 0.3388888888888889 0.05520833333333333 0.08333333333333333
6 0.165625 0.39305555555555555 0.03229166666666667 0.062037037037037036
2 0.47760416666666666 0.40879629629629627 0.0375 0.075
0 0.7963541666666667 0.42268518518518516 0.06458333333333334 0.10277777777777777
7 0.33932291666666664 0.4634259259259259 0.043229166666666666 0.07314814814814814
8 0.2859375 0.4638888888888889 0.05 0.08518518518518518
0 0.7385416666666667 0.4648148148148148 0.040625 0.07592592592592592
7 0.16927083333333334 0.48009259259259257 0.04375 0.06944444444444445
0 0.47760416666666666 0.48564814814814816 0.04375 0.09351851851851851
0 0.7787343750000001 0.5112685185185185 0.03802083333333333 0.0712962962962963
7 0.6161458333333333 0.05185185185185185 0.05625 0.10185185185185185
2 0.38229166666666664 0.525 0.03229166666666667 0.06296296296296296
0 0.7994791666666666 0.5282407407407408 0.04791666666666667 0.09907407407407408
2 0.43203125 0.5416666666666666 0.049479166666666664 0.08888888888888889
0 0.309375 0.5439814814814815 0.036458333333333336 0.06759259259259259
0 0.26953125 0.549074074074074 0.03697916666666667 0.07037037037037037
4 0.5997395833333333 0.5671296296296297 0.043229166666666666 0.07314814814814814
8 0.5315052083333334 0.5768518518518518 0.033854166666666664 0.07037037037037037
0 0.3458333333333333 0.5819444444444445 0.04895833333333333 0.08055555555555556
4 0.3927083333333333 0.587037037037037 0.036458333333333336 0.06111111111111111
1 0.50234375 0.6180555555555556 0.0359375 0.06759259259259259
8 0.16640625 0.6231481481481481 0.03697916666666667 0.06666666666666667
2 0.80546875 0.6282407407407408 0.05260416666666667 0.09166666666666666
5 0.4296875 0.6347222222222222 0.04583333333333333 0.09166666666666666
0 0.3802916666666667 0.6524629629629629 0.043229166666666666 0.06481481481481481
0 0.47265625 0.6638888888888889 0.0390625 0.06666666666666667
8 0.6285625 0.6765462962962963 0.04114583333333333 0.07222222222222222
7 0.28854166666666664 0.6916666666666667 0.04479166666666667 0.07777777777777778
6 0.5255208333333333 0.6935185185185185 0.0625 0.11296296296296296
0 0.33046875 0.6958333333333333 0.050520833333333334 0.0824074074074074
4 0.8104166666666667 0.6990740740740741 0.03958333333333333 0.06481481481481481
5 0.81484375 0.07222222222222222 0.0421875 0.09074074074074075
1 0.7734375 0.7356481481481482 0.0375 0.062037037037037036
8 0.41171875 0.7472222222222222 0.050520833333333334 0.09259259259259259
2 0.46588541666666666 0.7518518518518519 0.04114583333333333 0.06851851851851852
0 0.296875 0.762962962962963 0.051041666666666666 0.09444444444444444
1 0.8119791666666667 0.7648148148148148 0.03958333333333333 0.06111111111111111
2 0.3658854166666667 0.8 0.0421875 0.08333333333333333
0 0.32109375 0.8208333333333333 0.044270833333333336 0.07685185185185185
2 0.8138020833333334 0.8240740740740741 0.04010416666666667 0.07222222222222222
2 0.25234375 0.862037037037037 0.044270833333333336 0.07777777777777778
4 0.821875 0.8740740740740741 0.03229166666666667 0.05
4 0.6510416666666666 0.8828703703703704 0.041666666666666664 0.07685185185185185
6 0.17578125 0.8958333333333334 0.059895833333333336 0.10648148148148148
2 0.396875 0.9041666666666667 0.040625 0.08055555555555556
8 0.6166666666666667 0.9041666666666667 0.04479166666666667 0.08055555555555556
2 0.8104166666666667 0.9166666666666666 0.03229166666666667 0.06111111111111111