6 0.2015625 0.9541666666666667 0.07916666666666666 0.08981481481481482
4 0.41067708333333336 0.9587962962962963 0.04635416666666667 0.08055555555555556
6 0.4432291666666667 0.16018518518518518 0.035416666666666666 0.07037037037037037
2 0.5700520833333333 0.018055555555555554 0.04010416666666667 0.03611111111111111
8 0.5903645833333333 0.18194444444444444 0.0515625 0.08611111111111111
0 0.6361979166666667 0.19953703703703704 0.0515625 0.09722222222222222
2 0.7260416666666667 0.2023148148148148 0.05 0.08796296296296297
2 0.20703125 0.24537037037037038 0.03697916666666667 0.06111111111111111
0 0.7645833333333333 0.31712962962962965 0.0375 0.06944444444444445
2 0.26458333333333334 0.3296296296296296 0.059375 0.09074074074074075
8 0.5171875 0.03333333333333333 0.040625 0.06296296296296296
4 0.5296875 0.33935185185185185 0.04479166666666667 0.07685185185185185
6 0.35182291666666665 0.37222222222222223 0.043229166666666666 0.05555555555555555
2 0.50078125 0.38472222222222224 0.0515625 0.0787037037037037
2 0.20833333333333334 0.38842592592592595 0.040625 0.06944444444444445
4 0.23333333333333334 0.42314814814814816 0.04375 0.05555555555555555
8 0.5848958333333333 0.45 0.03854166666666667 0.07037037037037037
2 0.4114583333333333 0.4537037037037037 0.035416666666666666 0.06111111111111111
4 0.5322916666666667 0.45740740740740743 0.0375 0.06296296296296296
2 0.4973958333333333 0.46944444444444444 0.03958333333333333 0.06296296296296296
4 0.7682291666666666 0.5009259259259259 0.05 0.07222222222222222
0 0.5890625 0.5087962962962963 0.03333333333333333 0.06018518518518518
7 0.3971354166666667 0.5092592592592593 0.043229166666666666 0.07407407407407407
7 0.47179166666666666 0.5125 0.03697916666666667 0.06759259259259259
0 0.3809895833333333 0.05277777777777778 0.06197916666666667 0.10555555555555556
8 0.5221354166666666 0.5462962962962963 0.03177083333333333 0.06111111111111111
0 0.48880208333333336 0.5643518518518519 0.0359375 0.06759259259259259
1 0.5809895833333333 0.5675925925925925 0.034895833333333334 0.06481481481481481
0 0.36744791666666665 0.5935185185185186 0.043229166666666666 0.07222222222222222
1 0.6640625 0.5958333333333333 0.05 0.08425925925925926
2 0.5416666666666666 0.6018518518518519 0.03958333333333333 0.07407407407407407
0 0.46041666666666664 0.6152777777777778 0.04375 0.06759259259259259
7 0.24166666666666667 0.6689814814814815 0.04375 0.075
2 0.18854166666666666 0.7101851851851851 0.03958333333333333 0.06296296296296296
0 0.27734375 0.07314814814814814 0.05364583333333333 0.09074074074074075
7 0.5359375 0.7902777777777777 0.05 0.09351851851851851
2 0.5044270833333333 0.8476851851851852 0.04114583333333333 0.075
7 0.4453125 0.08842592592592592 0.04583333333333333 0.0787037037037037
4 0.33203125 0.8939814814814815 0.04739583333333333 0.0787037037037037
7 0.5512135416666666 0.09089814814814816 0.05 0.09537037037037037