7 0.28359375 0.16666666666666666 0.0421875 0.07777777777777778
1 0.7216145833333333 0.2037037037037037 0.04114583333333333 0.06666666666666667
8 0.5794270833333334 0.2861111111111111 0.0484375 0.09444444444444444
6 0.31536458333333334 0.3055555555555556 0.059895833333333336 0.09259259259259259
0 0.7934895833333333 0.4212962962962963 0.03697916666666667 0.07222222222222222
0 0.34765625 0.4546296296296296 0.03697916666666667 0.07222222222222222
0 0.3065104166666667 0.4703703703703704 0.04114583333333333 0.06296296296296296
6 0.35130208333333335 0.5787037037037037 0.0671875 0.11296296296296296
2 0.8033854166666666 0.6555555555555556 0.04010416666666667 0.07037037037037037
2 0.5690104166666666 0.6638888888888889 0.0421875 0.07222222222222222
2 0.5861979166666667 0.7574074074074074 0.0328125 0.06296296296296296
7 0.5252604166666667 0.07962962962962963 0.05260416666666667 0.08888888888888889
0 0.6528645833333333 0.8074074074074075 0.0390625 0.07407407407407407
2 0.6356770833333333 0.9120370370370371 0.03802083333333333 0.06851851851851852