4 0.5708333333333333 0.10185185185185185 0.028125 0.05555555555555555
0 0.3372395833333333 0.15555555555555556 0.0453125 0.07037037037037037
0 0.35598958333333336 0.2111111111111111 0.04635416666666667 0.07962962962962963
6 0.4199635416666666 0.21712962962962962 0.06875 0.11388888888888889
4 0.5734375 0.2523148148148148 0.05520833333333333 0.09722222222222222
7 0.7057291666666666 0.3194444444444444 0.04583333333333333 0.07407407407407407
6 0.521875 0.33101851851851855 0.04375 0.06944444444444445
0 0.7315104166666667 0.38425925925925924 0.04635416666666667 0.07037037037037037
2 0.5963541666666666 0.3921296296296296 0.040625 0.06759259259259259
1 0.60234375 0.46620370370370373 0.03802083333333333 0.06574074074074074
4 0.3645833333333333 0.47453703703703703 0.0375 0.06944444444444445
1 0.23880208333333333 0.5504629629629629 0.05260416666666667 0.10648148148148148
4 0.29609375 0.7384259259259259 0.0421875 0.075