1 0.68671875 0.18009259259259258 0.04114583333333333 0.07685185185185185
4 0.7572916666666667 0.39861111111111114 0.04479166666666667 0.06574074074074074
6 0.33541666666666664 0.42407407407407405 0.065625 0.11296296296296296
7 0.5572916666666666 0.47129629629629627 0.042708333333333334 0.07407407407407407
7 0.28463541666666664 0.47129629629629627 0.049479166666666664 0.08518518518518518
6 0.7372395833333333 0.500462962962963 0.05677083333333333 0.10277777777777777
4 0.48932291666666666 0.5148148148148148 0.03802083333333333 0.07222222222222222
1 0.3690104166666667 0.5777777777777777 0.049479166666666664 0.09074074074074075
4 0.5989583333333334 0.5884259259259259 0.036458333333333336 0.0824074074074074
8 0.5026041666666666 0.6388888888888888 0.041666666666666664 0.08333333333333333
2 0.5671875 0.7055555555555556 0.04375 0.07592592592592592
1 0.199125 0.723925925925926 0.04375 0.06574074074074074