4 0.2518229166666667 0.15 0.0390625 0.07592592592592592
4 0.40989583333333335 0.2712962962962963 0.0375 0.07407407407407407
4 0.43854166666666666 0.3592592592592593 0.051041666666666666 0.09074074074074075
2 0.24401041666666667 0.3824074074074074 0.0421875 0.07222222222222222
0 0.7247395833333333 0.3962962962962963 0.04114583333333333 0.06851851851851852
7 0.20572916666666666 0.4152777777777778 0.0375 0.06944444444444445
2 0.61328125 0.42407407407407405 0.0484375 0.09444444444444444
1 0.56328125 0.4634259259259259 0.04114583333333333 0.08055555555555556
7 0.7049479166666667 0.4722222222222222 0.0421875 0.07407407407407407
0 0.37552083333333336 0.5185185185185185 0.03958333333333333 0.06851851851851852
4 0.7609375 0.5425925925925926 0.04479166666666667 0.07222222222222222
0 0.32708333333333334 0.6069444444444444 0.04375 0.06574074074074074
8 0.3338541666666667 0.6662037037037037 0.0375 0.06574074074074074
8 0.36276041666666664 0.6912037037037037 0.0390625 0.06018518518518518
4 0.30859375 0.7342592592592593 0.0453125 0.07407407407407407
2 0.5635416666666667 0.7379629629629629 0.042708333333333334 0.07592592592592592
8 0.6638020833333333 0.7462962962962963 0.043229166666666666 0.07222222222222222
4 0.7356770833333334 0.7550925925925925 0.0390625 0.0787037037037037