7 0.16015625 0.9296296296296296 0.0453125 0.1037037037037037
7 0.6486979166666667 0.9435185185185185 0.04739583333333333 0.07592592592592592
0 0.3033854166666667 0.9453703703703704 0.04635416666666667 0.07962962962962963
1 0.5544270833333333 0.9490740740740741 0.04010416666666667 0.07592592592592592
5 0.7177083333333333 0.9643518518518519 0.04479166666666667 0.06944444444444445
8 0.34609375 0.10555555555555556 0.03802083333333333 0.06666666666666667
2 0.5028645833333333 0.10740740740740741 0.04739583333333333 0.1
2 0.4627604166666667 0.1111111111111111 0.0421875 0.08148148148148149
1 0.42109375 0.1259259259259259 0.03802083333333333 0.07407407407407407
2 0.5372395833333333 0.15185185185185185 0.0390625 0.06296296296296296
2 0.5044270833333333 0.18333333333333332 0.04114583333333333 0.06296296296296296
6 0.8033854166666666 0.18425925925925926 0.0484375 0.08703703703703704
2 0.7013020833333333 0.19074074074074074 0.0484375 0.08888888888888889
8 0.5356770833333333 0.2175925925925926 0.04010416666666667 0.06851851851851852
6 0.16380208333333332 0.2361111111111111 0.0359375 0.06111111111111111
7 0.6283854166666667 0.2462962962962963 0.044270833333333336 0.07037037037037037
2 0.7934895833333333 0.26851851851851855 0.05572916666666667 0.08518518518518518
8 0.65859375 0.28703703703703703 0.03802083333333333 0.06666666666666667
6 0.6330729166666667 0.3212962962962963 0.03697916666666667 0.06851851851851852
6 0.69921875 0.3351851851851852 0.06510416666666667 0.1111111111111111
0 0.59453125 0.3388888888888889 0.04114583333333333 0.07037037037037037
0 0.6559895833333333 0.3861111111111111 0.0515625 0.07962962962962963
4 0.6153645833333333 0.39351851851851855 0.043229166666666666 0.06851851851851852
5 0.79609375 0.39814814814814814 0.06510416666666667 0.1037037037037037
0 0.7372395833333333 0.4046296296296296 0.0515625 0.08333333333333333
2 0.7065104166666667 0.45740740740740743 0.03802083333333333 0.06666666666666667
0 0.63359375 0.4648148148148148 0.06197916666666667 0.08518518518518518
8 0.5111979166666667 0.4787037037037037 0.03697916666666667 0.06851851851851852
2 0.39036458333333335 0.4898148148148148 0.0515625 0.09074074074074075
6 0.44036458333333334 0.4925925925925926 0.04739583333333333 0.08518518518518518
4 0.3028645833333333 0.5027777777777778 0.04114583333333333 0.07592592592592592
8 0.34036458333333336 0.5157407407407407 0.04114583333333333 0.07592592592592592
6 0.19817708333333334 0.524074074074074 0.07552083333333333 0.11851851851851852
7 0.6184895833333334 0.05277777777777778 0.05364583333333333 0.09074074074074075
4 0.25494791666666666 0.5407407407407407 0.04010416666666667 0.07037037037037037
8 0.5346354166666667 0.5435185185185185 0.03802083333333333 0.07222222222222222
4 0.7815104166666667 0.5481481481481482 0.0421875 0.07407407407407407
1 0.4205729166666667 0.549074074074074 0.04114583333333333 0.07222222222222222
4 0.45651041666666664 0.5583333333333333 0.03802083333333333 0.06481481481481481
2 0.30442708333333335 0.5601851851851852 0.04635416666666667 0.06851851851851852
2 0.4908854166666667 0.5703703703703704 0.03177083333333333 0.05925925925925926
4 0.8096354166666667 0.5777777777777777 0.0421875 0.06296296296296296
6 0.33932291666666664 0.5814814814814815 0.0453125 0.08518518518518518
4 0.3809895833333333 0.5824074074074074 0.0453125 0.07592592592592592
4 0.22578125 0.5944444444444444 0.03802083333333333 0.06666666666666667
0 0.27109375 0.5972222222222222 0.03802083333333333 0.06851851851851852
4 0.42890625 0.6074074074074074 0.03802083333333333 0.06296296296296296
7 0.38359375 0.06111111111111111 0.04635416666666667 0.08148148148148149
0 0.57734375 0.612037037037037 0.04010416666666667 0.06851851851851852
5 0.17161458333333332 0.6212962962962963 0.05364583333333333 0.10555555555555556
6 0.66953125 0.6222222222222222 0.06614583333333333 0.11851851851851852
0 0.24505208333333334 0.6398148148148148 0.04114583333333333 0.06111111111111111
2 0.7174479166666666 0.6453703703703704 0.04114583333333333 0.07592592592592592
0 0.61796875 0.6527777777777778 0.0546875 0.08703703703703704
7 0.20703125 0.6555555555555556 0.03697916666666667 0.07037037037037037
0 0.46119791666666665 0.6583333333333333 0.0640625 0.10555555555555556
5 0.8122395833333333 0.06666666666666667 0.04114583333333333 0.08148148148148149
2 0.29244791666666664 0.6768518518518518 0.0640625 0.11296296296296296
0 0.38359375 0.6777777777777778 0.06302083333333333 0.1037037037037037
8 0.33359375 0.6787037037037037 0.0421875 0.08703703703703704
8 0.6348958333333333 0.7194444444444444 0.040625 0.07962962962962963
7 0.40390625 0.7481481481481481 0.04114583333333333 0.08148148148148149
0 0.34765625 0.7527777777777778 0.04739583333333333 0.09074074074074075
0 0.6127604166666667 0.7768518518518519 0.0421875 0.06481481481481481
0 0.37734375 0.7962962962962963 0.0359375 0.06296296296296296
2 0.26640625 0.8009259259259259 0.043229166666666666 0.07592592592592592
2 0.31536458333333334 0.8083333333333333 0.03697916666666667 0.07592592592592592
8 0.70390625 0.8185185185185185 0.05572916666666667 0.0962962962962963
4 0.34609375 0.8333333333333334 0.033854166666666664 0.07037037037037037
4 0.40234375 0.8490740740740741 0.0359375 0.07962962962962963
2 0.6122395833333333 0.8490740740740741 0.049479166666666664 0.08333333333333333
2 0.3111979166666667 0.8703703703703703 0.04114583333333333 0.07037037037037037
6 0.5627604166666667 0.875 0.05260416666666667 0.08703703703703704
4 0.17317708333333334 0.08888888888888889 0.0421875 0.07407407407407407
2 0.2752604166666667 0.8916666666666667 0.0453125 0.07592592592592592
4 0.67734375 0.9101851851851852 0.0421875 0.07592592592592592
1 0.3377604166666667 0.9203703703703704 0.04010416666666667 0.07407407407407407
7 0.37942708333333336 0.9212962962962963 0.050520833333333334 0.10185185185185185