4 0.51953125 0.13055555555555556 0.0484375 0.09444444444444444
4 0.42890625 0.13518518518518519 0.04635416666666667 0.08148148148148149
1 0.21901041666666668 0.1537037037037037 0.03697916666666667 0.05925925925925926
0 0.2908854166666667 0.18425925925925926 0.04114583333333333 0.07592592592592592
8 0.56796875 0.19074074074074074 0.034895833333333334 0.06666666666666667
0 0.4549479166666667 0.20833333333333334 0.05260416666666667 0.10185185185185185
4 0.22578125 0.26944444444444443 0.0421875 0.07222222222222222
7 0.20234375 0.3212962962962963 0.04114583333333333 0.06851851851851852
0 0.29609375 0.35833333333333334 0.043229166666666666 0.06111111111111111
8 0.7502604166666667 0.3592592592592593 0.0390625 0.06296296296296296
0 0.24609375 0.36018518518518516 0.0515625 0.08333333333333333
7 0.19192708333333333 0.3675925925925926 0.0390625 0.07222222222222222
4 0.28203125 0.03796296296296296 0.04010416666666667 0.07222222222222222
4 0.7778645833333333 0.3888888888888889 0.03802083333333333 0.06666666666666667
7 0.8216145833333334 0.40555555555555556 0.04010416666666667 0.07407407407407407
2 0.20026041666666666 0.43333333333333335 0.04114583333333333 0.07037037037037037
4 0.7466145833333333 0.4722222222222222 0.027604166666666666 0.04814814814814815
0 0.7481770833333333 0.5314814814814814 0.04739583333333333 0.07777777777777778
2 0.7971354166666667 0.5509259259259259 0.06614583333333333 0.11666666666666667
2 0.47994791666666664 0.5592592592592592 0.050520833333333334 0.08148148148148149
6 0.4200520833333333 0.5638888888888889 0.0640625 0.11296296296296296
7 0.45651041666666664 0.6240740740740741 0.04114583333333333 0.06296296296296296
2 0.3377604166666667 0.06851851851851852 0.034895833333333334 0.06296296296296296
6 0.22942708333333334 0.6953703703703704 0.0515625 0.07962962962962963
0 0.8395833333333333 0.7611111111111111 0.041666666666666664 0.07037037037037037
1 0.7919270833333333 0.7759259259259259 0.0390625 0.07407407407407407
8 0.32786458333333335 0.7916666666666666 0.03802083333333333 0.07222222222222222
2 0.8419270833333333 0.8296296296296296 0.043229166666666666 0.08148148148148149