0 0.3106770833333333 0.9393518518518519 0.05260416666666667 0.09537037037037037
0 0.49192708333333335 0.3490740740740741 0.05260416666666667 0.1
1 0.575 0.3939814814814815 0.03958333333333333 0.06574074074074074
2 0.48125 0.4439814814814815 0.03854166666666667 0.06944444444444445
8 0.6028645833333334 0.5226851851851851 0.04010416666666667 0.0787037037037037
6 0.36223958333333334 0.562037037037037 0.05364583333333333 0.09074074074074075
1 0.30755208333333334 0.6037037037037037 0.0515625 0.08333333333333333
6 0.37786458333333334 0.6694444444444444 0.05364583333333333 0.09814814814814815
0 0.4466145833333333 0.737037037037037 0.043229166666666666 0.07037037037037037
8 0.375 0.8041666666666667 0.040625 0.075
6 0.32283333333333336 0.8245370370370371 0.06197916666666667 0.12129629629629629