8 0.8057291666666667 0.17685185185185184 0.04583333333333333 0.08148148148148149
5 0.24583333333333332 0.35539814814814813 0.06458333333333334 0.11574074074074074
8 0.5145833333333333 0.37407407407407406 0.04479166666666667 0.07222222222222222
7 0.65078125 0.48148148148148145 0.04114583333333333 0.07037037037037037
6 0.40234375 0.5236111111111111 0.0609375 0.11203703703703703
7 0.317015625 0.5248425925925926 0.042708333333333334 0.06759259259259259
4 0.5213541666666667 0.5453703703703704 0.05416666666666667 0.08148148148148149
2 0.60859375 0.5574074074074075 0.04114583333333333 0.07222222222222222
0 0.68359375 0.5861111111111111 0.043229166666666666 0.07037037037037037
0 0.71953125 0.6078703703703704 0.0359375 0.06388888888888888
2 0.5098958333333333 0.6180555555555556 0.030208333333333334 0.06018518518518518
2 0.4200520833333333 0.6328703703703704 0.04635416666666667 0.06759259259259259
7 0.578125 0.6407407407407407 0.05520833333333333 0.09074074074074075
4 0.26510416666666664 0.6680555555555555 0.04895833333333333 0.0824074074074074
5 0.65234375 0.7555555555555555 0.0421875 0.07222222222222222
2 0.46458333333333335 0.774074074074074 0.05416666666666667 0.09074074074074075
8 0.5828125 0.8041666666666667 0.05416666666666667 0.09537037037037037
4 0.3494791666666667 0.8541666666666666 0.04375 0.075