4 0.39114583333333336 0.9537037037037037 0.0375 0.08333333333333333
7 0.665625 0.3509259259259259 0.05520833333333333 0.1037037037037037
0 0.7388020833333333 0.38472222222222224 0.05364583333333333 0.08611111111111111
6 0.3815104166666667 0.41944444444444445 0.05572916666666667 0.08518518518518518
1 0.3255208333333333 0.4236111111111111 0.03958333333333333 0.0712962962962963
2 0.2078125 0.5041666666666667 0.04375 0.08055555555555556
1 0.37005208333333334 0.5041666666666667 0.0453125 0.058333333333333334
0 0.30963541666666666 0.5212962962962963 0.0453125 0.08148148148148149
4 0.43697916666666664 0.5314814814814814 0.041666666666666664 0.07592592592592592
8 0.5041666666666667 0.7842592592592592 0.03854166666666667 0.06666666666666667
7 0.44192708333333336 0.7949074074074074 0.0390625 0.06944444444444445
0 0.5502604166666667 0.8342592592592593 0.0390625 0.08148148148148149
0 0.5020833333333333 0.8685185185185185 0.051041666666666666 0.08703703703703704
5 0.43828125 0.9175925925925926 0.050520833333333334 0.0962962962962963