2 0.5622395833333333 0.19537037037037036 0.04010416666666667 0.07962962962962963
0 0.50078125 0.25925925925925924 0.0421875 0.07777777777777778
0 0.5799479166666667 0.27037037037037037 0.0484375 0.08148148148148149
4 0.5419270833333333 0.2953703703703704 0.03697916666666667 0.07962962962962963
6 0.22682291666666668 0.33425925925925926 0.07552083333333333 0.10925925925925926
8 0.5638020833333334 0.3398148148148148 0.0390625 0.06481481481481481
0 0.76796875 0.3425925925925926 0.05364583333333333 0.09259259259259259
6 0.44505208333333335 0.3611111111111111 0.06614583333333333 0.10740740740740741
2 0.2643229166666667 0.5981481481481481 0.04010416666666667 0.07037037037037037
8 0.20651041666666667 0.6574074074074074 0.05364583333333333 0.08518518518518518
4 0.23880208333333333 0.6962962962962963 0.028645833333333332 0.04814814814814815
7 0.36171875 0.7018518518518518 0.04114583333333333 0.07777777777777778
0 0.4388020833333333 0.7148148148148148 0.034895833333333334 0.07037037037037037
2 0.6518229166666667 0.7287037037037037 0.033854166666666664 0.06481481481481481
6 0.8528645833333334 0.7305555555555555 0.04010416666666667 0.05740740740740741
2 0.47369791666666666 0.7324074074074074 0.0359375 0.06851851851851852