0 0.27838541666666666 0.10416666666666667 0.0421875 0.0787037037037037
2 0.6015625 0.1111111111111111 0.034375 0.06851851851851852
7 0.26458333333333334 0.1763888888888889 0.040625 0.0787037037037037
8 0.20494791666666667 0.2324074074074074 0.043229166666666666 0.07037037037037037
4 0.4484375 0.23472222222222222 0.051041666666666666 0.09537037037037037
2 0.6986979166666667 0.27824074074074073 0.04114583333333333 0.075
0 0.6953125 0.39166666666666666 0.04479166666666667 0.07962962962962963
2 0.41484375 0.39444444444444443 0.04114583333333333 0.06296296296296296
6 0.29453125 0.44907407407407407 0.05364583333333333 0.08888888888888889
2 0.4578125 0.46944444444444444 0.034375 0.05555555555555555
2 0.66796875 0.4949074074074074 0.034895833333333334 0.06759259259259259
5 0.4864583333333333 0.5074074074074074 0.03958333333333333 0.06111111111111111
1 0.25 0.5111111111111111 0.03958333333333333 0.07222222222222222
4 0.7263020833333333 0.5356481481481481 0.0421875 0.07685185185185185
0 0.4544270833333333 0.5587962962962963 0.0421875 0.06759259259259259
0 0.45416666666666666 0.6560185185185186 0.034375 0.06574074074074074