4 0.5075520833333333 0.20925925925925926 0.03802083333333333 0.07407407407407407
1 0.58046875 0.262037037037037 0.0359375 0.06851851851851852
5 0.41744791666666664 0.2833333333333333 0.04635416666666667 0.07407407407407407
2 0.4627604166666667 0.3296296296296296 0.050520833333333334 0.0962962962962963
0 0.56796875 0.38425925925925924 0.06302083333333333 0.09814814814814815
4 0.3106770833333333 0.4101851851851852 0.044270833333333336 0.07222222222222222
4 0.4158854166666667 0.41388888888888886 0.03802083333333333 0.07222222222222222
2 0.49296875 0.4166666666666667 0.0484375 0.08518518518518518
7 0.64765625 0.4601851851851852 0.028645833333333332 0.053703703703703705
2 0.56953125 0.4935185185185185 0.06197916666666667 0.12037037037037036
2 0.70390625 0.5120370370370371 0.034895833333333334 0.06481481481481481
2 0.3611979166666667 0.5509259259259259 0.0390625 0.06851851851851852
8 0.35963541666666665 0.6111111111111112 0.04010416666666667 0.06666666666666667
2 0.7002604166666667 0.6157407407407407 0.0296875 0.06111111111111111
2 0.49296875 0.6324074074074074 0.033854166666666664 0.06111111111111111
1 0.5934895833333333 0.6546296296296297 0.043229166666666666 0.07222222222222222
0 0.42682291666666666 0.7138888888888889 0.034895833333333334 0.07222222222222222
2 0.6513020833333333 0.8027777777777778 0.0609375 0.10185185185185185