0 0.41692708333333334 0.22685185185185186 0.05260416666666667 0.09814814814814815
7 0.6950520833333333 0.23148148148148148 0.044270833333333336 0.07777777777777778
7 0.37578125 0.32407407407407407 0.0390625 0.08148148148148149
2 0.7986979166666667 0.375 0.0453125 0.08703703703703704
6 0.35911458333333335 0.040740740740740744 0.05677083333333333 0.08148148148148149
4 0.3684895833333333 0.425 0.04114583333333333 0.07222222222222222
4 0.8044270833333333 0.47685185185185186 0.044270833333333336 0.06851851851851852
0 0.39036458333333335 0.487962962962963 0.05572916666666667 0.09074074074074075
0 0.78359375 0.5212962962962963 0.044270833333333336 0.06851851851851852
0 0.4596354166666667 0.5879629629629629 0.05677083333333333 0.09814814814814815
8 0.32890625 0.8027777777777778 0.043229166666666666 0.08703703703703704
7 0.7940104166666667 0.8787037037037037 0.044270833333333336 0.07962962962962963
0 0.72265625 0.924074074074074 0.0390625 0.07407407407407407