0 0.7096354166666666 0.3773148148148148 0.049479166666666664 0.08981481481481482
1 0.7127604166666667 0.45416666666666666 0.0390625 0.07314814814814814
6 0.21666666666666667 0.4726851851851852 0.034375 0.06944444444444445
2 0.7432291666666667 0.4842592592592593 0.04375 0.07037037037037037
0 0.3807291666666667 0.5041666666666667 0.041666666666666664 0.07314814814814814
2 0.36666666666666664 0.575 0.040625 0.07407407407407407
4 0.27421875 0.6018518518518519 0.0453125 0.07222222222222222
0 0.33151041666666664 0.6189814814814815 0.05572916666666667 0.08796296296296297
0 0.6677083333333333 0.6675925925925926 0.051041666666666666 0.0962962962962963
7 0.5013020833333334 0.6736111111111112 0.0390625 0.07314814814814814
7 0.528125 0.7060185185185185 0.034375 0.062037037037037036
8 0.25807291666666665 0.7277777777777777 0.0421875 0.08333333333333333
4 0.4984375 0.7712962962962963 0.03958333333333333 0.07037037037037037