0 0.5684895833333333 0.09351851851851851 0.04739583333333333 0.08333333333333333
5 0.7721354166666666 0.95 0.0546875 0.07037037037037037
7 0.5372395833333333 0.15185185185185185 0.04635416666666667 0.07777777777777778
8 0.80546875 0.17592592592592593 0.05260416666666667 0.07777777777777778
2 0.38203125 0.18981481481481483 0.04739583333333333 0.10185185185185185
0 0.7424479166666667 0.23055555555555557 0.04114583333333333 0.07222222222222222
2 0.6044270833333333 0.2351851851851852 0.0484375 0.1
2 0.41171875 0.2574074074074074 0.050520833333333334 0.05555555555555555
8 0.69140625 0.38055555555555554 0.043229166666666666 0.08333333333333333
2 0.54921875 0.4101851851851852 0.03802083333333333 0.09074074074074075
8 0.7283854166666667 0.425 0.050520833333333334 0.08703703703703704
6 0.6455729166666667 0.4564814814814815 0.0734375 0.12037037037037036
4 0.6877604166666667 0.46296296296296297 0.04010416666666667 0.08148148148148149
5 0.45703125 0.5305555555555556 0.07447916666666667 0.13148148148148148
4 0.6622395833333333 0.6037037037037037 0.0640625 0.08888888888888889
4 0.41380208333333335 0.6287037037037037 0.04114583333333333 0.08333333333333333
7 0.34921875 0.6574074074074074 0.044270833333333336 0.08148148148148149
7 0.30390625 0.07314814814814814 0.059895833333333336 0.10555555555555556
4 0.81015625 0.8898148148148148 0.030729166666666665 0.06111111111111111