8 0.6888020833333334 0.2439814814814815 0.034895833333333334 0.06574074074074074
4 0.40572916666666664 0.2828703703703704 0.029166666666666667 0.05092592592592592
4 0.5989583333333334 0.2935185185185185 0.03958333333333333 0.07222222222222222
1 0.6341145833333334 0.29398148148148145 0.0421875 0.06944444444444445
4 0.5036458333333333 0.2967592592592593 0.05 0.06944444444444445
4 0.55859375 0.30694444444444446 0.04010416666666667 0.07685185185185185
2 0.67109375 0.3111111111111111 0.0359375 0.06296296296296296
4 0.7067708333333333 0.362962962962963 0.034375 0.06481481481481481
2 0.62578125 0.3763888888888889 0.05260416666666667 0.08611111111111111
4 0.6716145833333333 0.3800925925925926 0.03697916666666667 0.06574074074074074
6 0.4622395833333333 0.3939814814814815 0.058854166666666666 0.11203703703703703
4 0.5419270833333333 0.40370370370370373 0.04010416666666667 0.07962962962962963
0 0.503125 0.45 0.04583333333333333 0.08888888888888889
4 0.6015625 0.5472222222222223 0.042708333333333334 0.07962962962962963
4 0.5591145833333333 0.5476851851851852 0.04114583333333333 0.06759259259259259
2 0.23619791666666667 0.5861111111111111 0.0359375 0.07037037037037037
4 0.6005208333333333 0.7217592592592592 0.0375 0.06944444444444445
0 0.6182291666666667 0.7782407407407408 0.03229166666666667 0.0787037037037037
8 0.66328125 0.7824074074074074 0.05260416666666667 0.09444444444444444
0 0.4440104166666667 0.7986111111111112 0.0421875 0.06944444444444445
6 0.8328125 0.8287037037037037 0.029166666666666667 0.06111111111111111
2 0.771875 0.8361111111111111 0.03958333333333333 0.07407407407407407
5 0.5729166666666666 0.8398148148148148 0.053125 0.09074074074074075
2 0.25677083333333334 0.8555555555555555 0.040625 0.07222222222222222
2 0.6393229166666666 0.8699074074074075 0.05364583333333333 0.09722222222222222