2 0.27395833333333336 0.2564814814814815 0.04375 0.08333333333333333
2 0.47317708333333336 0.2810185185185185 0.03697916666666667 0.06944444444444445
4 0.5346354166666667 0.3111111111111111 0.04010416666666667 0.07222222222222222
4 0.16432291666666668 0.3388888888888889 0.04739583333333333 0.08148148148148149
6 0.46848958333333335 0.3680555555555556 0.06197916666666667 0.10648148148148148
8 0.5169270833333334 0.38935185185185184 0.0421875 0.06574074074074074
4 0.7096354166666666 0.4583333333333333 0.0421875 0.07037037037037037
4 0.5033854166666667 0.46064814814814814 0.03802083333333333 0.06944444444444445
0 0.46145833333333336 0.5194444444444445 0.03854166666666667 0.07037037037037037
7 0.42135416666666664 0.5476851851851852 0.03854166666666667 0.06759259259259259
8 0.5294270833333333 0.5976851851851852 0.0484375 0.08796296296296297
6 0.7661458333333333 0.6277777777777778 0.059375 0.09259259259259259
2 0.5638020833333334 0.7643518518518518 0.03697916666666667 0.08425925925925926
7 0.5942708333333333 0.7703703703703704 0.03854166666666667 0.07222222222222222
0 0.23880208333333333 0.7888888888888889 0.05260416666666667 0.10185185185185185
8 0.42994791666666665 0.8268518518518518 0.0453125 0.07407407407407407