8 0.7455729166666667 0.1648148148148148 0.05260416666666667 0.08888888888888889
2 0.4705729166666667 0.16944444444444445 0.04635416666666667 0.08888888888888889
4 0.4049479166666667 0.3074074074074074 0.03802083333333333 0.07222222222222222
2 0.7299479166666667 0.4074074074074074 0.0515625 0.08333333333333333
0 0.609375 0.4791666666666667 0.053125 0.09351851851851851
0 0.36432291666666666 0.48935185185185187 0.0421875 0.07685185185185185
1 0.5222239583333333 0.5606481481481481 0.04791666666666667 0.08425925925925926
2 0.21536458333333333 0.5648148148148148 0.0328125 0.06481481481481481
8 0.5895833333333333 0.5717592592592593 0.03958333333333333 0.06018518518518518
4 0.40520833333333334 0.5805555555555556 0.04375 0.07407407407407407
8 0.6270833333333333 0.5930555555555556 0.03958333333333333 0.06944444444444445
7 0.6010416666666667 0.6412037037037037 0.03854166666666667 0.06574074074074074
2 0.5510416666666667 0.6689814814814815 0.0375 0.06944444444444445
8 0.66015625 0.7592592592592593 0.0421875 0.06481481481481481
4 0.56484375 0.8916666666666667 0.0453125 0.07962962962962963