4 0.7065104166666667 0.9634259259259259 0.05572916666666667 0.0712962962962963
7 0.8234375 0.2324074074074074 0.041666666666666664 0.09074074074074075
4 0.25286458333333334 0.3662037037037037 0.04635416666666667 0.07685185185185185
8 0.43255208333333334 0.40879629629629627 0.044270833333333336 0.0824074074074074
4 0.6653645833333334 0.4587962962962963 0.043229166666666666 0.08981481481481482
2 0.4390625 0.4759259259259259 0.036458333333333336 0.06851851851851852
4 0.3927083333333333 0.4837962962962963 0.053125 0.08425925925925926
4 0.4505208333333333 0.5351851851851852 0.04895833333333333 0.07592592592592592
0 0.59765625 0.5555555555555556 0.0671875 0.10740740740740741
4 0.24166666666666667 0.5592592592592592 0.04479166666666667 0.08333333333333333
0 0.2984375 0.611574074074074 0.052083333333333336 0.09537037037037037
0 0.590625 0.663425925925926 0.04479166666666667 0.07314814814814814
5 0.6614635416666667 0.6779351851851851 0.059375 0.08611111111111111
0 0.21953125 0.749537037037037 0.05260416666666667 0.09351851851851851
0 0.7460104166666667 0.7729907407407408 0.0375 0.0824074074074074
7 0.2875 0.8185185185185185 0.05625 0.11481481481481481
4 0.71875 0.8199074074074074 0.040625 0.08981481481481482