4 0.6325836820083682 0.11473880597014925 0.04445606694560669 0.08395522388059702
8 0.34074267782426776 0.3162313432835821 0.0549163179916318 0.09888059701492537
2 0.44743723849372385 0.33861940298507465 0.038179916317991634 0.07276119402985075
6 0.7324790794979079 0.3498134328358209 0.05596234309623431 0.10261194029850747
4 0.6848849372384938 0.3843283582089552 0.040271966527196654 0.06716417910447761
4 0.5086297071129707 0.4141791044776119 0.03922594142259414 0.07462686567164178
5 0.5802824267782427 0.6138059701492538 0.04654811715481171 0.07462686567164178
0 0.26072175732217573 0.6455223880597015 0.04131799163179916 0.0708955223880597
0 0.5677301255230126 0.6996268656716418 0.05910041841004184 0.11194029850746269
0 0.23980125523012552 0.7136194029850746 0.05596234309623431 0.09514925373134328
6 0.6425209205020921 0.7182835820895522 0.06642259414225941 0.11567164179104478
1 0.4442991631799163 0.7397388059701493 0.040271966527196654 0.06529850746268656