2 0.18515625 0.9324074074074075 0.0453125 0.07592592592592592
4 0.7763020833333333 0.9444444444444444 0.04010416666666667 0.08148148148148149
7 0.31796875 0.17685185185185184 0.0546875 0.09814814814814815
0 0.56640625 0.1962962962962963 0.0578125 0.10740740740740741
6 0.28359375 0.2722222222222222 0.0359375 0.06666666666666667
1 0.39869791666666665 0.29907407407407405 0.0515625 0.08703703703703704
5 0.32473958333333336 0.3111111111111111 0.049479166666666664 0.08888888888888889
2 0.6846354166666667 0.31666666666666665 0.0484375 0.07407407407407407
4 0.44088541666666664 0.32407407407407407 0.04010416666666667 0.06666666666666667
1 0.6268229166666667 0.38055555555555554 0.0453125 0.06851851851851852
6 0.5049479166666667 0.3814814814814815 0.0640625 0.10740740740740741
2 0.33828125 0.3861111111111111 0.0390625 0.06851851851851852
4 0.5934895833333333 0.4027777777777778 0.0390625 0.06851851851851852
0 0.55546875 0.4148148148148148 0.0546875 0.08518518518518518
8 0.6809895833333334 0.42685185185185187 0.06197916666666667 0.08333333333333333
7 0.5888020833333333 0.4666666666666667 0.04010416666666667 0.06296296296296296
7 0.37838541666666664 0.47129629629629627 0.044270833333333336 0.07962962962962963
6 0.3184895833333333 0.4898148148148148 0.04114583333333333 0.07962962962962963
1 0.25859375 0.49074074074074076 0.0421875 0.07407407407407407
4 0.7283854166666667 0.5083333333333333 0.049479166666666664 0.07962962962962963
2 0.37109375 0.5388888888888889 0.04010416666666667 0.07777777777777778
6 0.46067708333333335 0.5666666666666667 0.0359375 0.05185185185185185
0 0.45598958333333334 0.6166666666666667 0.0390625 0.05925925925925926
7 0.49557291666666664 0.6620370370370371 0.0390625 0.06851851851851852
5 0.6450520833333333 0.674074074074074 0.0609375 0.10740740740740741
6 0.5736979166666667 0.6759259259259259 0.06197916666666667 0.11481481481481481
0 0.7684895833333333 0.6916666666666667 0.0515625 0.09444444444444444
2 0.46796875 0.7175925925925926 0.05260416666666667 0.08703703703703704
0 0.7231770833333333 0.7388888888888889 0.06822916666666666 0.1111111111111111
2 0.45026041666666666 0.8305555555555556 0.04010416666666667 0.08333333333333333
0 0.21276041666666667 0.8574074074074074 0.05677083333333333 0.0962962962962963
2 0.7440104166666667 0.8611111111111112 0.044270833333333336 0.06296296296296296
0 0.29973958333333334 0.8935185185185185 0.05364583333333333 0.09814814814814815
7 0.43463541666666666 0.8972222222222223 0.04635416666666667 0.07962962962962963