0 0.7854166666666667 0.2439814814814815 0.042708333333333334 0.0787037037037037
2 0.2981770833333333 0.29398148148148145 0.0484375 0.0824074074074074
2 0.80625 0.29814814814814816 0.03854166666666667 0.06851851851851852
0 0.2760416666666667 0.38657407407407407 0.057291666666666664 0.10092592592592593
2 0.38645833333333335 0.3958333333333333 0.059375 0.09722222222222222
8 0.44792187499999997 0.4925925925925926 0.042708333333333334 0.07592592592592592
0 0.5299479166666666 0.5282407407407408 0.06197916666666667 0.11388888888888889
7 0.4158854166666667 0.5407407407407407 0.0421875 0.07222222222222222
8 0.4484375 0.5879629629629629 0.058333333333333334 0.08518518518518518
4 0.7940104166666667 0.6675925925925926 0.050520833333333334 0.07777777777777778
8 0.7166666666666667 0.6953703703703704 0.04895833333333333 0.08518518518518518