6 0.5486979166666667 0.17314814814814813 0.0421875 0.08703703703703704
4 0.4044270833333333 0.21296296296296297 0.0609375 0.10185185185185185
7 0.48932291666666666 0.3111111111111111 0.03802083333333333 0.07037037037037037
7 0.5486979166666667 0.35555555555555557 0.0546875 0.1037037037037037
0 0.5554739583333334 0.49166666666666664 0.049479166666666664 0.08333333333333333
2 0.5158854166666667 0.5685185185185185 0.05364583333333333 0.1037037037037037
8 0.56640625 0.5712962962962963 0.059895833333333336 0.09444444444444444
5 0.30703125 0.7037037037037037 0.05677083333333333 0.0962962962962963
4 0.3684895833333333 0.7175925925925926 0.0359375 0.08333333333333333
8 0.4002604166666667 0.7462962962962963 0.04635416666666667 0.07037037037037037
2 0.23359375 0.7759259259259259 0.049479166666666664 0.07777777777777778