4 0.42526041666666664 0.10185185185185185 0.04739583333333333 0.07592592592592592
0 0.3346354166666667 0.11805555555555555 0.04114583333333333 0.06018518518518518
4 0.3359375 0.16435185185185186 0.04375 0.0712962962962963
6 0.4122395833333333 0.19490740740740742 0.044270833333333336 0.06944444444444445
4 0.30026041666666664 0.2037037037037037 0.05572916666666667 0.09444444444444444
0 0.47317708333333336 0.2865740740740741 0.043229166666666666 0.06759259259259259
7 0.38645833333333335 0.2967592592592593 0.051041666666666666 0.09907407407407408
4 0.6338541666666667 0.3111111111111111 0.03958333333333333 0.07222222222222222
8 0.5934895833333333 0.4162037037037037 0.05677083333333333 0.08981481481481482
6 0.4825520833333333 0.4671296296296296 0.043229166666666666 0.08055555555555556
7 0.19973958333333333 0.4962962962962963 0.03802083333333333 0.07222222222222222
7 0.54921875 0.5023148148148148 0.03697916666666667 0.05462962962962963
1 0.6010416666666667 0.5550925925925926 0.042708333333333334 0.06759259259259259
7 0.20989583333333334 0.5657407407407408 0.05 0.07777777777777778
4 0.6359375 0.5912037037037037 0.03958333333333333 0.07685185185185185
1 0.52734375 0.6166666666666667 0.043229166666666666 0.07592592592592592
4 0.8481770833333333 0.6888888888888889 0.043229166666666666 0.08703703703703704
0 0.49505208333333334 0.7083333333333334 0.049479166666666664 0.0962962962962963
8 0.28880208333333335 0.8046296296296296 0.0578125 0.0962962962962963
2 0.21822916666666667 0.8050925925925926 0.05416666666666667 0.09351851851851851
0 0.2513020833333333 0.8537037037037037 0.043229166666666666 0.07592592592592592