7 0.41744791666666664 0.15787037037037038 0.0453125 0.07314814814814814
4 0.3703125 0.21712962962962962 0.041666666666666664 0.07685185185185185
2 0.3328125 0.31666666666666665 0.03958333333333333 0.08333333333333333
2 0.365625 0.34074074074074073 0.034375 0.07222222222222222
8 0.6455729166666667 0.4601851851851852 0.05572916666666667 0.0962962962962963
8 0.8020833333333334 0.46574074074074073 0.04479166666666667 0.07777777777777778
6 0.7127604166666667 0.47962962962962963 0.06302083333333333 0.10925925925925926
4 0.5455729166666666 0.5381111111111111 0.0390625 0.08425925925925926
0 0.6744791666666666 0.5722222222222222 0.06458333333333334 0.11296296296296296
0 0.7541666666666667 0.6416666666666667 0.051041666666666666 0.08148148148148149
2 0.5549479166666667 0.6925925925925925 0.034895833333333334 0.07962962962962963
4 0.475 0.7462962962962963 0.03854166666666667 0.07962962962962963
4 0.4322916666666667 0.7564814814814815 0.040625 0.07777777777777778
2 0.5307291666666667 0.8157407407407408 0.04375 0.08888888888888889
6 0.440625 0.08564814814814815 0.051041666666666666 0.09166666666666666
0 0.6010416666666667 0.861574074074074 0.042708333333333334 0.07685185185185185