2 0.32473958333333336 0.1037037037037037 0.06197916666666667 0.10925925925925926
2 0.34609375 0.1875 0.04114583333333333 0.075
4 0.39479166666666665 0.2462962962962963 0.04791666666666667 0.09074074074074075
7 0.4278645833333333 0.27037037037037037 0.030729166666666665 0.046296296296296294
8 0.3611979166666667 0.3101851851851852 0.03697916666666667 0.07407407407407407
0 0.5638020833333334 0.3282407407407407 0.03802083333333333 0.06018518518518518
8 0.7953125 0.362962962962963 0.04583333333333333 0.07222222222222222
0 0.5825520833333333 0.3875 0.04739583333333333 0.08981481481481482
7 0.5372395833333333 0.38842592592592595 0.03802083333333333 0.06759259259259259
4 0.30104166666666665 0.5078703703703704 0.053125 0.09537037037037037
2 0.35703125 0.5148148148148148 0.04739583333333333 0.08148148148148149
4 0.7075520833333333 0.5162037037037037 0.0421875 0.06944444444444445
1 0.2669270833333333 0.05740740740740741 0.0421875 0.07222222222222222
4 0.6354166666666666 0.6888888888888889 0.04479166666666667 0.07222222222222222