0 0.6223072916666667 0.22592592592592592 0.04114583333333333 0.07222222222222222
8 0.5247395833333334 0.31574074074074077 0.03802083333333333 0.07037037037037037
4 0.6157135416666667 0.3395092592592593 0.04010416666666667 0.07407407407407407
5 0.4817708333333333 0.35987962962962966 0.051041666666666666 0.09259259259259259
0 0.425 0.36775 0.040625 0.06944444444444445
2 0.5611979166666666 0.037037037037037035 0.034895833333333334 0.07037037037037037
7 0.84765625 0.42268518518518516 0.03697916666666667 0.058333333333333334
2 0.6130208333333333 0.45555555555555555 0.034375 0.06851851851851852
4 0.21901041666666668 0.5365740740740741 0.043229166666666666 0.0787037037037037
2 0.5901041666666667 0.5388888888888889 0.03333333333333333 0.06296296296296296
6 0.2518229166666667 0.674074074074074 0.043229166666666666 0.07037037037037037
7 0.426734375 0.6787037037037037 0.04583333333333333 0.07962962962962963
8 0.7333333333333333 0.7337962962962963 0.04791666666666667 0.06574074074074074
4 0.20989583333333334 0.7518518518518519 0.05416666666666667 0.10185185185185185
4 0.26588541666666665 0.8273148148148148 0.04635416666666667 0.075
0 0.61953125 0.08888888888888889 0.05260416666666667 0.09814814814814815