1 0.5747395833333333 0.375 0.050520833333333334 0.07407407407407407
7 0.6098958333333333 0.40046296296296297 0.042708333333333334 0.0787037037037037
0 0.36302083333333335 0.4064814814814815 0.05416666666666667 0.08518518518518518
7 0.40703125 0.4152777777777778 0.0421875 0.08055555555555556
1 0.65234375 0.44537037037037036 0.04114583333333333 0.07592592592592592
0 0.33567708333333335 0.46296296296296297 0.04739583333333333 0.07407407407407407
2 0.5755208333333334 0.4962962962962963 0.04375 0.07592592592592592
6 0.30130208333333336 0.49675925925925923 0.04635416666666667 0.08055555555555556
8 0.5973958333333333 0.5722222222222222 0.03854166666666667 0.06481481481481481
4 0.5859375 0.6967592592592593 0.04375 0.0787037037037037
0 0.5752604166666667 0.7689814814814815 0.04114583333333333 0.0787037037037037