2 0.23932291666666666 0.937037037037037 0.05260416666666667 0.08888888888888889
0 0.5138020833333333 0.1388888888888889 0.05364583333333333 0.1111111111111111
4 0.3533854166666667 0.17037037037037037 0.03697916666666667 0.06666666666666667
1 0.7669270833333334 0.2037037037037037 0.04739583333333333 0.08518518518518518
0 0.61953125 0.25 0.058854166666666666 0.14444444444444443
4 0.2716145833333333 0.29444444444444445 0.06927083333333334 0.1111111111111111
1 0.20807291666666666 0.3138888888888889 0.044270833333333336 0.06851851851851852
2 0.57109375 0.3435185185185185 0.0515625 0.09074074074074075
0 0.3419270833333333 0.3453703703703704 0.0390625 0.09074074074074075
4 0.3882864583333333 0.3675925925925926 0.0484375 0.07962962962962963
2 0.22682291666666668 0.38981481481481484 0.0671875 0.09814814814814815
0 0.28098958333333335 0.40925925925925927 0.044270833333333336 0.08518518518518518
2 0.5075520833333333 0.046296296296296294 0.059895833333333336 0.08888888888888889
7 0.27421875 0.5009259259259259 0.0453125 0.08703703703703704
8 0.58984375 0.5231481481481481 0.0578125 0.10555555555555556
4 0.84765625 0.5305555555555556 0.033854166666666664 0.08333333333333333
0 0.33151041666666664 0.5342592592592592 0.0515625 0.08703703703703704
2 0.4044270833333333 0.537962962962963 0.0515625 0.07962962962962963
2 0.6638020833333333 0.5833333333333334 0.03697916666666667 0.07407407407407407
4 0.19869791666666667 0.5888888888888889 0.0546875 0.08148148148148149
2 0.6299479166666667 0.5962962962962963 0.03802083333333333 0.07777777777777778
1 0.60859375 0.6583333333333333 0.0390625 0.07222222222222222
7 0.6565104166666667 0.7101851851851851 0.043229166666666666 0.09444444444444444
6 0.7028645833333333 0.7111111111111111 0.0578125 0.1111111111111111
1 0.43984375 0.7138888888888889 0.043229166666666666 0.08333333333333333