7 0.3072916666666667 0.19444444444444445 0.04375 0.06481481481481481
8 0.37578125 0.32731481481481484 0.0734375 0.10833333333333334
4 0.71640625 0.3726851851851852 0.0453125 0.0787037037037037
1 0.70859375 0.48194444444444445 0.050520833333333334 0.08796296296296297
1 0.8083333333333333 0.5416666666666666 0.04479166666666667 0.08333333333333333
2 0.26953125 0.5509259259259259 0.0515625 0.07407407407407407
4 0.7627604166666667 0.5518518518518518 0.0515625 0.12222222222222222
7 0.4674479166666667 0.6148148148148148 0.0515625 0.1037037037037037
0 0.5270833333333333 0.6328703703703704 0.03854166666666667 0.08981481481481482
6 0.25729166666666664 0.6342592592592593 0.075 0.1111111111111111
0 0.5830729166666667 0.6560185185185186 0.0671875 0.10833333333333334
6 0.5354166666666667 0.7027777777777777 0.042708333333333334 0.04814814814814815
8 0.5533854166666666 0.736574074074074 0.04739583333333333 0.0787037037037037