8 0.73515625 0.9287037037037037 0.0546875 0.09814814814814815
4 0.8408854166666667 0.937962962962963 0.043229166666666666 0.06851851851851852
0 0.5044270833333333 0.9490740740740741 0.0328125 0.07962962962962963
6 0.19739583333333333 0.9495370370370371 0.0625 0.09907407407407408
0 0.7822916666666667 0.950462962962963 0.057291666666666664 0.09722222222222222
4 0.3809895833333333 0.9527777777777777 0.04010416666666667 0.06481481481481481
0 0.5552083333333333 0.9560185185185185 0.06145833333333333 0.08611111111111111
2 0.22317708333333333 0.09722222222222222 0.04010416666666667 0.06851851851851852
4 0.246875 0.9717592592592592 0.040625 0.05462962962962963
8 0.7684895833333333 0.11574074074074074 0.050520833333333334 0.10555555555555556
2 0.19192708333333333 0.12407407407407407 0.0453125 0.07407407407407407
7 0.22109375 0.17962962962962964 0.043229166666666666 0.08148148148148149
6 0.19505208333333332 0.22685185185185186 0.0453125 0.06851851851851852
2 0.79296875 0.2675925925925926 0.05364583333333333 0.09444444444444444
7 0.74609375 0.30648148148148147 0.0390625 0.07222222222222222
1 0.8278645833333333 0.38333333333333336 0.04010416666666667 0.07407407407407407
7 0.6174479166666667 0.4203703703703704 0.0421875 0.07777777777777778
6 0.5502604166666667 0.44351851851851853 0.049479166666666664 0.08703703703703704
7 0.67109375 0.04814814814814815 0.04114583333333333 0.07777777777777778
5 0.20286458333333332 0.049074074074074076 0.0421875 0.07222222222222222
1 0.69765625 0.537962962962963 0.03802083333333333 0.07592592592592592
8 0.8096354166666667 0.5814814814814815 0.0390625 0.07407407407407407
0 0.25546875 0.5972222222222222 0.0515625 0.08703703703703704
8 0.48411458333333335 0.6222222222222222 0.050520833333333334 0.08518518518518518
6 0.7559895833333333 0.6314814814814815 0.050520833333333334 0.1
0 0.29661458333333335 0.6370370370370371 0.0359375 0.06666666666666667
4 0.8018229166666667 0.6435185185185185 0.0421875 0.08333333333333333
2 0.31953125 0.6787037037037037 0.04010416666666667 0.06851851851851852
7 0.8330729166666667 0.687962962962963 0.04635416666666667 0.10555555555555556
4 0.46171875 0.687962962962963 0.0453125 0.06481481481481481
7 0.25442708333333336 0.6916666666666667 0.05364583333333333 0.10185185185185185
4 0.37942708333333336 0.7101851851851851 0.0453125 0.06851851851851852
2 0.29192708333333334 0.7351851851851852 0.0578125 0.09259259259259259
2 0.20859375 0.7379629629629629 0.05572916666666667 0.09074074074074075
4 0.4700520833333333 0.7379629629629629 0.04114583333333333 0.06851851851851852
8 0.50703125 0.7527777777777778 0.03802083333333333 0.06851851851851852
0 0.36015625 0.7666666666666667 0.04010416666666667 0.06666666666666667
7 0.25234375 0.7833333333333333 0.043229166666666666 0.06666666666666667
7 0.8231770833333333 0.8027777777777778 0.05364583333333333 0.09814814814814815
6 0.32369791666666664 0.8046296296296296 0.05260416666666667 0.09074074074074075
6 0.28463541666666664 0.812962962962963 0.0390625 0.06666666666666667
6 0.71640625 0.8148148148148148 0.058854166666666666 0.09259259259259259
2 0.21380208333333334 0.8166666666666667 0.05364583333333333 0.09259259259259259
0 0.45859375 0.8185185185185185 0.05572916666666667 0.1111111111111111
8 0.5638020833333334 0.8231481481481482 0.0390625 0.07592592592592592
0 0.36484375 0.8277777777777777 0.04739583333333333 0.06666666666666667
7 0.4075520833333333 0.8342592592592593 0.049479166666666664 0.09814814814814815
0 0.2518229166666667 0.8490740740740741 0.0421875 0.07592592592592592
2 0.72109375 0.08703703703703704 0.0390625 0.07777777777777778
0 0.18723958333333332 0.8722222222222222 0.0421875 0.06666666666666667
5 0.29973958333333334 0.8777777777777778 0.05260416666666667 0.09259259259259259
1 0.5471354166666667 0.8787037037037037 0.03697916666666667 0.06851851851851852
2 0.22317708333333333 0.8842592592592593 0.03177083333333333 0.05740740740740741
0 0.37473958333333335 0.8851851851851852 0.043229166666666666 0.06296296296296296
2 0.25807291666666665 0.9120370370370371 0.043229166666666666 0.06851851851851852
2 0.3419270833333333 0.9175925925925926 0.0390625 0.07222222222222222