2 0.81484375 0.9324074074074075 0.0453125 0.07592592592592592
4 0.22369791666666666 0.9444444444444444 0.04010416666666667 0.08148148148148149
7 0.68203125 0.17685185185185184 0.0546875 0.09814814814814815
0 0.43359375 0.1962962962962963 0.0578125 0.10740740740740741
6 0.71640625 0.2722222222222222 0.0359375 0.06666666666666667
1 0.6013020833333333 0.29907407407407405 0.0515625 0.08703703703703704
5 0.6752604166666667 0.3111111111111111 0.049479166666666664 0.08888888888888889
2 0.31536458333333334 0.31666666666666665 0.0484375 0.07407407407407407
4 0.5591145833333333 0.32407407407407407 0.04010416666666667 0.06666666666666667
1 0.3731770833333333 0.38055555555555554 0.0453125 0.06851851851851852
6 0.49505208333333334 0.3814814814814815 0.0640625 0.10740740740740741
2 0.66171875 0.3861111111111111 0.0390625 0.06851851851851852
4 0.40651041666666665 0.4027777777777778 0.0390625 0.06851851851851852
0 0.44453125 0.4148148148148148 0.0546875 0.08518518518518518
8 0.3190104166666667 0.42685185185185187 0.06197916666666667 0.08333333333333333
7 0.41119791666666666 0.4666666666666667 0.04010416666666667 0.06296296296296296
7 0.6216145833333333 0.47129629629629627 0.044270833333333336 0.07962962962962963
6 0.6815104166666667 0.4898148148148148 0.04114583333333333 0.07962962962962963
1 0.74140625 0.49074074074074076 0.0421875 0.07407407407407407
4 0.2716145833333333 0.5083333333333333 0.049479166666666664 0.07962962962962963
2 0.62890625 0.5388888888888889 0.04010416666666667 0.07777777777777778
6 0.5393229166666667 0.5666666666666667 0.0359375 0.05185185185185185
0 0.5440104166666667 0.6166666666666667 0.0390625 0.05925925925925926
7 0.5044270833333333 0.6620370370370371 0.0390625 0.06851851851851852
5 0.35494791666666664 0.674074074074074 0.0609375 0.10740740740740741
6 0.42630208333333336 0.6759259259259259 0.06197916666666667 0.11481481481481481
0 0.23151041666666666 0.6916666666666667 0.0515625 0.09444444444444444
2 0.53203125 0.7175925925925926 0.05260416666666667 0.08703703703703704
0 0.27682291666666664 0.7388888888888889 0.06822916666666666 0.1111111111111111
2 0.5497395833333333 0.8305555555555556 0.04010416666666667 0.08333333333333333
0 0.7872395833333333 0.8574074074074074 0.05677083333333333 0.0962962962962963
2 0.2559895833333333 0.8611111111111112 0.044270833333333336 0.06296296296296296
0 0.7002604166666667 0.8935185185185185 0.05364583333333333 0.09814814814814815
7 0.5653645833333333 0.8972222222222223 0.04635416666666667 0.07962962962962963