0 0.21458333333333332 0.2439814814814815 0.042708333333333334 0.0787037037037037
2 0.7018229166666666 0.29398148148148145 0.0484375 0.0824074074074074
2 0.19375 0.29814814814814816 0.03854166666666667 0.06851851851851852
0 0.7239583333333334 0.38657407407407407 0.057291666666666664 0.10092592592592593
2 0.6135416666666667 0.3958333333333333 0.059375 0.09722222222222222
8 0.552078125 0.4925925925925926 0.042708333333333334 0.07592592592592592
0 0.4700520833333333 0.5282407407407408 0.06197916666666667 0.11388888888888889
7 0.5841145833333333 0.5407407407407407 0.0421875 0.07222222222222222
8 0.5515625 0.5879629629629629 0.058333333333333334 0.08518518518518518
4 0.20598958333333334 0.6675925925925926 0.050520833333333334 0.07777777777777778
8 0.2833333333333333 0.6953703703703704 0.04895833333333333 0.08518518518518518