7 0.5815104166666667 0.9361111111111111 0.04114583333333333 0.07592592592592592
8 0.4158854166666667 0.937037037037037 0.0453125 0.07407407407407407
2 0.35442708333333334 0.11481481481481481 0.03697916666666667 0.07407407407407407
2 0.5403645833333334 0.14814814814814814 0.050520833333333334 0.08148148148148149
0 0.32421875 0.1537037037037037 0.043229166666666666 0.06296296296296296
0 0.3841145833333333 0.17962962962962964 0.06510416666666667 0.1
6 0.47630208333333335 0.18333333333333332 0.059895833333333336 0.10740740740740741
0 0.60703125 0.21388888888888888 0.058854166666666666 0.12037037037037036
4 0.3216145833333333 0.21388888888888888 0.033854166666666664 0.06481481481481481
0 0.8106770833333333 0.2212962962962963 0.049479166666666664 0.08703703703703704
2 0.5442708333333334 0.2222222222222222 0.028125 0.05925925925925926
4 0.41328125 0.2490740740740741 0.0359375 0.06481481481481481
2 0.6877604166666667 0.2537037037037037 0.0390625 0.06666666666666667
8 0.24088541666666666 0.2537037037037037 0.0390625 0.07037037037037037
4 0.3575520833333333 0.26296296296296295 0.0390625 0.07407407407407407
2 0.48203125 0.26666666666666666 0.033854166666666664 0.07407407407407407
4 0.75234375 0.26944444444444443 0.03697916666666667 0.06481481481481481
2 0.6372395833333333 0.27685185185185185 0.04010416666666667 0.06481481481481481
0 0.7934895833333333 0.2777777777777778 0.04114583333333333 0.06666666666666667
7 0.38723958333333336 0.2953703703703704 0.0484375 0.08703703703703704
7 0.58515625 0.3212962962962963 0.03802083333333333 0.07962962962962963
5 0.46067708333333335 0.32222222222222224 0.0515625 0.08888888888888889
8 0.28203125 0.33425925925925926 0.0546875 0.09444444444444444
0 0.71953125 0.3398148148148148 0.044270833333333336 0.07592592592592592
1 0.78359375 0.3453703703703704 0.043229166666666666 0.07592592592592592
6 0.6403645833333333 0.37407407407407406 0.05260416666666667 0.09259259259259259
4 0.41953125 0.3962962962962963 0.03802083333333333 0.08148148148148149
8 0.50078125 0.4046296296296296 0.0421875 0.06851851851851852
4 0.72734375 0.4111111111111111 0.028645833333333332 0.05185185185185185
4 0.19088541666666667 0.4185185185185185 0.04739583333333333 0.07777777777777778
8 0.8252604166666667 0.42962962962962964 0.04114583333333333 0.07037037037037037
7 0.25338541666666664 0.43425925925925923 0.04114583333333333 0.07222222222222222
4 0.7908854166666667 0.4583333333333333 0.0453125 0.07592592592592592
0 0.32057291666666665 0.046296296296296294 0.04010416666666667 0.07407407407407407
4 0.7330729166666666 0.4648148148148148 0.0421875 0.06296296296296296
0 0.36223958333333334 0.04722222222222222 0.0515625 0.08703703703703704
0 0.83359375 0.49907407407407406 0.04114583333333333 0.06851851851851852
2 0.43671875 0.05 0.0390625 0.06296296296296296
0 0.70234375 0.5046296296296297 0.04114583333333333 0.06851851851851852
1 0.49921875 0.5055555555555555 0.0390625 0.07777777777777778
0 0.75703125 0.5111111111111111 0.0484375 0.0962962962962963
0 0.6497395833333334 0.5574074074074075 0.033854166666666664 0.06666666666666667
4 0.83359375 0.5592592592592592 0.043229166666666666 0.06296296296296296
5 0.7153645833333333 0.5666666666666667 0.04635416666666667 0.07037037037037037
7 0.7643229166666666 0.5879629629629629 0.04635416666666667 0.08333333333333333
4 0.8049479166666667 0.612037037037037 0.0359375 0.07222222222222222
4 0.8361979166666667 0.6194444444444445 0.03802083333333333 0.06851851851851852
4 0.7309895833333333 0.6527777777777778 0.05260416666666667 0.09814814814814815
4 0.27890625 0.06574074074074074 0.04114583333333333 0.07592592592592592
0 0.6486979166666667 0.6583333333333333 0.03802083333333333 0.06851851851851852
8 0.7893229166666667 0.6648148148148149 0.03802083333333333 0.07407407407407407
0 0.46848958333333335 0.6685185185185185 0.03802083333333333 0.07037037037037037
6 0.58984375 0.675 0.04739583333333333 0.08703703703703704
8 0.82578125 0.675 0.043229166666666666 0.06481481481481481
4 0.6424479166666667 0.06851851851851852 0.0421875 0.07407407407407407
1 0.2638020833333333 0.7101851851851851 0.0453125 0.07222222222222222
0 0.7971354166666667 0.725 0.050520833333333334 0.07592592592592592
0 0.41067708333333336 0.7277777777777777 0.04739583333333333 0.1
4 0.45026041666666666 0.7398148148148148 0.034895833333333334 0.06851851851851852
0 0.6768229166666667 0.7407407407407407 0.04010416666666667 0.07777777777777778
0 0.7544270833333333 0.7527777777777778 0.05364583333333333 0.10185185185185185
6 0.8236979166666667 0.7574074074074074 0.0609375 0.11851851851851852
2 0.4986979166666667 0.7759259259259259 0.058854166666666666 0.1037037037037037
4 0.7971354166666667 0.8212962962962963 0.0453125 0.08703703703703704
1 0.45651041666666664 0.8527777777777777 0.049479166666666664 0.08333333333333333
8 0.77265625 0.875 0.0359375 0.07592592592592592
2 0.40390625 0.08888888888888889 0.03802083333333333 0.07407407407407407