6 0.5984375 0.9388888888888889 0.065625 0.11851851851851852
6 0.8270833333333333 0.9462962962962963 0.06875 0.10555555555555556
2 0.18489583333333334 0.9495370370370371 0.04479166666666667 0.075
7 0.23776041666666667 0.961574074074074 0.04635416666666667 0.075
2 0.42526041666666664 0.18518518518518517 0.0390625 0.06666666666666667
6 0.6954895833333333 0.2324074074074074 0.04791666666666667 0.09074074074074075
4 0.741578125 0.2882685185185185 0.04114583333333333 0.06481481481481481
7 0.6533854166666667 0.2912037037037037 0.0421875 0.06759259259259259
8 0.5940104166666667 0.29259259259259257 0.04010416666666667 0.07037037037037037
0 0.44557291666666665 0.3060185185185185 0.0515625 0.09351851851851851
8 0.39401041666666664 0.3148148148148148 0.0359375 0.06481481481481481
4 0.7393229166666667 0.35185185185185186 0.0296875 0.06111111111111111
4 0.5705729166666667 0.37083333333333335 0.04114583333333333 0.06944444444444445
2 0.50078125 0.38935185185185184 0.0421875 0.06574074074074074
4 0.6309895833333333 0.38981481481481484 0.0421875 0.07222222222222222
1 0.7638020833333333 0.41435185185185186 0.03697916666666667 0.05648148148148148
2 0.71640625 0.4162037037037037 0.06197916666666667 0.10092592592592593
4 0.796875 0.41944444444444445 0.03958333333333333 0.08333333333333333
7 0.33932291666666664 0.42777777777777776 0.0421875 0.07222222222222222
4 0.5580729166666667 0.4287037037037037 0.0421875 0.07407407407407407
4 0.6794270833333333 0.46111111111111114 0.03697916666666667 0.07037037037037037
8 0.33932291666666664 0.49166666666666664 0.04739583333333333 0.07222222222222222
2 0.56328125 0.4930555555555556 0.0421875 0.06018518518518518
4 0.21901041666666668 0.49953703703703706 0.043229166666666666 0.06944444444444445
1 0.6028645833333334 0.5106481481481482 0.03802083333333333 0.06759259259259259
0 0.5143229166666666 0.5231481481481481 0.0640625 0.1111111111111111
0 0.30026041666666664 0.5263888888888889 0.0515625 0.08425925925925926
4 0.6692708333333334 0.5425925925925926 0.04479166666666667 0.07962962962962963
1 0.24166666666666667 0.5430555555555555 0.03958333333333333 0.06759259259259259
1 0.5723958333333333 0.5532407407407407 0.03854166666666667 0.075
1 0.38333333333333336 0.5740740740740741 0.03854166666666667 0.06111111111111111
2 0.6114583333333333 0.5851851851851851 0.04375 0.07407407407407407
5 0.33177083333333335 0.5935185185185186 0.03958333333333333 0.07222222222222222
0 0.27057291666666666 0.5990740740740741 0.04114583333333333 0.08333333333333333
0 0.42942708333333335 0.6 0.03697916666666667 0.06111111111111111
0 0.47552083333333334 0.612037037037037 0.059375 0.10925925925925926
6 0.5497395833333333 0.6189814814814815 0.06197916666666667 0.10277777777777777
2 0.23541666666666666 0.625 0.04375 0.06481481481481481
7 0.40546875 0.6476851851851851 0.03802083333333333 0.06944444444444445
2 0.45338541666666665 0.6814814814814815 0.0359375 0.07962962962962963
6 0.20755208333333333 0.687962962962963 0.05677083333333333 0.09814814814814815
7 0.38567708333333334 0.6986111111111111 0.030729166666666665 0.04537037037037037
6 0.53671875 0.7 0.04739583333333333 0.07592592592592592
0 0.48463541666666665 0.7300925925925926 0.04635416666666667 0.08611111111111111
6 0.43802083333333336 0.7541666666666667 0.04583333333333333 0.08796296296296297
8 0.5463541666666667 0.7601851851851852 0.03333333333333333 0.07222222222222222
0 0.39453125 0.7726851851851851 0.03802083333333333 0.07685185185185185
2 0.35260416666666666 0.7851851851851852 0.05520833333333333 0.09814814814814815
2 0.22291666666666668 0.7981481481481482 0.05416666666666667 0.08148148148148149
4 0.5705729166666667 0.8273148148148148 0.03697916666666667 0.06759259259259259
1 0.42604166666666665 0.8291666666666667 0.035416666666666666 0.06574074074074074
7 0.5326406250000001 0.8319444444444445 0.04375 0.07685185185185185