4 0.8440104166666667 0.9351851851851852 0.03697916666666667 0.06666666666666667
6 0.6252604166666667 0.9462962962962963 0.05364583333333333 0.08518518518518518
2 0.8119791666666667 0.9634259259259259 0.04583333333333333 0.0712962962962963
2 0.6671875 0.9671296296296297 0.041666666666666664 0.06388888888888888
6 0.7997395833333333 0.09722222222222222 0.033854166666666664 0.06481481481481481
2 0.31640625 0.1037037037037037 0.04010416666666667 0.07407407407407407
0 0.6278645833333333 0.1675925925925926 0.050520833333333334 0.10185185185185185
8 0.3372395833333333 0.17222222222222222 0.04635416666666667 0.06666666666666667
7 0.30182291666666666 0.17407407407407408 0.04010416666666667 0.07407407407407407
2 0.25442708333333336 0.1787037037037037 0.0515625 0.08333333333333333
6 0.19296875 0.17962962962962964 0.04739583333333333 0.07037037037037037
0 0.4986979166666667 0.1824074074074074 0.0359375 0.06851851851851852
7 0.7497395833333333 0.24074074074074073 0.03802083333333333 0.07407407407407407
2 0.68984375 0.24166666666666667 0.0390625 0.07962962962962963
2 0.32838541666666665 0.24166666666666667 0.034895833333333334 0.06851851851851852
8 0.29192708333333334 0.25 0.034895833333333334 0.07407407407407407
2 0.36692708333333335 0.25092592592592594 0.043229166666666666 0.07592592592592592
0 0.5002604166666667 0.25555555555555554 0.03802083333333333 0.07037037037037037
2 0.19713541666666667 0.26481481481481484 0.049479166666666664 0.08518518518518518
0 0.55078125 0.2851851851851852 0.04010416666666667 0.07407407407407407
0 0.59609375 0.2916666666666667 0.034895833333333334 0.06851851851851852
6 0.6252604166666667 0.3111111111111111 0.03697916666666667 0.07037037037037037
6 0.27786458333333336 0.31203703703703706 0.03802083333333333 0.06851851851851852
8 0.31536458333333334 0.31574074074074077 0.043229166666666666 0.06851851851851852
6 0.66796875 0.3194444444444444 0.04739583333333333 0.08703703703703704
5 0.20390625 0.3611111111111111 0.0609375 0.1037037037037037
0 0.25546875 0.3685185185185185 0.0515625 0.08518518518518518
2 0.7346354166666667 0.3712962962962963 0.0390625 0.07592592592592592
0 0.6716145833333333 0.39351851851851855 0.04010416666666667 0.07592592592592592
8 0.7658854166666667 0.4324074074074074 0.0515625 0.09074074074074075
2 0.5997395833333333 0.4351851851851852 0.05677083333333333 0.1
2 0.19453125 0.43703703703703706 0.0421875 0.07037037037037037
4 0.5544270833333333 0.4398148148148148 0.03697916666666667 0.06111111111111111
6 0.82109375 0.45925925925925926 0.06614583333333333 0.11481481481481481
0 0.6471354166666666 0.47962962962962963 0.04114583333333333 0.07777777777777778
0 0.19817708333333334 0.5083333333333333 0.05572916666666667 0.09074074074074075
2 0.3424479166666667 0.05092592592592592 0.044270833333333336 0.06851851851851852
4 0.47578125 0.5138888888888888 0.03802083333333333 0.06851851851851852
7 0.5528645833333333 0.5203703703703704 0.0421875 0.08148148148148149
2 0.7059895833333333 0.5351851851851852 0.0296875 0.06666666666666667
2 0.6684895833333333 0.5425925925925926 0.027604166666666666 0.05555555555555555
4 0.8247395833333333 0.5518518518518518 0.044270833333333336 0.06666666666666667
4 0.19296875 0.5888888888888889 0.0453125 0.07777777777777778
1 0.5356770833333333 0.5953703703703703 0.034895833333333334 0.06851851851851852
2 0.6919270833333333 0.6 0.034895833333333334 0.06666666666666667
2 0.6299479166666667 0.6092592592592593 0.0359375 0.06296296296296296
0 0.5893229166666667 0.612037037037037 0.03802083333333333 0.07592592592592592
6 0.37786458333333334 0.6185185185185185 0.0484375 0.08888888888888889
5 0.82578125 0.6240740740740741 0.05260416666666667 0.09259259259259259
4 0.6888020833333334 0.6555555555555556 0.043229166666666666 0.07407407407407407
4 0.18828125 0.6601851851851852 0.0453125 0.07962962962962963
0 0.5606770833333333 0.6907407407407408 0.04114583333333333 0.07037037037037037
6 0.7747395833333334 0.6953703703703704 0.05260416666666667 0.09444444444444444
7 0.4783854166666667 0.7027777777777777 0.03697916666666667 0.06481481481481481
7 0.83359375 0.7083333333333334 0.049479166666666664 0.09074074074074075
0 0.43255208333333334 0.7175925925925926 0.0578125 0.11296296296296296
8 0.7591145833333334 0.7703703703703704 0.0359375 0.06666666666666667
4 0.7299479166666667 0.7796296296296297 0.0421875 0.07037037037037037
4 0.5252604166666667 0.7870370370370371 0.0390625 0.07777777777777778
8 0.6065104166666667 0.8185185185185185 0.05572916666666667 0.09259259259259259
8 0.67734375 0.8324074074074074 0.0390625 0.07592592592592592
4 0.20911458333333333 0.8648148148148148 0.0484375 0.08148148148148149
4 0.6341145833333334 0.8685185185185185 0.04010416666666667 0.07407407407407407
4 0.82734375 0.08703703703703704 0.043229166666666666 0.07407407407407407
2 0.44609375 0.08703703703703704 0.04739583333333333 0.08888888888888889
7 0.8065104166666667 0.8768518518518519 0.05364583333333333 0.10185185185185185
4 0.7440104166666667 0.8935185185185185 0.0453125 0.07592592592592592
2 0.5471354166666667 0.8953703703703704 0.049479166666666664 0.09074074074074075
1 0.58671875 0.9027777777777778 0.0390625 0.06481481481481481