4 0.6002604166666666 0.9416666666666667 0.04114583333333333 0.08703703703703704
7 0.8010416666666667 0.9550925925925926 0.05520833333333333 0.08796296296296297
4 0.8473958333333333 0.9689814814814814 0.03958333333333333 0.06018518518518518
5 0.40338541666666666 0.1111111111111111 0.0515625 0.08888888888888889
0 0.5658854166666667 0.11296296296296296 0.043229166666666666 0.08148148148148149
8 0.35963541666666665 0.17777777777777778 0.05364583333333333 0.08888888888888889
7 0.41328125 0.1935185185185185 0.05260416666666667 0.08703703703703704
2 0.59296875 0.2 0.06614583333333333 0.10740740740740741
2 0.8075520833333333 0.20185185185185187 0.0578125 0.09259259259259259
4 0.6377604166666667 0.24722222222222223 0.04635416666666667 0.09074074074074075
6 0.3580729166666667 0.25555555555555554 0.0421875 0.07407407407407407
1 0.7731770833333333 0.27037037037037037 0.034895833333333334 0.07037037037037037
6 0.30859375 0.27037037037037037 0.05364583333333333 0.1
6 0.8268229166666666 0.275 0.03802083333333333 0.07222222222222222
8 0.6768229166666667 0.3194444444444444 0.0421875 0.06481481481481481
4 0.53828125 0.33055555555555555 0.03802083333333333 0.07222222222222222
2 0.25494791666666666 0.33425925925925926 0.0546875 0.09074074074074075
0 0.61640625 0.3388888888888889 0.03802083333333333 0.07407407407407407
2 0.7153645833333333 0.3574074074074074 0.050520833333333334 0.09259259259259259
8 0.34713541666666664 0.3574074074074074 0.0453125 0.07037037037037037
4 0.5736979166666667 0.3638888888888889 0.049479166666666664 0.09074074074074075
7 0.20598958333333334 0.38333333333333336 0.05260416666666667 0.08518518518518518
6 0.5091145833333334 0.3972222222222222 0.05260416666666667 0.09074074074074075
4 0.77890625 0.3990740740740741 0.044270833333333336 0.07962962962962963
2 0.2513020833333333 0.41203703703703703 0.0390625 0.07592592592592592
2 0.4471354166666667 0.42592592592592593 0.043229166666666666 0.07777777777777778
1 0.7346354166666667 0.42777777777777776 0.04114583333333333 0.08518518518518518
1 0.5622395833333333 0.43148148148148147 0.0359375 0.07407407407407407
0 0.6377604166666667 0.44814814814814813 0.0515625 0.07777777777777778
5 0.21692708333333333 0.4601851851851852 0.05364583333333333 0.10185185185185185
0 0.5950520833333334 0.47314814814814815 0.04739583333333333 0.09074074074074075
8 0.7799479166666666 0.4888888888888889 0.05572916666666667 0.08148148148148149
7 0.37265625 0.5074074074074074 0.03802083333333333 0.06296296296296296
8 0.6236979166666666 0.5138888888888888 0.04114583333333333 0.05740740740740741
2 0.18619791666666666 0.5194444444444445 0.04635416666666667 0.06851851851851852
8 0.22578125 0.5287037037037037 0.0390625 0.05740740740740741
1 0.71640625 0.5370370370370371 0.04010416666666667 0.07037037037037037
0 0.7502604166666667 0.5453703703703704 0.04114583333333333 0.06851851851851852
4 0.4158854166666667 0.549074074074074 0.0453125 0.07222222222222222
0 0.3265625 0.55 0.0625 0.10740740740740741
4 0.81171875 0.5555555555555556 0.04114583333333333 0.07407407407407407
7 0.6377604166666667 0.5675925925925925 0.0390625 0.06111111111111111
2 0.7221354166666667 0.5925925925925926 0.043229166666666666 0.07407407407407407
6 0.5372395833333333 0.5944444444444444 0.058854166666666666 0.1111111111111111
7 0.19088541666666667 0.6111111111111112 0.04114583333333333 0.07037037037037037
2 0.22994791666666667 0.612037037037037 0.04739583333333333 0.06851851851851852
4 0.42213541666666665 0.6212962962962963 0.0453125 0.07962962962962963
2 0.8252604166666667 0.6231481481481481 0.04114583333333333 0.07222222222222222
2 0.6059895833333333 0.6268518518518519 0.05260416666666667 0.09814814814814815
2 0.46119791666666665 0.6287037037037037 0.0359375 0.07592592592592592
4 0.73828125 0.649074074074074 0.0359375 0.06851851851851852
5 0.36744791666666665 0.65 0.0421875 0.07777777777777778
4 0.3846354166666667 0.7083333333333334 0.0390625 0.07222222222222222
0 0.34661458333333334 0.7175925925925926 0.0421875 0.07592592592592592
6 0.79765625 0.7287037037037037 0.03177083333333333 0.05740740740740741
2 0.62890625 0.7305555555555555 0.049479166666666664 0.07222222222222222
8 0.5018229166666667 0.75 0.05677083333333333 0.0962962962962963
7 0.3450520833333333 0.7722222222222223 0.0203125 0.044444444444444446
6 0.7427083333333333 0.787962962962963 0.046875 0.09814814814814815
4 0.54296875 0.8342592592592593 0.034895833333333334 0.07962962962962963
4 0.5809895833333333 0.8361111111111111 0.05260416666666667 0.10555555555555556
1 0.6205729166666667 0.8555555555555555 0.04010416666666667 0.08888888888888889
7 0.6533854166666667 0.8916666666666667 0.0390625 0.07592592592592592
0 0.5434895833333333 0.9092592592592592 0.04635416666666667 0.08148148148148149
5 0.35390625 0.9231481481481482 0.0671875 0.12407407407407407