6 0.7971354166666667 0.9541666666666667 0.0609375 0.08981481481481482
2 0.6640625 0.9541666666666667 0.04895833333333333 0.08981481481481482
7 0.7127604166666667 0.9546296296296296 0.04635416666666667 0.08888888888888889
0 0.7497395833333333 0.9685185185185186 0.050520833333333334 0.06111111111111111
6 0.53671875 0.11388888888888889 0.03697916666666667 0.05185185185185185
0 0.6765625 0.1597222222222222 0.03854166666666667 0.075
7 0.27265625 0.1638888888888889 0.0421875 0.07407407407407407
8 0.5770833333333333 0.175 0.05520833333333333 0.09074074074074075
0 0.6315104166666666 0.1925925925925926 0.06302083333333333 0.11666666666666667
8 0.4031614583333333 0.2100277777777778 0.05625 0.09351851851851851
4 0.7830729166666667 0.023148148148148147 0.04739583333333333 0.046296296296296294
6 0.6328125 0.2712962962962963 0.03958333333333333 0.06111111111111111
8 0.3104166666666667 0.3060185185185185 0.03958333333333333 0.0787037037037037
0 0.5864583333333333 0.32175925925925924 0.03958333333333333 0.06944444444444445
4 0.34921875 0.32314814814814813 0.0421875 0.06851851851851852
2 0.8091145833333333 0.34675925925925927 0.0421875 0.06944444444444445
8 0.50390625 0.03518518518518519 0.043229166666666666 0.07037037037037037
0 0.38255208333333335 0.36342592592592593 0.04010416666666667 0.0787037037037037
6 0.5020833333333333 0.3648148148148148 0.059375 0.1037037037037037
8 0.26119791666666664 0.375 0.04114583333333333 0.07407407407407407
0 0.17161458333333332 0.3800925925925926 0.04114583333333333 0.075
1 0.3098958333333333 0.40370370370370373 0.05 0.07962962962962963
0 0.24427083333333333 0.043055555555555555 0.05416666666666667 0.08611111111111111
0 0.559375 0.4263888888888889 0.04895833333333333 0.09351851851851851
1 0.340625 0.44907407407407407 0.03333333333333333 0.06111111111111111
2 0.5143229166666666 0.45694444444444443 0.04739583333333333 0.08425925925925926
2 0.23567708333333334 0.46574074074074073 0.04010416666666667 0.07407407407407407
4 0.36875 0.5 0.0375 0.06851851851851852
2 0.8013020833333333 0.5143518518518518 0.04114583333333333 0.06574074074074074
4 0.39895833333333336 0.5287037037037037 0.03854166666666667 0.07037037037037037
2 0.715625 0.549074074074074 0.040625 0.06481481481481481
2 0.3515625 0.5611111111111111 0.0375 0.07222222222222222
7 0.46458333333333335 0.5898148148148148 0.0375 0.07407407407407407
7 0.42421875 0.6134259259259259 0.0515625 0.08796296296296297
4 0.7458333333333333 0.6481481481481481 0.028125 0.05185185185185185
7 0.7604166666666666 0.6875 0.040625 0.06944444444444445
2 0.81328125 0.7152777777777778 0.03802083333333333 0.05648148148148148
0 0.6268229166666667 0.07546296296296297 0.04635416666666667 0.07685185185185185
7 0.7002604166666667 0.08194444444444444 0.030729166666666665 0.058333333333333334
7 0.5625 0.0837962962962963 0.04583333333333333 0.06574074074074074