7 0.5169270833333334 0.9268518518518518 0.03802083333333333 0.07222222222222222
7 0.6296875 0.9287037037037037 0.03958333333333333 0.07037037037037037
4 0.8307291666666666 0.9421296296296297 0.04791666666666667 0.08796296296296297
4 0.35234375 0.9453703703703704 0.0421875 0.06666666666666667
8 0.5536458333333333 0.9550925925925926 0.0375 0.06759259259259259
4 0.24348958333333334 0.9703703703703703 0.0453125 0.05740740740740741
5 0.74609375 0.12638888888888888 0.06822916666666666 0.10462962962962963
2 0.39296875 0.15833333333333333 0.0421875 0.07222222222222222
0 0.7989583333333333 0.17083333333333334 0.04895833333333333 0.09166666666666666
0 0.6544270833333333 0.17453703703703705 0.03697916666666667 0.06759259259259259
8 0.48385416666666664 0.1865740740740741 0.03958333333333333 0.06759259259259259
1 0.43046875 0.22361111111111112 0.05260416666666667 0.08611111111111111
2 0.6046875 0.22962962962962963 0.03333333333333333 0.06111111111111111
2 0.559375 0.027314814814814816 0.03854166666666667 0.05462962962962963
6 0.677515625 0.2756203703703704 0.0421875 0.07037037037037037
6 0.5255208333333333 0.2902777777777778 0.06041666666666667 0.10462962962962963
7 0.6213541666666667 0.33796296296296297 0.04791666666666667 0.07962962962962963
4 0.3260416666666667 0.35648148148148145 0.05625 0.09259259259259259
0 0.46015625 0.3685185185185185 0.0359375 0.06481481481481481
2 0.38229166666666664 0.40694444444444444 0.04375 0.06944444444444445
6 0.6322916666666667 0.43148148148148147 0.06041666666666667 0.10925925925925926
7 0.63359375 0.5148148148148148 0.03697916666666667 0.06296296296296296
0 0.5411458333333333 0.5425925925925926 0.03854166666666667 0.06296296296296296
2 0.33203125 0.5703703703703704 0.043229166666666666 0.07962962962962963
0 0.6888020833333334 0.06342592592592593 0.04010416666666667 0.06759259259259259
4 0.18515625 0.6333333333333333 0.030729166666666665 0.06296296296296296
8 0.47734375 0.637962962962963 0.04635416666666667 0.08148148148148149
0 0.8338541666666667 0.6444444444444445 0.03854166666666667 0.06296296296296296
7 0.5458333333333333 0.6486111111111111 0.053125 0.09351851851851851
4 0.43671875 0.6611111111111111 0.0359375 0.06851851851851852
6 0.3890625 0.6625 0.03958333333333333 0.06574074074074074
2 0.8348958333333333 0.7032407407407407 0.0375 0.06759259259259259
2 0.190625 0.7148148148148148 0.03854166666666667 0.06481481481481481
8 0.4825520833333333 0.7180555555555556 0.04635416666666667 0.08796296296296297
8 0.4078125 0.7203703703703703 0.040625 0.07037037037037037
2 0.44192708333333336 0.7601851851851852 0.04635416666666667 0.07962962962962963
0 0.7455729166666667 0.7763888888888889 0.03697916666666667 0.06574074074074074
0 0.528125 0.7782407407407408 0.05 0.08425925925925926
2 0.1875 0.7796296296296297 0.04479166666666667 0.06481481481481481
7 0.33046875 0.7888888888888889 0.04739583333333333 0.08333333333333333
2 0.22604166666666667 0.8078703703703703 0.04479166666666667 0.075
2 0.45364583333333336 0.8240740740740741 0.030208333333333334 0.05555555555555555
8 0.5682291666666667 0.825925925925926 0.03333333333333333 0.06296296296296296
4 0.3625 0.8296296296296296 0.040625 0.07037037037037037
6 0.5361979166666667 0.08657407407407407 0.05260416666666667 0.08611111111111111
2 0.6020833333333333 0.8675925925925926 0.04375 0.08148148148148149
6 0.38125 0.8703703703703703 0.034375 0.06481481481481481
7 0.33828125 0.8828703703703704 0.03697916666666667 0.06759259259259259
2 0.47682291666666665 0.8861111111111111 0.0671875 0.10925925925925926
7 0.5518229166666667 0.8907407407407407 0.04010416666666667 0.06481481481481481
7 0.27630208333333334 0.8967592592592593 0.0359375 0.06574074074074074