2 0.5111979166666667 0.9694444444444444 0.0390625 0.05925925925925926
0 0.34817708333333336 0.27314814814814814 0.04114583333333333 0.07407407407407407
7 0.31640625 0.35694444444444445 0.04010416666666667 0.075
8 0.3802083333333333 0.4671296296296296 0.04479166666666667 0.0787037037037037
6 0.6825520833333333 0.47962962962962963 0.06302083333333333 0.10740740740740741
4 0.34427083333333336 0.49074074074074076 0.03854166666666667 0.07037037037037037
4 0.36171875 0.5430555555555555 0.04010416666666667 0.06759259259259259
6 0.3421875 0.620212962962963 0.053125 0.09537037037037037
6 0.72578125 0.6773148148148148 0.0515625 0.09537037037037037
0 0.8005208333333333 0.725 0.040625 0.07037037037037037
4 0.7125 0.812962962962963 0.04479166666666667 0.07407407407407407
0 0.5403645833333334 0.924537037037037 0.05260416666666667 0.08611111111111111