0 0.30963541666666666 0.9310185185185185 0.0421875 0.0787037037037037
4 0.25078125 0.1865740740740741 0.04114583333333333 0.06759259259259259
6 0.16302083333333334 0.20324074074074075 0.035416666666666666 0.0787037037037037
0 0.28489583333333335 0.2652777777777778 0.05625 0.08796296296296297
5 0.6424479166666667 0.29953703703703705 0.05364583333333333 0.10092592592592593
2 0.3619791666666667 0.300462962962963 0.03958333333333333 0.07685185185185185
8 0.72109375 0.399537037037037 0.0421875 0.06759259259259259
8 0.4171875 0.4050925925925926 0.05 0.08981481481481482
7 0.30104166666666665 0.44675925925925924 0.05520833333333333 0.09907407407407408
0 0.5705729166666667 0.6583333333333333 0.0515625 0.09259259259259259
8 0.49973958333333335 0.7314814814814815 0.043229166666666666 0.08333333333333333
0 0.5520833333333334 0.7351851851851852 0.04895833333333333 0.08703703703703704
0 0.49270833333333336 0.8245370370370371 0.053125 0.09166666666666666