2 0.22942708333333334 0.9277777777777778 0.04114583333333333 0.07407407407407407
4 0.2643229166666667 0.9435185185185185 0.04010416666666667 0.07592592592592592
2 0.19166666666666668 0.9578703703703704 0.057291666666666664 0.0824074074074074
4 0.8416666666666667 0.9671296296296297 0.042708333333333334 0.06388888888888888
2 0.33359375 0.1425925925925926 0.043229166666666666 0.06666666666666667
4 0.3611979166666667 0.14907407407407408 0.0296875 0.05740740740740741
0 0.6372395833333333 0.18333333333333332 0.058854166666666666 0.1111111111111111
4 0.48515625 0.19907407407407407 0.04010416666666667 0.07222222222222222
8 0.33984375 0.21666666666666667 0.03697916666666667 0.07407407407407407
1 0.2752604166666667 0.24074074074074073 0.0390625 0.06296296296296296
2 0.5903645833333333 0.25092592592592594 0.058854166666666666 0.11296296296296296
4 0.47421875 0.2611111111111111 0.0453125 0.06296296296296296
4 0.71953125 0.262037037037037 0.050520833333333334 0.09074074074074075
7 0.23203125 0.2675925925925926 0.0421875 0.07222222222222222
6 0.6315104166666666 0.2972222222222222 0.043229166666666666 0.07222222222222222
4 0.4544270833333333 0.31851851851851853 0.04114583333333333 0.07407407407407407
0 0.30078125 0.3212962962962963 0.05260416666666667 0.08703703703703704
0 0.39453125 0.3314814814814815 0.06302083333333333 0.1111111111111111
0 0.48984375 0.3314814814814815 0.0390625 0.07407407407407407
0 0.25078125 0.38981481481481484 0.05260416666666667 0.09074074074074075
0 0.19817708333333334 0.39351851851851855 0.049479166666666664 0.10185185185185185
4 0.36744791666666665 0.4203703703703704 0.0421875 0.07037037037037037
0 0.7502604166666667 0.4222222222222222 0.06197916666666667 0.1111111111111111
4 0.5830729166666667 0.42685185185185187 0.027604166666666666 0.05
1 0.45546875 0.4324074074074074 0.03697916666666667 0.06481481481481481
0 0.6768229166666667 0.44907407407407407 0.04010416666666667 0.07222222222222222
8 0.28932291666666665 0.4537037037037037 0.04739583333333333 0.07037037037037037
7 0.70859375 0.4546296296296296 0.0265625 0.046296296296296294
4 0.5721354166666667 0.4703703703703704 0.0390625 0.07037037037037037
0 0.52734375 0.47129629629629627 0.04114583333333333 0.07222222222222222
5 0.61796875 0.5 0.06510416666666667 0.1111111111111111
2 0.19453125 0.5342592592592592 0.0421875 0.06851851851851852
7 0.56484375 0.5509259259259259 0.04114583333333333 0.07222222222222222
8 0.23098958333333333 0.5537037037037037 0.0484375 0.07777777777777778
6 0.6778645833333333 0.5555555555555556 0.0484375 0.1
4 0.33880208333333334 0.5564814814814815 0.0453125 0.08333333333333333
6 0.73984375 0.5740740740740741 0.059895833333333336 0.1037037037037037
1 0.47942708333333334 0.5916666666666667 0.0453125 0.06481481481481481
4 0.7893229166666667 0.6148148148148148 0.05364583333333333 0.08518518518518518
2 0.5559895833333334 0.6212962962962963 0.04010416666666667 0.06851851851851852
1 0.18932291666666667 0.6324074074074074 0.0359375 0.07222222222222222
1 0.5971354166666667 0.6435185185185185 0.0390625 0.07222222222222222
6 0.23203125 0.6444444444444445 0.050520833333333334 0.08518518518518518
7 0.32005208333333335 0.6574074074074074 0.03697916666666667 0.07777777777777778
8 0.27317708333333335 0.6592592592592592 0.04635416666666667 0.07037037037037037
6 0.5643229166666667 0.675 0.03177083333333333 0.053703703703703705
4 0.7591145833333334 0.6787037037037037 0.050520833333333334 0.08703703703703704
2 0.6268229166666667 0.6935185185185185 0.03802083333333333 0.07962962962962963
4 0.5419270833333333 0.6953703703703704 0.0390625 0.07222222222222222
2 0.19036458333333334 0.7157407407407408 0.04635416666666667 0.09074074074074075
0 0.5080729166666667 0.7212962962962963 0.04010416666666667 0.06851851851851852
6 0.58203125 0.7333333333333333 0.058854166666666666 0.10740740740740741
2 0.5372395833333333 0.762962962962963 0.0359375 0.07037037037037037
6 0.8231770833333333 0.7833333333333333 0.0640625 0.11851851851851852
7 0.7606770833333333 0.7851851851851852 0.06197916666666667 0.08148148148148149
4 0.49765625 0.7916666666666666 0.0484375 0.09814814814814815
7 0.5986979166666667 0.8064814814814815 0.0421875 0.06481481481481481
8 0.53359375 0.8351851851851851 0.0390625 0.06296296296296296
2 0.47317708333333336 0.8629629629629629 0.0390625 0.07407407407407407
6 0.19401041666666666 0.8666666666666667 0.05572916666666667 0.1037037037037037
0 0.2872395833333333 0.8814814814814815 0.0421875 0.08518518518518518
2 0.5106770833333333 0.8935185185185185 0.04635416666666667 0.08703703703703704