2 0.17057291666666666 0.9259259259259259 0.028645833333333332 0.06666666666666667
7 0.77734375 0.9574074074074074 0.044270833333333336 0.07407407407407407
0 0.2598958333333333 0.9587962962962963 0.052083333333333336 0.08055555555555556
6 0.8140625 0.9745370370370371 0.035416666666666666 0.049074074074074076
5 0.5950520833333334 0.10833333333333334 0.0484375 0.08333333333333333
0 0.43359375 0.10925925925925926 0.0359375 0.07407407407407407
8 0.6424479166666667 0.18425925925925926 0.04739583333333333 0.09074074074074075
7 0.5888020833333333 0.1935185185185185 0.050520833333333334 0.08703703703703704
2 0.19192708333333333 0.20462962962962963 0.050520833333333334 0.08703703703703704
4 0.23151041666666666 0.22962962962962963 0.04010416666666667 0.08148148148148149
1 0.27682291666666664 0.24351851851851852 0.043229166666666666 0.07592592592592592
6 0.6424479166666667 0.2518518518518518 0.04739583333333333 0.07777777777777778
6 0.6932291666666667 0.26944444444444443 0.053125 0.08703703703703704
6 0.19453125 0.2722222222222222 0.043229166666666666 0.07037037037037037
4 0.38723958333333336 0.27314814814814814 0.0390625 0.07222222222222222
2 0.44557291666666665 0.33796296296296297 0.05364583333333333 0.10925925925925926
7 0.17578125 0.33796296296296297 0.0515625 0.09074074074074075
0 0.39869791666666665 0.3398148148148148 0.034895833333333334 0.08333333333333333
2 0.7424479166666667 0.3398148148148148 0.0515625 0.09444444444444444
8 0.22265625 0.3490740740740741 0.04739583333333333 0.07962962962962963
8 0.6533854166666667 0.35648148148148145 0.0421875 0.06851851851851852
7 0.7861979166666667 0.39444444444444443 0.0578125 0.0962962962962963
4 0.17109375 0.4009259259259259 0.04635416666666667 0.07222222222222222
2 0.73203125 0.4064814814814815 0.0390625 0.07222222222222222
2 0.23151041666666666 0.4222222222222222 0.03802083333333333 0.07037037037037037
8 0.6705729166666666 0.42685185185185187 0.0359375 0.06851851851851852
0 0.27369791666666665 0.43425925925925923 0.03697916666666667 0.06851851851851852
8 0.7013020833333333 0.44166666666666665 0.0421875 0.06111111111111111
2 0.7278645833333334 0.4703703703703704 0.0390625 0.06666666666666667
8 0.33880208333333334 0.47129629629629627 0.0359375 0.07962962962962963
4 0.24401041666666667 0.4740740740740741 0.04010416666666667 0.07037037037037037
5 0.76953125 0.475 0.05364583333333333 0.09074074074074075
0 0.20442708333333334 0.4898148148148148 0.03802083333333333 0.06111111111111111
1 0.27890625 0.5018518518518519 0.034895833333333334 0.06666666666666667
0 0.38619791666666664 0.512962962962963 0.0453125 0.0962962962962963
2 0.80390625 0.512962962962963 0.03697916666666667 0.06296296296296296
6 0.21953125 0.5212962962962963 0.028645833333333332 0.03888888888888889
4 0.5924479166666666 0.5351851851851852 0.043229166666666666 0.06666666666666667
4 0.43046875 0.5388888888888889 0.050520833333333334 0.08518518518518518
0 0.19088541666666667 0.5694444444444444 0.058854166666666666 0.10185185185185185
7 0.8091145833333333 0.5787037037037037 0.04114583333333333 0.07592592592592592
0 0.7622395833333333 0.6027777777777777 0.05572916666666667 0.08703703703703704
6 0.6924479166666667 0.6092592592592593 0.0578125 0.08888888888888889
4 0.5455729166666666 0.6212962962962963 0.03697916666666667 0.07222222222222222
4 0.16588541666666667 0.6314814814814815 0.03802083333333333 0.07037037037037037
0 0.24140625 0.6324074074074074 0.0703125 0.11296296296296296
2 0.3606770833333333 0.6388888888888888 0.050520833333333334 0.0962962962962963
7 0.7252604166666666 0.6509259259259259 0.027604166666666666 0.053703703703703705
0 0.8111979166666666 0.6620370370370371 0.0390625 0.07222222222222222
4 0.6205729166666667 0.6861111111111111 0.0390625 0.07222222222222222
2 0.2903645833333333 0.6888888888888889 0.03697916666666667 0.07777777777777778
4 0.7638020833333333 0.6944444444444444 0.050520833333333334 0.06666666666666667
7 0.34453125 0.7064814814814815 0.04114583333333333 0.06481481481481481
2 0.79921875 0.7092592592592593 0.04010416666666667 0.07777777777777778
7 0.5315104166666667 0.7166666666666667 0.03802083333333333 0.06296296296296296
8 0.6486979166666667 0.7305555555555555 0.03697916666666667 0.06481481481481481
1 0.42526041666666664 0.7453703703703703 0.03802083333333333 0.06851851851851852
6 0.24661458333333333 0.7472222222222222 0.0515625 0.09444444444444444
5 0.6080729166666666 0.7611111111111111 0.06822916666666666 0.1037037037037037
7 0.81171875 0.7666666666666667 0.0421875 0.07037037037037037
4 0.7346354166666667 0.7731481481481481 0.044270833333333336 0.07222222222222222
4 0.7778645833333333 0.774074074074074 0.0390625 0.08148148148148149
4 0.46796875 0.7777777777777778 0.0421875 0.08518518518518518
4 0.5263020833333333 0.7861111111111111 0.0421875 0.07222222222222222
4 0.21276041666666667 0.787962962962963 0.044270833333333336 0.07592592592592592
2 0.3106770833333333 0.7962962962962963 0.05260416666666667 0.0962962962962963
4 0.26901041666666664 0.8055555555555556 0.0421875 0.07777777777777778
2 0.6658854166666667 0.8138888888888889 0.044270833333333336 0.07222222222222222
2 0.18984375 0.8351851851851851 0.03177083333333333 0.06666666666666667
8 0.15963541666666667 0.8351851851851851 0.04010416666666667 0.08148148148148149
2 0.5856770833333333 0.8351851851851851 0.0421875 0.06296296296296296
0 0.8049479166666667 0.8379629629629629 0.049479166666666664 0.09444444444444444
2 0.24192708333333332 0.8472222222222222 0.0421875 0.07222222222222222
8 0.7565104166666666 0.8546296296296296 0.05260416666666667 0.08703703703703704
4 0.28151041666666665 0.8712962962962963 0.0546875 0.09444444444444444
6 0.63515625 0.8740740740740741 0.0515625 0.0962962962962963
4 0.15234375 0.8981481481481481 0.03177083333333333 0.05185185185185185
0 0.19348958333333333 0.899074074074074 0.034895833333333334 0.06481481481481481
7 0.23046875 0.912962962962963 0.0421875 0.07407407407407407
2 0.67421875 0.912962962962963 0.0421875 0.07777777777777778
5 0.8106770833333333 0.9166666666666666 0.03802083333333333 0.06296296296296296
0 0.4278645833333333 0.9231481481481482 0.059895833333333336 0.10925925925925926