6 0.5638020833333334 0.13148148148148148 0.0390625 0.07037037037037037
0 0.6127604166666667 0.13425925925925927 0.05364583333333333 0.10185185185185185
0 0.7393229166666667 0.17037037037037037 0.044270833333333336 0.06666666666666667
4 0.56953125 0.20833333333333334 0.0359375 0.06851851851851852
8 0.6033854166666667 0.21944444444444444 0.04114583333333333 0.07222222222222222
8 0.69609375 0.22592592592592592 0.043229166666666666 0.08148148148148149
4 0.47421875 0.2638888888888889 0.0390625 0.07592592592592592
2 0.2872395833333333 0.30185185185185187 0.03802083333333333 0.07037037037037037
4 0.55703125 0.3194444444444444 0.0359375 0.06481481481481481
4 0.5888020833333333 0.3453703703703704 0.04010416666666667 0.07222222222222222
6 0.3216145833333333 0.40370370370370373 0.05260416666666667 0.09259259259259259
7 0.4388020833333333 0.4111111111111111 0.04114583333333333 0.07037037037037037
8 0.5455729166666666 0.5194444444444445 0.050520833333333334 0.09074074074074075
0 0.27890625 0.5398148148148149 0.06614583333333333 0.11666666666666667
0 0.77578125 0.562962962962963 0.03802083333333333 0.05925925925925926
2 0.7393229166666667 0.6046296296296296 0.05260416666666667 0.10555555555555556
2 0.27057291666666666 0.6814814814814815 0.03802083333333333 0.06296296296296296
4 0.18776041666666668 0.6972222222222222 0.030729166666666665 0.05740740740740741
2 0.32109375 0.7027777777777777 0.049479166666666664 0.08333333333333333
6 0.43776041666666665 0.7231481481481481 0.043229166666666666 0.09814814814814815
4 0.5283854166666667 0.7277777777777777 0.049479166666666664 0.0962962962962963
7 0.48046875 0.7314814814814815 0.04739583333333333 0.08888888888888889
6 0.6627604166666666 0.7546296296296297 0.043229166666666666 0.07962962962962963
4 0.36380208333333336 0.8 0.0453125 0.08148148148148149
8 0.6486979166666667 0.8342592592592593 0.03802083333333333 0.06481481481481481
2 0.33932291666666664 0.899074074074074 0.033854166666666664 0.06481481481481481
4 0.6138020833333333 0.9092592592592592 0.0578125 0.0962962962962963