0 0.6700520833333333 0.016666666666666666 0.0453125 0.03333333333333333
8 0.6002604166666666 0.019444444444444445 0.04739583333333333 0.03888888888888889
4 0.20078125 0.21388888888888888 0.06927083333333334 0.09074074074074075
2 0.73046875 0.023148148148148147 0.07447916666666667 0.046296296296296294
4 0.5013020833333334 0.025 0.0390625 0.05
2 0.5434895833333333 0.03611111111111111 0.0578125 0.07222222222222222
8 0.47734375 0.38796296296296295 0.049479166666666664 0.07222222222222222
7 0.72265625 0.43148148148148147 0.06510416666666667 0.12962962962962962
0 0.4986979166666667 0.4759259259259259 0.0546875 0.07777777777777778
2 0.5658854166666667 0.5861111111111111 0.04739583333333333 0.07592592592592592
1 0.4049479166666667 0.6222222222222222 0.05677083333333333 0.1037037037037037
8 0.6846354166666667 0.6509259259259259 0.06197916666666667 0.12407407407407407
0 0.7716145833333333 0.6537037037037037 0.0546875 0.08518518518518518
0 0.56484375 0.6861111111111111 0.05572916666666667 0.11296296296296296
4 0.5028645833333333 0.7324074074074074 0.050520833333333334 0.09074074074074075
1 0.6830729166666667 0.7657407407407407 0.0546875 0.07222222222222222