8 0.7018229166666666 0.09444444444444444 0.0421875 0.07777777777777778
0 0.44036458333333334 0.2657407407407407 0.04739583333333333 0.07222222222222222
7 0.3997395833333333 0.2796296296296296 0.0484375 0.07777777777777778
5 0.6299479166666667 0.30277777777777776 0.05677083333333333 0.10185185185185185
8 0.5606822916666666 0.35648148148148145 0.049479166666666664 0.07592592592592592
4 0.3997395833333333 0.36018518518518516 0.0421875 0.07222222222222222
8 0.3268229166666667 0.3611111111111111 0.06927083333333334 0.11851851851851852
0 0.47942708333333334 0.4638888888888889 0.06927083333333334 0.07962962962962963
2 0.7033854166666667 0.5009259259259259 0.0609375 0.09074074074074075
5 0.19869791666666667 0.5194444444444445 0.04635416666666667 0.07222222222222222
4 0.31484375 0.5546296296296296 0.04739583333333333 0.09074074074074075
8 0.6466145833333333 0.5879629629629629 0.04010416666666667 0.09074074074074075
2 0.34921875 0.6018518518518519 0.04739583333333333 0.07777777777777778
8 0.43359375 0.6731481481481482 0.049479166666666664 0.09444444444444444
2 0.4778645833333333 0.7537037037037037 0.05260416666666667 0.09259259259259259
2 0.55078125 0.7657407407407407 0.0421875 0.07962962962962963