4 0.5934895833333333 0.9351851851851852 0.0390625 0.07407407407407407
0 0.63046875 0.937962962962963 0.0421875 0.07592592592592592
0 0.2552083333333333 0.9476851851851852 0.06979166666666667 0.10277777777777777
7 0.5002604166666667 0.19814814814814816 0.0421875 0.07037037037037037
4 0.38515625 0.24074074074074073 0.0390625 0.07777777777777778
2 0.45078125 0.2601851851851852 0.04114583333333333 0.07222222222222222
4 0.3966145833333333 0.2972222222222222 0.028645833333333332 0.05740740740740741
7 0.35546875 0.3037037037037037 0.027604166666666666 0.04814814814814815
0 0.31588541666666664 0.3037037037037037 0.06510416666666667 0.10740740740740741
2 0.44557291666666665 0.33055555555555555 0.04114583333333333 0.06851851851851852
0 0.33359375 0.37592592592592594 0.03697916666666667 0.06296296296296296
6 0.37890625 0.37777777777777777 0.06197916666666667 0.10740740740740741
2 0.5658854166666667 0.3925925925925926 0.0421875 0.06296296296296296
8 0.5190104166666667 0.42685185185185187 0.05364583333333333 0.07962962962962963
0 0.5440104166666667 0.4925925925925926 0.0359375 0.06296296296296296
4 0.48932291666666666 0.5037037037037037 0.05364583333333333 0.0962962962962963
8 0.53046875 0.5814814814814815 0.04010416666666667 0.08148148148148149
6 0.62890625 0.662962962962963 0.049479166666666664 0.0962962962962963
6 0.3216145833333333 0.6768518518518518 0.04739583333333333 0.08333333333333333
2 0.4825520833333333 0.7083333333333334 0.0671875 0.12037037037037036
5 0.5861979166666667 0.7101851851851851 0.0390625 0.07222222222222222
1 0.5591145833333333 0.7574074074074074 0.043229166666666666 0.07037037037037037
4 0.27578125 0.7731481481481481 0.04739583333333333 0.08333333333333333
2 0.38723958333333336 0.8009259259259259 0.04114583333333333 0.08333333333333333
8 0.63046875 0.8287037037037037 0.05677083333333333 0.09444444444444444
2 0.31015625 0.8351851851851851 0.05572916666666667 0.09259259259259259
5 0.5565104166666667 0.8351851851851851 0.03802083333333333 0.08148148148148149
4 0.5278645833333333 0.8592592592592593 0.0390625 0.06296296296296296
0 0.38515625 0.8907407407407407 0.05572916666666667 0.1
6 0.34088541666666666 0.9120370370370371 0.050520833333333334 0.09074074074074075
8 0.5591145833333333 0.912962962962963 0.0453125 0.07037037037037037