7 0.49192708333333335 0.12314814814814815 0.0296875 0.053703703703703705
4 0.31171875 0.3055555555555556 0.0359375 0.06666666666666667
4 0.79765625 0.3472222222222222 0.0453125 0.07592592592592592
4 0.5247395833333334 0.36574074074074076 0.04739583333333333 0.08333333333333333
2 0.73515625 0.45555555555555555 0.04114583333333333 0.07037037037037037
4 0.17734375 0.5583333333333333 0.05260416666666667 0.09074074074074075
4 0.8127604166666667 0.6037037037037037 0.027604166666666666 0.05555555555555555
8 0.6221354166666667 0.6194444444444445 0.03802083333333333 0.06111111111111111
0 0.46953125 0.6231481481481481 0.034895833333333334 0.06851851851851852
8 0.52890625 0.6555555555555556 0.03697916666666667 0.06666666666666667
8 0.78984375 0.6777777777777778 0.0359375 0.07037037037037037
4 0.5731770833333333 0.6796296296296296 0.0359375 0.06296296296296296
2 0.6278645833333333 0.700925925925926 0.0578125 0.10925925925925926
4 0.54609375 0.7240740740740741 0.04114583333333333 0.07407407407407407
4 0.5861979166666667 0.7527777777777778 0.04114583333333333 0.07592592592592592
0 0.26171875 0.7685185185185185 0.04010416666666667 0.07037037037037037
2 0.78828125 0.787962962962963 0.0328125 0.06481481481481481
0 0.7268229166666667 0.8555555555555555 0.04114583333333333 0.07037037037037037