4 0.22161458333333334 0.9361111111111111 0.04010416666666667 0.07407407407407407
4 0.5052083333333334 0.9481481481481482 0.040625 0.07962962962962963
6 0.4375 0.95 0.071875 0.09814814814814815
2 0.18489583333333334 0.9606481481481481 0.03958333333333333 0.0712962962962963
6 0.46171875 0.19074074074074074 0.0453125 0.07962962962962963
4 0.41015625 0.20601851851851852 0.0421875 0.07685185185185185
2 0.6247395833333333 0.2125 0.044270833333333336 0.0824074074074074
1 0.7046875 0.22037037037037038 0.04375 0.08333333333333333
7 0.38619791666666664 0.2851851851851852 0.04635416666666667 0.07592592592592592
7 0.6794270833333333 0.047685185185185185 0.043229166666666666 0.0787037037037037
0 0.7875 0.5958333333333333 0.05520833333333333 0.10092592592592593
0 0.6484375 0.6898148148148148 0.040625 0.07037037037037037
0 0.7747395833333334 0.7356481481481482 0.0546875 0.09166666666666666
2 0.5927083333333333 0.7402777777777778 0.0375 0.06944444444444445
1 0.55546875 0.7467592592592592 0.03697916666666667 0.06944444444444445
8 0.7145833333333333 0.07685185185185185 0.03958333333333333 0.07222222222222222
2 0.653125 0.7819444444444444 0.040625 0.06574074074074074
0 0.7591145833333334 0.08009259259259259 0.0484375 0.09537037037037037
8 0.71484375 0.08148148148148149 0.0390625 0.07962962962962963
4 0.4830729166666667 0.8638888888888889 0.05260416666666667 0.1