0 0.5638020833333334 0.9296296296296296 0.05677083333333333 0.1037037037037037
2 0.22578125 0.9314814814814815 0.04010416666666667 0.08148148148148149
6 0.796875 0.9458333333333333 0.06145833333333333 0.10648148148148148
2 0.2760416666666667 0.9606481481481481 0.05625 0.07685185185185185
4 0.84609375 0.9638888888888889 0.044270833333333336 0.06851851851851852
7 0.1890625 0.9662037037037037 0.04375 0.06574074074074074
2 0.3145833333333333 0.9699074074074074 0.03958333333333333 0.058333333333333334
2 0.7158854166666667 0.18425925925925926 0.06614583333333333 0.10555555555555556
4 0.5700520833333333 0.2111111111111111 0.04635416666666667 0.07037037037037037
4 0.5372395833333333 0.21666666666666667 0.033854166666666664 0.04814814814814815
0 0.39036458333333335 0.2324074074074074 0.044270833333333336 0.07222222222222222
8 0.4903645833333333 0.23703703703703705 0.0359375 0.08148148148148149
4 0.7736979166666667 0.24444444444444444 0.04739583333333333 0.06296296296296296
0 0.41380208333333335 0.3111111111111111 0.0671875 0.1037037037037037
5 0.74921875 0.3648148148148148 0.04114583333333333 0.08518518518518518
0 0.52734375 0.38425925925925924 0.059895833333333336 0.11296296296296296
0 0.5919270833333333 0.39166666666666666 0.050520833333333334 0.09444444444444444
6 0.35546875 0.3990740740740741 0.05364583333333333 0.09814814814814815
4 0.30703125 0.44907407407407407 0.0421875 0.07222222222222222
4 0.8080729166666667 0.49166666666666664 0.05260416666666667 0.08333333333333333
6 0.49557291666666664 0.5101851851851852 0.03802083333333333 0.06481481481481481
1 0.27057291666666666 0.5111111111111111 0.044270833333333336 0.07407407407407407
2 0.22526041666666666 0.5138888888888888 0.04114583333333333 0.07592592592592592
2 0.44505208333333335 0.5212962962962963 0.04114583333333333 0.07222222222222222
6 0.72734375 0.55 0.059895833333333336 0.08888888888888889
2 0.36276041666666664 0.5638888888888889 0.04114583333333333 0.07592592592592592
1 0.3033854166666667 0.5861111111111111 0.04739583333333333 0.07222222222222222
5 0.45859375 0.5861111111111111 0.0390625 0.07962962962962963
8 0.5002604166666667 0.5944444444444444 0.0390625 0.07037037037037037
5 0.79921875 0.6027777777777777 0.06510416666666667 0.11296296296296296
0 0.7528645833333333 0.6083333333333333 0.0390625 0.07222222222222222
7 0.34921875 0.6259259259259259 0.0390625 0.06666666666666667
2 0.5596354166666667 0.6333333333333333 0.0390625 0.06296296296296296
6 0.71328125 0.6370370370370371 0.0484375 0.08518518518518518
4 0.48359375 0.6425925925925926 0.0390625 0.06666666666666667
0 0.5268229166666667 0.6805555555555556 0.04635416666666667 0.07222222222222222
4 0.77890625 0.6824074074074075 0.0546875 0.09444444444444444
1 0.3684895833333333 0.6851851851851852 0.0453125 0.07777777777777778
2 0.29140625 0.6888888888888889 0.04010416666666667 0.08148148148148149
6 0.60078125 0.6972222222222222 0.0609375 0.11296296296296296
8 0.25286458333333334 0.6981481481481482 0.04635416666666667 0.07777777777777778
4 0.47994791666666664 0.7037037037037037 0.04635416666666667 0.07037037037037037
7 0.33359375 0.7055555555555556 0.028645833333333332 0.05925925925925926
8 0.44088541666666664 0.7305555555555555 0.0515625 0.09814814814814815
0 0.3138020833333333 0.7564814814814815 0.049479166666666664 0.08703703703703704
4 0.4934895833333333 0.7592592592592593 0.034895833333333334 0.08148148148148149
0 0.26276041666666666 0.7722222222222223 0.05364583333333333 0.09259259259259259
7 0.37421875 0.775 0.05260416666666667 0.07592592592592592
8 0.6231770833333333 0.787962962962963 0.03802083333333333 0.07592592592592592
1 0.4158854166666667 0.7972222222222223 0.0421875 0.06481481481481481
0 0.5700520833333333 0.8064814814814815 0.049479166666666664 0.10555555555555556
8 0.46901041666666665 0.8074074074074075 0.03802083333333333 0.06666666666666667
4 0.3346354166666667 0.8268518518518518 0.05364583333333333 0.10555555555555556
0 0.7252604166666666 0.8324074074074074 0.06822916666666666 0.11666666666666667
0 0.24817708333333333 0.8388888888888889 0.04739583333333333 0.07037037037037037
4 0.54296875 0.862037037037037 0.0421875 0.07962962962962963
1 0.3033854166666667 0.8685185185185185 0.0390625 0.07037037037037037
0 0.42421875 0.8712962962962963 0.0609375 0.08333333333333333
7 0.2674479166666667 0.8861111111111111 0.044270833333333336 0.07592592592592592
0 0.36692708333333335 0.8944444444444445 0.058854166666666666 0.09259259259259259
5 0.7481770833333333 0.9138888888888889 0.05364583333333333 0.09444444444444444
6 0.5028645833333333 0.9185185185185185 0.06510416666666667 0.10740740740740741