1 0.30026041666666664 0.19907407407407407 0.043229166666666666 0.08703703703703704
4 0.33671875 0.23425925925925925 0.0390625 0.07222222222222222
6 0.6419270833333334 0.35833333333333334 0.06197916666666667 0.10925925925925926
0 0.5216145833333333 0.4074074074074074 0.0359375 0.07037037037037037
0 0.6049479166666667 0.4583333333333333 0.0609375 0.10925925925925926
7 0.46328125 0.5527777777777778 0.04010416666666667 0.06481481481481481
8 0.36380208333333336 0.5916666666666667 0.05364583333333333 0.09444444444444444
6 0.4669270833333333 0.6074074074074074 0.03697916666666667 0.04814814814814815
1 0.20338541666666668 0.7268518518518519 0.04739583333333333 0.07592592592592592
7 0.66953125 0.7379629629629629 0.03802083333333333 0.07222222222222222
2 0.28463541666666664 0.8268518518518518 0.05364583333333333 0.07962962962962963
4 0.42473958333333334 0.8518518518518519 0.05260416666666667 0.0962962962962963
8 0.50390625 0.8629629629629629 0.03802083333333333 0.07037037037037037
2 0.72890625 0.875 0.03802083333333333 0.07592592592592592