5 0.5483786610878661 0.13059701492537312 0.03713389121338912 0.06902985074626866
8 0.33760460251046026 0.15345149253731344 0.0549163179916318 0.09235074626865672
4 0.5551778242677824 0.3069029850746269 0.040271966527196654 0.0708955223880597
0 0.38764121338912133 0.3204291044776119 0.062238493723849375 0.10914179104477612
2 0.5088912133891214 0.3353544776119403 0.03556485355648536 0.07182835820895522
0 0.3820606694560669 0.034981343283582086 0.04131799163179916 0.06996268656716417
7 0.6678870292887029 0.35261194029850745 0.05230125523012552 0.08768656716417911
0 0.3530334728033473 0.39505597014925375 0.04811715481171548 0.08675373134328358
1 0.3966213389121339 0.40174440298507463 0.03765690376569038 0.061567164179104475
4 0.671286610878661 0.4300373134328358 0.038179916317991634 0.06716417910447761
6 0.5300732217573222 0.5139925373134329 0.06956066945606694 0.11194029850746269
4 0.44848326359832635 0.5979477611940298 0.04236401673640167 0.07462686567164178