0 0.6731770833333334 0.22870370370370371 0.05572916666666667 0.10555555555555556
0 0.41328125 0.25 0.0421875 0.08148148148148149
2 0.55234375 0.28703703703703703 0.04114583333333333 0.07777777777777778
7 0.35963541666666665 0.2935185185185185 0.04114583333333333 0.06851851851851852
8 0.7247395833333333 0.32685185185185184 0.05677083333333333 0.08703703703703704
4 0.6127604166666667 0.34444444444444444 0.03697916666666667 0.06666666666666667
1 0.6627604166666666 0.35 0.05364583333333333 0.08518518518518518
2 0.27786458333333336 0.36203703703703705 0.044270833333333336 0.07962962962962963
0 0.5341145833333333 0.42685185185185187 0.03802083333333333 0.06851851851851852
0 0.69296875 0.4305555555555556 0.04114583333333333 0.07962962962962963
8 0.2643229166666667 0.5009259259259259 0.04635416666666667 0.06851851851851852
6 0.66171875 0.5083333333333333 0.05364583333333333 0.09074074074074075
2 0.21744791666666666 0.5648148148148148 0.033854166666666664 0.06296296296296296
4 0.6606770833333333 0.6018518518518519 0.04739583333333333 0.07777777777777778
4 0.5075520833333333 0.775 0.03697916666666667 0.07592592592592592
4 0.47109375 0.8055555555555556 0.0453125 0.08518518518518518