4 0.8036458333333333 0.2175925925925926 0.04375 0.09259259259259259
0 0.3341145833333333 0.023148148148148147 0.0453125 0.046296296296296294
4 0.5005260416666667 0.027314814814814816 0.03958333333333333 0.05462962962962963
2 0.4674479166666667 0.033796296296296297 0.04114583333333333 0.06574074074074074
0 0.4588541666666667 0.4759259259259259 0.041666666666666664 0.07592592592592592
8 0.502609375 0.4888888888888889 0.052083333333333336 0.10925925925925926
1 0.4666666666666667 0.5777777777777777 0.036458333333333336 0.07222222222222222
4 0.428125 0.5814814814814815 0.03854166666666667 0.07592592592592592
0 0.58203125 0.611574074074074 0.0453125 0.07314814814814814
1 0.4440104166666667 0.6305555555555555 0.0359375 0.06666666666666667
7 0.6191822916666666 0.6916574074074074 0.05364583333333333 0.1111111111111111
0 0.41510416666666666 0.7055555555555556 0.05 0.09444444444444444
8 0.58046875 0.7675925925925926 0.0359375 0.07407407407407407
2 0.57578125 0.8472222222222222 0.0453125 0.07777777777777778