7 0.36354166666666665 0.42314814814814816 0.05520833333333333 0.08518518518518518
4 0.53046875 0.45787037037037037 0.050520833333333334 0.10648148148148148
8 0.40078125 0.4615740740740741 0.03697916666666667 0.058333333333333334
6 0.2536510416666667 0.48179629629629633 0.041666666666666664 0.06666666666666667
2 0.3828125 0.5092592592592593 0.03125 0.06481481481481481
0 0.34479166666666666 0.5259259259259259 0.051041666666666666 0.10185185185185185
0 0.4309895833333333 0.5314814814814814 0.0390625 0.07592592592592592
6 0.3984375 0.5615740740740741 0.03333333333333333 0.05462962962962963
7 0.6908854166666667 0.5814814814814815 0.033854166666666664 0.05740740740740741
7 0.37447916666666664 0.5861111111111111 0.03958333333333333 0.07407407407407407
1 0.5013020833333334 0.6226851851851852 0.03802083333333333 0.07314814814814814
4 0.44817708333333334 0.6305555555555555 0.04010416666666667 0.07407407407407407
4 0.38723958333333336 0.6393518518518518 0.0265625 0.05462962962962963
4 0.26145833333333335 0.6425925925925926 0.04479166666666667 0.07592592592592592
2 0.5203125 0.6731481481481482 0.03958333333333333 0.07407407407407407
7 0.5614583333333333 0.6851851851851852 0.034375 0.06851851851851852
8 0.49583333333333335 0.7430555555555556 0.05520833333333333 0.09166666666666666
4 0.5328125 0.7925925925925926 0.03958333333333333 0.07962962962962963
4 0.6619791666666667 0.0824074074074074 0.03958333333333333 0.07037037037037037
0 0.5705729166666667 0.8490740740740741 0.0390625 0.07407407407407407
2 0.5203125 0.8810185185185185 0.035416666666666666 0.06759259259259259