5 0.34296875 0.9268518518518518 0.06302083333333333 0.11666666666666667
1 0.6231770833333333 0.9555555555555556 0.04010416666666667 0.07037037037037037
6 0.6643229166666667 0.2037037037037037 0.049479166666666664 0.08518518518518518
7 0.7325520833333333 0.2740740740740741 0.0390625 0.07037037037037037
6 0.68984375 0.3416666666666667 0.0578125 0.09444444444444444
0 0.21796875 0.34444444444444444 0.04010416666666667 0.07407407407407407
0 0.46380208333333334 0.38333333333333336 0.04010416666666667 0.07037037037037037
2 0.3882760416666667 0.4101851851851852 0.0328125 0.06111111111111111
0 0.41692708333333334 0.4361111111111111 0.0359375 0.06481481481481481
2 0.7106770833333333 0.46574074074074073 0.04114583333333333 0.06851851851851852
0 0.7518229166666667 0.6212962962962963 0.05572916666666667 0.09074074074074075
7 0.43723958333333335 0.649074074074074 0.043229166666666666 0.07592592592592592
6 0.7903645833333334 0.65 0.028645833333333332 0.05555555555555555
0 0.34348958333333335 0.7 0.03697916666666667 0.06666666666666667
7 0.4549479166666667 0.7064814814814815 0.05364583333333333 0.07962962962962963
7 0.7315104166666667 0.7157407407407408 0.0421875 0.06851851851851852
2 0.5263020833333333 0.7277777777777777 0.033854166666666664 0.06666666666666667
0 0.5825520833333333 0.7712962962962963 0.05260416666666667 0.09444444444444444
0 0.47317708333333336 0.8101851851851852 0.04010416666666667 0.07592592592592592
5 0.6940104166666666 0.850925925925926 0.04010416666666667 0.07222222222222222
1 0.54609375 0.8564814814814815 0.03802083333333333 0.07962962962962963
7 0.27734375 0.9083333333333333 0.044270833333333336 0.08703703703703704