4 0.71640625 0.937037037037037 0.0390625 0.07592592592592592
0 0.5364583333333334 0.1050925925925926 0.051041666666666666 0.09351851851851851
6 0.6111979166666667 0.17777777777777778 0.0640625 0.12407407407407407
4 0.47317708333333336 0.2064814814814815 0.04010416666666667 0.07407407407407407
0 0.5163229166666667 0.024537037037037038 0.03854166666666667 0.049074074074074076
2 0.22439062499999995 0.3827129629629629 0.04114583333333333 0.07962962962962963
4 0.44375 0.38564814814814813 0.046875 0.07685185185185185
6 0.4546875 0.4992222222222222 0.06041666666666667 0.10277777777777777
0 0.30416666666666664 0.5648148148148148 0.05520833333333333 0.09814814814814815
0 0.7153645833333333 0.6296296296296297 0.0578125 0.08703703703703704
0 0.6875 0.7162037037037037 0.053125 0.08611111111111111
8 0.775 0.7384259259259259 0.051041666666666666 0.0787037037037037
4 0.7493020833333334 0.8589444444444444 0.034375 0.06666666666666667
0 0.6325520833333333 0.9060185185185186 0.0421875 0.06944444444444445