2 0.26223958333333336 0.2824074074074074 0.033854166666666664 0.06481481481481481
1 0.5294270833333333 0.30462962962962964 0.049479166666666664 0.09074074074074075
4 0.56640625 0.35555555555555557 0.0359375 0.07037037037037037
4 0.6841145833333333 0.37592592592592594 0.04635416666666667 0.07777777777777778
8 0.5950520833333334 0.42592592592592593 0.049479166666666664 0.08518518518518518
4 0.57734375 0.4898148148148148 0.04114583333333333 0.07222222222222222
2 0.4828125 0.5768518518518518 0.0375 0.09074074074074075
0 0.5190104166666667 0.5990740740740741 0.0390625 0.07962962962962963
6 0.5643229166666667 0.6240740740740741 0.04635416666666667 0.09259259259259259
0 0.19505208333333332 0.6537037037037037 0.04739583333333333 0.07777777777777778
0 0.68046875 0.6990740740740741 0.059895833333333336 0.12037037037037036
8 0.25338541666666664 0.07592592592592592 0.0453125 0.06666666666666667
7 0.36380208333333336 0.08888888888888889 0.04739583333333333 0.07407407407407407
4 0.5216145833333333 0.9120370370370371 0.0421875 0.08333333333333333