0 0.41744791666666664 0.9268518518518518 0.0453125 0.07962962962962963
5 0.68203125 0.9435185185185185 0.0546875 0.08703703703703704
4 0.38515625 0.9555555555555556 0.033854166666666664 0.044444444444444446
4 0.1578125 0.961574074074074 0.04583333333333333 0.075
2 0.8088541666666667 0.961574074074074 0.052083333333333336 0.075
2 0.7583333333333333 0.9708333333333333 0.05416666666666667 0.05648148148148148
4 0.68203125 0.1111111111111111 0.024479166666666666 0.05555555555555555
2 0.7075520833333333 0.11944444444444445 0.04010416666666667 0.06481481481481481
4 0.6450520833333333 0.12777777777777777 0.04739583333333333 0.06296296296296296
7 0.45755208333333336 0.14537037037037037 0.0484375 0.06111111111111111
8 0.70703125 0.17407407407407408 0.0390625 0.05555555555555555
1 0.73671875 0.2037037037037037 0.04635416666666667 0.07037037037037037
0 0.52734375 0.022222222222222223 0.0609375 0.044444444444444446
7 0.8044270833333333 0.2324074074074074 0.0421875 0.08703703703703704
2 0.67578125 0.2324074074074074 0.06822916666666666 0.11296296296296296
4 0.72109375 0.2712962962962963 0.03697916666666667 0.06111111111111111
0 0.7627604166666667 0.3055555555555556 0.0546875 0.1
4 0.22734375 0.3611111111111111 0.06302083333333333 0.10740740740740741
4 0.48046875 0.3712962962962963 0.04635416666666667 0.09814814814814815
0 0.7018229166666666 0.37962962962962965 0.06822916666666666 0.1111111111111111
0 0.7575520833333333 0.3888888888888889 0.0484375 0.08888888888888889
0 0.8018229166666667 0.3972222222222222 0.05364583333333333 0.09444444444444444
5 0.3533854166666667 0.3990740740740741 0.06510416666666667 0.1388888888888889
6 0.26171875 0.4212962962962963 0.0609375 0.09074074074074075
2 0.40182291666666664 0.42314814814814816 0.03697916666666667 0.08333333333333333
0 0.5268229166666667 0.43148148148148147 0.0453125 0.08148148148148149
7 0.43723958333333335 0.44074074074074077 0.04114583333333333 0.09259259259259259
4 0.8044270833333333 0.46296296296296297 0.04635416666666667 0.08148148148148149
8 0.75390625 0.46574074074074073 0.04739583333333333 0.05740740740740741
4 0.2908854166666667 0.4935185185185185 0.044270833333333336 0.07592592592592592
4 0.46796875 0.49907407407407406 0.0546875 0.12407407407407407
6 0.72109375 0.5074074074074074 0.05572916666666667 0.08518518518518518
6 0.21328125 0.5120370370370371 0.06822916666666666 0.13148148148148148
2 0.80703125 0.5296296296296297 0.05260416666666667 0.07407407407407407
8 0.7721354166666666 0.5787037037037037 0.0546875 0.07592592592592592
2 0.34140625 0.5796296296296296 0.04114583333333333 0.08148148148148149
4 0.4981770833333333 0.058333333333333334 0.050520833333333334 0.07962962962962963
7 0.8096354166666667 0.5944444444444444 0.04635416666666667 0.040740740740740744
1 0.26328125 0.6027777777777777 0.0328125 0.08333333333333333
6 0.29401041666666666 0.6064814814814815 0.03802083333333333 0.06481481481481481
0 0.3919270833333333 0.6074074074074074 0.06302083333333333 0.1037037037037037
1 0.8106770833333333 0.6472222222222223 0.044270833333333336 0.07222222222222222
2 0.3611979166666667 0.6601851851851852 0.04114583333333333 0.08333333333333333
4 0.7502604166666667 0.6666666666666666 0.05364583333333333 0.07037037037037037
2 0.28098958333333335 0.6675925925925926 0.05364583333333333 0.09074074074074075
4 0.23671875 0.675 0.0421875 0.09444444444444444
0 0.39036458333333335 0.7055555555555556 0.03697916666666667 0.07037037037037037
1 0.43255208333333334 0.7092592592592593 0.050520833333333334 0.07777777777777778
6 0.32421875 0.7157407407407408 0.06302083333333333 0.11666666666666667
6 0.7893229166666667 0.7222222222222222 0.06197916666666667 0.09259259259259259
4 0.21484375 0.7490740740740741 0.04739583333333333 0.08703703703703704
8 0.35911458333333335 0.7685185185185185 0.0453125 0.05925925925925926
7 0.59921875 0.7833333333333333 0.04010416666666667 0.07407407407407407
7 0.24192708333333332 0.7888888888888889 0.06302083333333333 0.09259259259259259
6 0.17526041666666667 0.7888888888888889 0.0734375 0.1259259259259259
2 0.8127604166666667 0.7907407407407407 0.044270833333333336 0.07037037037037037
4 0.7794270833333333 0.8212962962962963 0.050520833333333334 0.07592592592592592
7 0.34817708333333336 0.8342592592592593 0.0421875 0.07592592592592592
4 0.6846354166666667 0.8546296296296296 0.05260416666666667 0.08333333333333333
0 0.73515625 0.8740740740740741 0.04739583333333333 0.08518518518518518
1 0.37786458333333334 0.875 0.043229166666666666 0.08333333333333333
6 0.80859375 0.8814814814814815 0.06510416666666667 0.1111111111111111
8 0.7669270833333334 0.912962962962963 0.0484375 0.07037037037037037