0 0.7302083333333333 0.09259259259259259 0.05520833333333333 0.09814814814814815
6 0.5106770833333333 0.9634259259259259 0.0515625 0.0712962962962963
4 0.69296875 0.1087962962962963 0.04114583333333333 0.06944444444444445
4 0.6455729166666667 0.3902777777777778 0.0421875 0.07685185185185185
1 0.4546875 0.43287037037037035 0.03854166666666667 0.0787037037037037
8 0.60625 0.4615740740740741 0.04479166666666667 0.06759259259259259
2 0.6807291666666667 0.047685185185185185 0.042708333333333334 0.06759259259259259
8 0.5986979166666667 0.5555555555555556 0.04739583333333333 0.09259259259259259
7 0.38828125 0.5921296296296297 0.0328125 0.05462962962962963
4 0.37057291666666664 0.6388888888888888 0.04635416666666667 0.06481481481481481
0 0.7510416666666667 0.6601851851851852 0.042708333333333334 0.07962962962962963
4 0.46953125 0.6782407407407407 0.04635416666666667 0.06944444444444445
8 0.33541666666666664 0.732712962962963 0.04479166666666667 0.06481481481481481
0 0.465625 0.7578703703703704 0.05 0.08425925925925926
8 0.58046875 0.7689814814814815 0.0421875 0.075
4 0.4765625 0.850462962962963 0.04479166666666667 0.075