2 0.7002604166666667 0.19444444444444445 0.04010416666666667 0.09259259259259259
0 0.74296875 0.23703703703703705 0.050520833333333334 0.08148148148148149
6 0.32526041666666666 0.31851851851851853 0.0484375 0.08888888888888889
7 0.76015625 0.32685185185185184 0.04114583333333333 0.06111111111111111
4 0.44088541666666664 0.33240740740740743 0.0359375 0.07592592592592592
0 0.21171875 0.48055555555555557 0.05260416666666667 0.10185185185185185
0 0.34088541666666666 0.487962962962963 0.03802083333333333 0.06851851851851852
7 0.3893229166666667 0.5731481481481482 0.0390625 0.06481481481481481
4 0.7315104166666667 0.625 0.04010416666666667 0.07222222222222222
0 0.6471354166666666 0.6981481481481482 0.0421875 0.07037037037037037
0 0.7059895833333333 0.7462962962962963 0.0515625 0.08888888888888889
7 0.51015625 0.899074074074074 0.04114583333333333 0.07222222222222222