6 0.3734375 0.15231481481481482 0.053125 0.08796296296296297
0 0.7020833333333333 0.15324074074074073 0.059375 0.10648148148148148
7 0.41015625 0.2375 0.04114583333333333 0.08055555555555556
6 0.71953125 0.2439814814814815 0.04739583333333333 0.08055555555555556
7 0.27447916666666666 0.35555555555555557 0.058333333333333334 0.1037037037037037
4 0.5528645833333333 0.37824074074074077 0.0421875 0.08981481481481482
0 0.51796875 0.47453703703703703 0.04010416666666667 0.0787037037037037
4 0.42291666666666666 0.5152777777777777 0.042708333333333334 0.0712962962962963
4 0.5703125 0.5314814814814814 0.04375 0.08518518518518518
4 0.3229166666666667 0.5416666666666666 0.04375 0.06481481481481481
8 0.5950520833333334 0.625 0.04635416666666667 0.08333333333333333
1 0.23020833333333332 0.6305555555555555 0.053125 0.07592592592592592
0 0.46822916666666664 0.6541666666666667 0.058333333333333334 0.08981481481481482
5 0.6216145833333333 0.7162037037037037 0.06302083333333333 0.09907407407407408
8 0.5643229166666667 0.7226851851851852 0.03697916666666667 0.08796296296296297