4 0.23723958333333334 0.9351851851851852 0.04635416666666667 0.07407407407407407
2 0.6356770833333333 0.9472222222222222 0.05677083333333333 0.09444444444444444
0 0.740625 0.9597222222222223 0.06145833333333333 0.0787037037037037
2 0.2828125 0.9643518518518519 0.03958333333333333 0.06944444444444445
0 0.48854166666666665 0.9689814814814814 0.040625 0.06018518518518518
7 0.5927083333333333 0.9763888888888889 0.046875 0.04537037037037037
4 0.26588541666666665 0.12129629629629629 0.050520833333333334 0.07592592592592592
7 0.30807291666666664 0.17314814814814813 0.049479166666666664 0.07222222222222222
4 0.22734375 0.22592592592592592 0.05677083333333333 0.08888888888888889
0 0.34348958333333335 0.27870370370370373 0.06614583333333333 0.09814814814814815
1 0.44505208333333335 0.2962962962962963 0.049479166666666664 0.08888888888888889
4 0.4903645833333333 0.3 0.05572916666666667 0.07407407407407407
2 0.24453125 0.30462962962962964 0.0640625 0.09444444444444444
7 0.66015625 0.35462962962962963 0.05260416666666667 0.08703703703703704
2 0.27838541666666666 0.36666666666666664 0.0484375 0.07037037037037037
8 0.32369791666666664 0.375 0.05260416666666667 0.09444444444444444
0 0.46328125 0.38425925925925924 0.03697916666666667 0.07222222222222222
4 0.37057291666666664 0.4083333333333333 0.059895833333333336 0.08703703703703704
7 0.42994791666666665 0.41388888888888886 0.05364583333333333 0.09814814814814815
2 0.68671875 0.41388888888888886 0.050520833333333334 0.09074074074074075
8 0.19348958333333333 0.42685185185185187 0.0515625 0.07222222222222222
1 0.3143229166666667 0.44537037037037036 0.0453125 0.07222222222222222
7 0.47578125 0.4462962962962963 0.0453125 0.07407407407407407
7 0.64453125 0.45 0.058854166666666666 0.09259259259259259
0 0.27890625 0.45925925925925926 0.0390625 0.07777777777777778
2 0.7955729166666666 0.4638888888888889 0.0453125 0.07592592592592592
0 0.7513020833333334 0.4759259259259259 0.06614583333333333 0.07777777777777778
2 0.37161458333333336 0.4824074074074074 0.03697916666666667 0.07222222222222222
4 0.5408854166666667 0.5111111111111111 0.04635416666666667 0.07407407407407407
4 0.69140625 0.512962962962963 0.0421875 0.07037037037037037
8 0.80390625 0.5388888888888889 0.05572916666666667 0.0962962962962963
0 0.73984375 0.5555555555555556 0.05364583333333333 0.05555555555555555
0 0.47421875 0.5601851851851852 0.058854166666666666 0.09444444444444444
5 0.17421875 0.5712962962962963 0.06302083333333333 0.11296296296296296
1 0.5231770833333333 0.5972222222222222 0.0421875 0.07962962962962963
6 0.42994791666666665 0.6027777777777777 0.0421875 0.06851851851851852
0 0.8018229166666667 0.6055555555555555 0.06510416666666667 0.08148148148148149
2 0.7611979166666667 0.6166666666666667 0.03697916666666667 0.05925925925925926
6 0.7330729166666666 0.637962962962963 0.06302083333333333 0.08703703703703704
8 0.20078125 0.6574074074074074 0.049479166666666664 0.07777777777777778
5 0.8096354166666667 0.6861111111111111 0.0484375 0.06481481481481481
0 0.16328125 0.7342592592592593 0.0421875 0.09814814814814815
0 0.80703125 0.7425925925925926 0.043229166666666666 0.06666666666666667
2 0.80546875 0.8111111111111111 0.0484375 0.07777777777777778
6 0.6091145833333333 0.8444444444444444 0.06197916666666667 0.1259259259259259
4 0.25286458333333334 0.8657407407407407 0.05572916666666667 0.08333333333333333
7 0.56796875 0.8703703703703703 0.06510416666666667 0.10740740740740741
8 0.70390625 0.8981481481481481 0.0453125 0.08518518518518518
0 0.20182291666666666 0.9120370370370371 0.044270833333333336 0.07962962962962963
0 0.32578125 0.912962962962963 0.07239583333333334 0.10740740740740741