6 0.3502604166666667 0.11805555555555555 0.04739583333333333 0.06018518518518518
2 0.35963541666666665 0.1837962962962963 0.04114583333333333 0.06944444444444445
7 0.6125 0.1962962962962963 0.030208333333333334 0.05
4 0.4236979166666667 0.25601851851851853 0.04635416666666667 0.06944444444444445
0 0.36875 0.3037037037037037 0.053125 0.08703703703703704
2 0.6890625 0.30787037037037035 0.035416666666666666 0.062037037037037036
0 0.3984375 0.3685185185185185 0.03958333333333333 0.06111111111111111
8 0.5033854166666667 0.37453703703703706 0.03697916666666667 0.062037037037037036
7 0.7098958333333333 0.375 0.03854166666666667 0.07777777777777778
8 0.37005208333333334 0.399537037037037 0.04114583333333333 0.075
4 0.21510416666666668 0.46574074074074073 0.04375 0.07777777777777778
5 0.63671875 0.5962962962962963 0.0578125 0.09444444444444444
2 0.4270833333333333 0.6060185185185185 0.040625 0.062037037037037036
4 0.33046875 0.6509259259259259 0.0578125 0.1
0 0.7015625 0.7287037037037037 0.04583333333333333 0.07777777777777778
4 0.36640625 0.7800925925925926 0.05260416666666667 0.08425925925925926