0 0.40598958333333335 0.9310185185185185 0.0671875 0.11574074074074074
6 0.46588541666666666 0.9666666666666667 0.0390625 0.06481481481481481
1 0.24739583333333334 0.11435185185185186 0.041666666666666664 0.0712962962962963
2 0.6455729166666667 0.12361111111111112 0.044270833333333336 0.0787037037037037
4 0.4864583333333333 0.47962962962962963 0.051041666666666666 0.10185185185185185
7 0.4395833333333333 0.5143518518518518 0.040625 0.0824074074074074
8 0.28203125 0.059722222222222225 0.044270833333333336 0.08055555555555556
5 0.6838541666666667 0.6263888888888889 0.052083333333333336 0.09907407407407408
8 0.4591145833333333 0.7324074074074074 0.03802083333333333 0.07407407407407407
0 0.43203125 0.7861111111111111 0.05260416666666667 0.0962962962962963
2 0.4973958333333333 0.8004629629629629 0.041666666666666664 0.07314814814814814
7 0.5549479166666667 0.08287037037037037 0.050520833333333334 0.08611111111111111
1 0.4278645833333333 0.8569444444444444 0.04010416666666667 0.0712962962962963
0 0.47734375 0.8726851851851852 0.043229166666666666 0.07685185185185185
7 0.28880208333333335 0.912962962962963 0.043229166666666666 0.07592592592592592