8 0.7190104166666667 0.9277777777777778 0.0578125 0.0962962962962963
4 0.7903645833333334 0.9481481481481482 0.0296875 0.06296296296296296
4 0.7575520833333333 0.9490740740740741 0.0390625 0.07592592592592592
1 0.6307291666666667 0.9689814814814814 0.04375 0.06018518518518518
7 0.6947916666666667 0.9689814814814814 0.042708333333333334 0.06018518518518518
6 0.30052083333333335 0.9726851851851852 0.041666666666666664 0.05277777777777778
4 0.7848958333333333 0.986574074074074 0.051041666666666666 0.025
1 0.45026041666666666 0.13055555555555556 0.0453125 0.07222222222222222
0 0.49661458333333336 0.21481481481481482 0.05260416666666667 0.1
0 0.61171875 0.225 0.03697916666666667 0.08703703703703704
0 0.49609375 0.2777777777777778 0.04635416666666667 0.06296296296296296
7 0.5903645833333333 0.29259259259259257 0.044270833333333336 0.07777777777777778
2 0.5549479166666667 0.3101851851851852 0.0484375 0.09444444444444444
0 0.32838541666666665 0.31296296296296294 0.05364583333333333 0.08148148148148149
6 0.37994791666666666 0.325 0.06510416666666667 0.12777777777777777
4 0.42682291666666666 0.33796296296296297 0.043229166666666666 0.06481481481481481
0 0.5158854166666667 0.3472222222222222 0.050520833333333334 0.10185185185185185
4 0.6174479166666667 0.4083333333333333 0.0390625 0.08333333333333333
1 0.50390625 0.4185185185185185 0.050520833333333334 0.09259259259259259
0 0.68984375 0.43148148148148147 0.0390625 0.07037037037037037
0 0.36953125 0.45555555555555555 0.0546875 0.11481481481481481
8 0.42942708333333335 0.45555555555555555 0.05364583333333333 0.05925925925925926
6 0.53515625 0.4777777777777778 0.0546875 0.08518518518518518
0 0.31171875 0.4898148148148148 0.059895833333333336 0.09814814814814815
0 0.6346354166666667 0.49074074074074076 0.03697916666666667 0.08148148148148149
8 0.47369791666666666 0.4962962962962963 0.0453125 0.06666666666666667
1 0.7013020833333333 0.49907407407407406 0.05260416666666667 0.07222222222222222
4 0.57578125 0.5101851851851852 0.04114583333333333 0.08333333333333333
5 0.77421875 0.5111111111111111 0.049479166666666664 0.1037037037037037
4 0.41432291666666665 0.5138888888888888 0.0453125 0.07592592592592592
7 0.6700520833333333 0.5148148148148148 0.0328125 0.08518518518518518
2 0.6283854166666667 0.5518518518518518 0.049479166666666664 0.06296296296296296
4 0.48411458333333335 0.5648148148148148 0.0546875 0.09259259259259259
7 0.7018229166666666 0.5703703703703704 0.043229166666666666 0.09259259259259259
4 0.7346354166666667 0.575 0.0421875 0.08703703703703704
8 0.21796875 0.5879629629629629 0.049479166666666664 0.07222222222222222
4 0.6716145833333333 0.5888888888888889 0.0390625 0.06296296296296296
5 0.60546875 0.5898148148148148 0.0390625 0.07592592592592592
2 0.2799479166666667 0.5907407407407408 0.04739583333333333 0.07777777777777778
0 0.33255208333333336 0.6074074074074074 0.058854166666666666 0.1037037037037037
2 0.6393229166666666 0.6203703703703703 0.0328125 0.05555555555555555
4 0.43411458333333336 0.6212962962962963 0.06927083333333334 0.09444444444444444
6 0.5372395833333333 0.6324074074074074 0.058854166666666666 0.12037037037037036
4 0.6106770833333334 0.6472222222222223 0.03802083333333333 0.10185185185185185
7 0.19921875 0.6796296296296296 0.059895833333333336 0.0962962962962963
0 0.48359375 0.6833333333333333 0.05260416666666667 0.08518518518518518
2 0.63515625 0.7037037037037037 0.043229166666666666 0.08518518518518518
7 0.24192708333333332 0.7333333333333333 0.03177083333333333 0.06666666666666667
7 0.29296875 0.7472222222222222 0.04114583333333333 0.06851851851851852
4 0.77890625 0.787962962962963 0.05260416666666667 0.07592592592592592
7 0.22682291666666668 0.7962962962962963 0.050520833333333334 0.0962962962962963
7 0.6466145833333333 0.8175925925925925 0.05677083333333333 0.10185185185185185
1 0.31536458333333334 0.8194444444444444 0.043229166666666666 0.07962962962962963
6 0.26536458333333335 0.8277777777777777 0.06614583333333333 0.1037037037037037
0 0.83203125 0.8685185185185185 0.0609375 0.08888888888888889
4 0.22994791666666667 0.8740740740740741 0.05364583333333333 0.05185185185185185
0 0.76640625 0.8888888888888888 0.0421875 0.07777777777777778
8 0.48203125 0.8962962962962963 0.06510416666666667 0.12222222222222222
5 0.7966145833333333 0.9009259259259259 0.04010416666666667 0.07962962962962963
8 0.3106770833333333 0.9166666666666666 0.04635416666666667 0.1