4 0.5596354166666667 0.12962962962962962 0.04739583333333333 0.07037037037037037
2 0.2513020833333333 0.22037037037037038 0.0453125 0.07037037037037037
8 0.20807291666666666 0.26296296296296295 0.04635416666666667 0.07037037037037037
0 0.77265625 0.275 0.04010416666666667 0.07962962962962963
0 0.8252604166666667 0.33425925925925926 0.06614583333333333 0.12037037037037036
0 0.7809895833333333 0.36944444444444446 0.04010416666666667 0.07962962962962963
2 0.5565104166666667 0.4564814814814815 0.04114583333333333 0.07962962962962963
8 0.5096354166666667 0.4685185185185185 0.049479166666666664 0.0962962962962963
2 0.19453125 0.5092592592592593 0.03802083333333333 0.05925925925925926
6 0.52734375 0.5481481481481482 0.050520833333333334 0.08518518518518518
4 0.4908854166666667 0.5833333333333334 0.0390625 0.07407407407407407
0 0.35234375 0.6453703703703704 0.049479166666666664 0.07592592592592592
4 0.6825520833333333 0.7064814814814815 0.043229166666666666 0.07962962962962963
7 0.38776041666666666 0.7148148148148148 0.043229166666666666 0.07407407407407407
4 0.50234375 0.7287037037037037 0.0390625 0.07962962962962963
1 0.7815104166666667 0.7425925925925926 0.049479166666666664 0.1037037037037037