8 0.53984375 0.9587962962962963 0.04635416666666667 0.08055555555555556
6 0.6380208333333334 0.029166666666666667 0.07604166666666666 0.058333333333333334
4 0.32265625 0.48148148148148145 0.04114583333333333 0.07037037037037037
0 0.4747395833333333 0.48935185185185187 0.0359375 0.06759259259259259
8 0.5390625 0.5185185185185185 0.035416666666666666 0.06481481481481481
4 0.5828125 0.5416666666666666 0.04895833333333333 0.08888888888888889
4 0.40625 0.5805555555555556 0.0375 0.07222222222222222
4 0.6963541666666667 0.5828703703703704 0.04375 0.06944444444444445
4 0.29609375 0.644287037037037 0.0421875 0.0787037037037037
0 0.5359375 0.7083333333333334 0.06145833333333333 0.11666666666666667
4 0.3703125 0.8064814814814815 0.029166666666666667 0.06296296296296296
1 0.5208333333333334 0.8282407407407407 0.040625 0.07685185185185185
5 0.43515625 0.8291666666666667 0.04010416666666667 0.08425925925925926
1 0.5583333333333333 0.8800925925925925 0.03854166666666667 0.075
7 0.7036458333333333 0.9185185185185185 0.04375 0.08148148148148149