2 0.70859375 0.9259259259259259 0.044270833333333336 0.07962962962962963
5 0.35390625 0.12314814814814815 0.0515625 0.07777777777777778
7 0.49583333333333335 0.20879629629629629 0.040625 0.0787037037037037
2 0.5424479166666667 0.3074074074074074 0.0515625 0.10925925925925926
6 0.5986979166666667 0.34120370370370373 0.04739583333333333 0.08055555555555556
0 0.23255208333333333 0.3541666666666667 0.04635416666666667 0.07685185185185185
7 0.2984375 0.3699074074074074 0.041666666666666664 0.075
8 0.3299479166666667 0.38657407407407407 0.03697916666666667 0.06759259259259259
4 0.17786458333333333 0.03935185185185185 0.04739583333333333 0.0787037037037037
6 0.3072916666666667 0.45787037037037037 0.06979166666666667 0.11388888888888889
8 0.5981770833333333 0.4583333333333333 0.0546875 0.09259259259259259
0 0.7919270833333333 0.4736111111111111 0.04635416666666667 0.075
0 0.578125 0.5273148148148148 0.042708333333333334 0.0712962962962963
8 0.7645833333333333 0.6504629629629629 0.042708333333333334 0.06944444444444445
2 0.7963541666666667 0.6990740740740741 0.04791666666666667 0.07777777777777778
7 0.5065104166666666 0.8175925925925925 0.04635416666666667 0.0962962962962963