8 0.19557291666666668 0.937037037037037 0.0546875 0.0962962962962963
6 0.8104166666666667 0.9375 0.071875 0.12314814814814815
4 0.3575520833333333 0.95 0.034895833333333334 0.06666666666666667
8 0.7338541666666667 0.9652777777777778 0.04583333333333333 0.06759259259259259
4 0.6841145833333333 0.13425925925925927 0.04010416666666667 0.06481481481481481
8 0.56171875 0.1361111111111111 0.0390625 0.08333333333333333
6 0.35703125 0.1361111111111111 0.050520833333333334 0.09814814814814815
0 0.41432291666666665 0.1648148148148148 0.0359375 0.05925925925925926
2 0.72265625 0.18611111111111112 0.0609375 0.11296296296296296
4 0.6830729166666667 0.18796296296296297 0.021354166666666667 0.053703703703703705
0 0.51328125 0.18796296296296297 0.0609375 0.11296296296296296
1 0.31171875 0.20185185185185187 0.0453125 0.05925925925925926
7 0.4283854166666667 0.21851851851851853 0.043229166666666666 0.06666666666666667
0 0.37265625 0.22870370370370371 0.050520833333333334 0.09444444444444444
6 0.6169270833333333 0.23981481481481481 0.05364583333333333 0.09814814814814815
4 0.7736979166666667 0.24166666666666667 0.0421875 0.07592592592592592
7 0.6846354166666667 0.2462962962962963 0.04114583333333333 0.08148148148148149
1 0.2890625 0.275 0.0375 0.06851851851851852
0 0.42890625 0.2898148148148148 0.05260416666666667 0.09074074074074075
5 0.7341145833333333 0.29907407407407405 0.04010416666666667 0.06851851851851852
2 0.26119791666666664 0.33055555555555555 0.0421875 0.07222222222222222
7 0.5455729166666666 0.33425925925925926 0.03802083333333333 0.06851851851851852
1 0.31276041666666665 0.3675925925925926 0.043229166666666666 0.06481481481481481
2 0.7377604166666667 0.37407407407407406 0.04114583333333333 0.07407407407407407
2 0.19765625 0.38425925925925924 0.0421875 0.07592592592592592
4 0.2721354166666667 0.3925925925925926 0.0390625 0.07777777777777778
4 0.69453125 0.39814814814814814 0.0421875 0.07407407407407407
0 0.23723958333333334 0.4046296296296296 0.050520833333333334 0.08703703703703704
5 0.7940104166666667 0.425 0.0453125 0.07222222222222222
8 0.48203125 0.43796296296296294 0.04635416666666667 0.07222222222222222
8 0.19453125 0.4564814814814815 0.044270833333333336 0.08333333333333333
8 0.69453125 0.46944444444444444 0.03802083333333333 0.07962962962962963
2 0.2669270833333333 0.4777777777777778 0.04739583333333333 0.0962962962962963
6 0.22630208333333332 0.4842592592592593 0.03697916666666667 0.07222222222222222
4 0.81015625 0.49166666666666664 0.04635416666666667 0.07962962962962963
4 0.41484375 0.5 0.043229166666666666 0.07777777777777778
4 0.3106770833333333 0.5046296296296297 0.043229166666666666 0.07962962962962963
1 0.3580729166666667 0.5157407407407407 0.044270833333333336 0.07222222222222222
7 0.7091145833333333 0.5481481481481482 0.04635416666666667 0.07407407407407407
4 0.23515625 0.5481481481481482 0.05260416666666667 0.08888888888888889
5 0.80546875 0.575925925925926 0.0703125 0.12222222222222222
2 0.26848958333333334 0.5879629629629629 0.0421875 0.06851851851851852
2 0.6778645833333333 0.6018518518518519 0.0421875 0.07407407407407407
2 0.22369791666666666 0.6101851851851852 0.0359375 0.06851851851851852
1 0.7002604166666667 0.6462962962962963 0.0453125 0.07777777777777778
0 0.18776041666666668 0.6601851851851852 0.0453125 0.07222222222222222
6 0.74296875 0.6657407407407407 0.0515625 0.09074074074074075
2 0.31953125 0.6675925925925926 0.0421875 0.07592592592592592
2 0.24453125 0.6842592592592592 0.03802083333333333 0.07962962962962963
0 0.27265625 0.7166666666666667 0.03802083333333333 0.05925925925925926
4 0.40182291666666664 0.7175925925925926 0.0421875 0.06851851851851852
2 0.19192708333333333 0.7277777777777777 0.04114583333333333 0.06666666666666667
1 0.6856770833333333 0.737037037037037 0.0453125 0.07407407407407407
8 0.30130208333333336 0.737037037037037 0.0390625 0.06296296296296296
6 0.43515625 0.7527777777777778 0.0484375 0.09814814814814815
4 0.52421875 0.7657407407407407 0.0578125 0.09444444444444444
4 0.22109895833333332 0.7712962962962963 0.04114583333333333 0.07962962962962963
0 0.34609375 0.7712962962962963 0.059895833333333336 0.10555555555555556
6 0.2559895833333333 0.775 0.0359375 0.053703703703703705
0 0.19036458333333334 0.7925925925925926 0.04010416666666667 0.07407407407407407
4 0.39088541666666665 0.8166666666666667 0.04739583333333333 0.1
6 0.30026041666666664 0.8222222222222222 0.04114583333333333 0.08148148148148149
2 0.43671875 0.8314814814814815 0.0515625 0.09259259259259259
0 0.22421875 0.8453703703703703 0.04114583333333333 0.06481481481481481
7 0.18567708333333333 0.8574074074074074 0.043229166666666666 0.08518518518518518
4 0.67578125 0.8824074074074074 0.044270833333333336 0.09074074074074075
4 0.24609375 0.9009259259259259 0.04739583333333333 0.07592592592592592
0 0.39140625 0.9101851851851852 0.044270833333333336 0.07962962962962963