0 0.6747395833333333 0.2351851851851852 0.043229166666666666 0.07037037037037037
8 0.2908854166666667 0.3537037037037037 0.05260416666666667 0.1
1 0.49557291666666664 0.38055555555555554 0.04114583333333333 0.06851851851851852
0 0.4549479166666667 0.39537037037037037 0.034895833333333334 0.07222222222222222
2 0.47942708333333334 0.44166666666666665 0.0359375 0.07222222222222222
4 0.8080729166666667 0.4777777777777778 0.0390625 0.08518518518518518
7 0.7700520833333333 0.5064814814814815 0.04010416666666667 0.06481481481481481
2 0.70703125 0.5203703703703704 0.03697916666666667 0.07037037037037037
0 0.3653645833333333 0.525 0.049479166666666664 0.09074074074074075
0 0.67109375 0.5370370370370371 0.04010416666666667 0.08148148148148149
6 0.5440104166666667 0.5435185185185185 0.0359375 0.07592592592592592
0 0.58203125 0.5444444444444444 0.04114583333333333 0.07037037037037037
4 0.7981770833333334 0.5574074074074075 0.044270833333333336 0.08888888888888889
7 0.7138020833333333 0.5861111111111111 0.0421875 0.07962962962962963
6 0.5768229166666666 0.6388888888888888 0.059895833333333336 0.11851851851851852
2 0.19817708333333334 0.6444444444444445 0.0359375 0.06296296296296296
8 0.449734375 0.6944444444444444 0.049479166666666664 0.1037037037037037
7 0.5419270833333333 0.7037037037037037 0.0484375 0.08518518518518518
2 0.7825520833333334 0.7388888888888889 0.04010416666666667 0.07777777777777778
8 0.65234375 0.8194444444444444 0.0359375 0.06851851851851852