2 0.7705729166666667 0.9361111111111111 0.05364583333333333 0.09444444444444444
5 0.721875 0.9606481481481481 0.07916666666666666 0.07685185185185185
8 0.24921875 0.10462962962962963 0.03802083333333333 0.07592592592592592
2 0.65390625 0.16018518518518518 0.05364583333333333 0.07592592592592592
2 0.27265625 0.18055555555555555 0.03697916666666667 0.07962962962962963
1 0.31588541666666664 0.19074074074074074 0.04010416666666667 0.07037037037037037
4 0.6263020833333334 0.1962962962962963 0.027604166666666666 0.044444444444444446
4 0.4278645833333333 0.2064814814814815 0.0390625 0.06851851851851852
4 0.19973958333333333 0.2111111111111111 0.043229166666666666 0.06666666666666667
4 0.6559895833333333 0.23333333333333334 0.049479166666666664 0.06666666666666667
4 0.25364583333333335 0.23703703703703705 0.041666666666666664 0.07037037037037037
6 0.57109375 0.24074074074074073 0.0609375 0.11481481481481481
4 0.46848958333333335 0.02962962962962963 0.043229166666666666 0.05925925925925926
5 0.26484375 0.3388888888888889 0.03802083333333333 0.07407407407407407
0 0.17890625 0.3398148148148148 0.0390625 0.06851851851851852
8 0.48463541666666665 0.3675925925925926 0.043229166666666666 0.06481481481481481
6 0.4236979166666667 0.03981481481481482 0.05572916666666667 0.07962962962962963
7 0.5096354166666667 0.412962962962963 0.04010416666666667 0.07037037037037037
0 0.22421875 0.4740740740740741 0.0671875 0.1111111111111111
0 0.6981770833333333 0.4898148148148148 0.05677083333333333 0.09814814814814815
4 0.3580729166666667 0.5064814814814815 0.0515625 0.09074074074074075
4 0.4674479166666667 0.5175925925925926 0.05364583333333333 0.09814814814814815
6 0.39609375 0.5518518518518518 0.04010416666666667 0.06666666666666667
0 0.54453125 0.5657407407407408 0.0578125 0.10555555555555556
0 0.32526041666666666 0.05740740740740741 0.05260416666666667 0.08888888888888889
2 0.76953125 0.575925925925926 0.0328125 0.07407407407407407
8 0.18255208333333334 0.5861111111111111 0.06302083333333333 0.09444444444444444
1 0.7346354166666667 0.5972222222222222 0.0453125 0.06481481481481481
5 0.5794270833333334 0.6175925925925926 0.03802083333333333 0.06111111111111111
1 0.2752604166666667 0.06388888888888888 0.0359375 0.06851851851851852
7 0.53828125 0.65 0.03697916666666667 0.05925925925925926
7 0.40859375 0.6611111111111111 0.04635416666666667 0.0962962962962963
1 0.5794270833333334 0.6759259259259259 0.04010416666666667 0.06296296296296296
2 0.5158854166666667 0.6944444444444444 0.0359375 0.05925925925925926
4 0.6596354166666667 0.7018518518518518 0.04010416666666667 0.07777777777777778
5 0.35390625 0.7064814814814815 0.05260416666666667 0.10185185185185185
1 0.4830729166666667 0.7064814814814815 0.034895833333333334 0.06481481481481481
7 0.5513020833333333 0.7240740740740741 0.044270833333333336 0.08148148148148149
8 0.51328125 0.7574074074074074 0.04114583333333333 0.07037037037037037
7 0.37786458333333334 0.8055555555555556 0.05364583333333333 0.0962962962962963
2 0.22473958333333333 0.8361111111111111 0.0421875 0.06851851851851852
6 0.16223958333333333 0.837037037037037 0.030729166666666665 0.07777777777777778
2 0.26328125 0.8555555555555555 0.049479166666666664 0.08888888888888889
2 0.7403645833333333 0.8555555555555555 0.034895833333333334 0.05555555555555555
4 0.5971354166666667 0.08611111111111111 0.0421875 0.07222222222222222
0 0.7122395833333334 0.8814814814814815 0.043229166666666666 0.07407407407407407
0 0.6221354166666667 0.912962962962963 0.050520833333333334 0.1