2 0.56328125 0.9268518518518518 0.05260416666666667 0.09814814814814815
5 0.44973958333333336 0.9314814814814815 0.04010416666666667 0.07777777777777778
7 0.6223958333333334 0.9597222222222223 0.04791666666666667 0.0787037037037037
8 0.65859375 0.2 0.059895833333333336 0.1
7 0.49921875 0.2 0.043229166666666666 0.07407407407407407
0 0.57265625 0.3648148148148148 0.0546875 0.0962962962962963
1 0.623171875 0.3675925925925926 0.04114583333333333 0.07592592592592592
6 0.70234375 0.3685185185185185 0.0453125 0.08518518518518518
0 0.7559895833333333 0.4074074074074074 0.0671875 0.12222222222222222
2 0.40963541666666664 0.4166666666666667 0.05364583333333333 0.1037037037037037
7 0.6950520833333333 0.4425925925925926 0.0453125 0.06666666666666667
4 0.45755208333333336 0.46944444444444444 0.04739583333333333 0.08703703703703704
0 0.5450520833333333 0.49166666666666664 0.0390625 0.07222222222222222
2 0.60078125 0.5018518518518519 0.0671875 0.11851851851851852
4 0.68359375 0.5138888888888888 0.0453125 0.08333333333333333
1 0.4903645833333333 0.5203703703703704 0.04010416666666667 0.07037037037037037
4 0.44244791666666666 0.5361111111111111 0.05677083333333333 0.09074074074074075
2 0.39817708333333335 0.5657407407407408 0.034895833333333334 0.07962962962962963
2 0.35390625 0.5898148148148148 0.044270833333333336 0.06481481481481481
1 0.6747395833333333 0.6 0.044270833333333336 0.08518518518518518
4 0.77734375 0.6074074074074074 0.049479166666666664 0.07407407407407407
0 0.39296875 0.6342592592592593 0.049479166666666664 0.09074074074074075
2 0.8205729166666667 0.6425925925925926 0.0546875 0.0962962962962963
4 0.5846354166666666 0.65 0.0515625 0.1
7 0.7518229166666667 0.687037037037037 0.0609375 0.1
8 0.7966145833333333 0.7546296296296297 0.0359375 0.07222222222222222
4 0.7606770833333333 0.7675925925925926 0.043229166666666666 0.07222222222222222
4 0.7481770833333333 0.8166666666666667 0.0390625 0.07777777777777778
8 0.38671875 0.8240740740740741 0.049479166666666664 0.0962962962962963
2 0.77578125 0.8296296296296296 0.03177083333333333 0.05555555555555555
6 0.44817708333333334 0.8388888888888889 0.0515625 0.1037037037037037
0 0.67265625 0.8518518518518519 0.03802083333333333 0.07407407407407407
8 0.74296875 0.8787037037037037 0.0390625 0.07222222222222222
2 0.77734375 0.8898148148148148 0.0328125 0.06481481481481481
0 0.82265625 0.9120370370370371 0.06302083333333333 0.12407407407407407
0 0.66328125 0.925 0.050520833333333334 0.09444444444444444