1 0.21328125 0.1837962962962963 0.0484375 0.06944444444444445
4 0.21024479166666668 0.2634166666666667 0.041666666666666664 0.08055555555555556
4 0.25677083333333334 0.2796296296296296 0.052083333333333336 0.10555555555555556
7 0.80546875 0.32083333333333336 0.04739583333333333 0.07685185185185185
4 0.3768229166666667 0.42777777777777776 0.0421875 0.07592592592592592
8 0.5921875 0.4388888888888889 0.04791666666666667 0.07592592592592592
0 0.5346354166666667 0.4615740740740741 0.04114583333333333 0.06944444444444445
4 0.5788177083333333 0.4979907407407408 0.040625 0.06574074074074074
4 0.27005208333333336 0.5032407407407408 0.04114583333333333 0.075
4 0.5428854166666667 0.5205185185185185 0.03958333333333333 0.06759259259259259
8 0.6635416666666667 0.5263888888888889 0.036458333333333336 0.07314814814814814
8 0.6036458333333333 0.5370370370370371 0.03333333333333333 0.06111111111111111
2 0.30408333333333337 0.5598796296296296 0.0578125 0.08703703703703704
0 0.5901041666666667 0.6430555555555556 0.04375 0.07685185185185185
2 0.4140625 0.6580277777777778 0.041666666666666664 0.07962962962962963
7 0.2890625 0.6907407407407408 0.041666666666666664 0.07962962962962963
2 0.5388020833333333 0.7509259259259259 0.04114583333333333 0.07777777777777778
4 0.75234375 0.7675925925925926 0.04739583333333333 0.07407407407407407
1 0.24270833333333333 0.8175925925925925 0.04895833333333333 0.07407407407407407
7 0.6828125 0.8333333333333334 0.0375 0.07222222222222222