2 0.7635416666666667 0.9467592592592593 0.040625 0.07685185185185185
4 0.64765625 0.17175925925925925 0.030729166666666665 0.06018518518518518
2 0.5955729166666667 0.18287037037037038 0.0515625 0.09722222222222222
0 0.23854166666666668 0.20879629629629629 0.04895833333333333 0.0824074074074074
0 0.6734375 0.2875 0.05416666666666667 0.09166666666666666
4 0.7375 0.3023148148148148 0.057291666666666664 0.09537037037037037
0 0.7864583333333334 0.3226851851851852 0.042708333333333334 0.07314814814814814
0 0.5799479166666667 0.39166666666666666 0.06197916666666667 0.11851851851851852
2 0.2796875 0.40324074074074073 0.0375 0.06759259259259259
2 0.227609375 0.40849074074074077 0.035416666666666666 0.062037037037037036
0 0.31588541666666664 0.42268518518518516 0.03802083333333333 0.06574074074074074
7 0.28177083333333336 0.5074074074074074 0.0375 0.06481481481481481
7 0.24010416666666667 0.5277777777777778 0.052083333333333336 0.09814814814814815
0 0.7359375 0.5296296296296297 0.041666666666666664 0.06851851851851852
2 0.7770833333333333 0.5337962962962963 0.053125 0.08796296296296297
0 0.6927083333333334 0.5472222222222223 0.042708333333333334 0.07037037037037037
2 0.63984375 0.5763888888888888 0.03802083333333333 0.06944444444444445
4 0.8057291666666667 0.5925925925925926 0.041666666666666664 0.07962962962962963
4 0.6911458333333333 0.6166666666666667 0.03958333333333333 0.06851851851851852
8 0.5739583333333333 0.6805555555555556 0.05520833333333333 0.0962962962962963
4 0.22994791666666667 0.7449074074074075 0.0328125 0.06574074074074074
7 0.6705729166666666 0.7939814814814815 0.049479166666666664 0.0787037037037037
0 0.33619791666666665 0.8453703703703703 0.04114583333333333 0.08148148148148149