0 0.4426197916666667 0.9381203703703704 0.0453125 0.06944444444444445
0 0.41432291666666665 0.1337962962962963 0.04635416666666667 0.08796296296296297
0 0.5541666666666667 0.1638888888888889 0.05520833333333333 0.09259259259259259
8 0.31640625 0.28935185185185186 0.0421875 0.07685185185185185
2 0.4236979166666667 0.030555555555555555 0.0421875 0.06111111111111111
0 0.75078125 0.3490740740740741 0.05677083333333333 0.09259259259259259
2 0.8231770833333333 0.4185185185185185 0.05572916666666667 0.08703703703703704
2 0.7565104166666666 0.425462962962963 0.043229166666666666 0.0787037037037037
7 0.5940104166666667 0.4583333333333333 0.0390625 0.06666666666666667
7 0.6778645833333333 0.4739166666666666 0.0421875 0.06944444444444445
8 0.5654479166666667 0.4946018518518518 0.041666666666666664 0.075
1 0.8033854166666666 0.5083333333333333 0.043229166666666666 0.08148148148148149
1 0.7708333333333334 0.55 0.03854166666666667 0.07222222222222222
7 0.30520833333333336 0.5546296296296296 0.046875 0.08148148148148149
2 0.3933177083333333 0.05910185185185185 0.03697916666666667 0.06944444444444445
2 0.7572916666666667 0.6162037037037037 0.04479166666666667 0.06388888888888888
1 0.2950520833333333 0.6916666666666667 0.0453125 0.07037037037037037
8 0.32369791666666664 0.7805555555555556 0.05260416666666667 0.1