2 0.5799479166666667 0.15046296296296297 0.0390625 0.062037037037037036
1 0.2953125 0.2884259259259259 0.04375 0.075
8 0.37395833333333334 0.32175925925925924 0.040625 0.075
8 0.4901041666666667 0.35138888888888886 0.0375 0.075
0 0.3125 0.3837962962962963 0.040625 0.075
2 0.5872395833333334 0.38425925925925924 0.0640625 0.10185185185185185
8 0.3489583333333333 0.40046296296296297 0.035416666666666666 0.06574074074074074
7 0.73828125 0.47175925925925927 0.043229166666666666 0.06574074074074074
0 0.4375 0.5430555555555555 0.05 0.09351851851851851
2 0.5924479166666666 0.549537037037037 0.05364583333333333 0.08796296296296297
7 0.32760416666666664 0.6712962962962963 0.0375 0.06296296296296296
0 0.6612708333333334 0.7083333333333334 0.0390625 0.06666666666666667
0 0.3736979166666667 0.7171296296296297 0.06822916666666666 0.10833333333333334