7 0.72734375 0.9296296296296296 0.03697916666666667 0.09259259259259259
0 0.77578125 0.9398148148148148 0.050520833333333334 0.09074074074074075
2 0.6122395833333333 0.9472222222222222 0.0421875 0.08333333333333333
4 0.3380208333333333 0.9541666666666667 0.052083333333333336 0.08981481481481482
8 0.38776041666666666 0.9555555555555556 0.049479166666666664 0.07037037037037037
0 0.6479166666666667 0.9560185185185185 0.059375 0.08611111111111111
4 0.51328125 0.9583333333333334 0.0453125 0.06851851851851852
0 0.43854166666666666 0.9634259259259259 0.04895833333333333 0.0712962962962963
4 0.8432291666666667 0.9773148148148149 0.05 0.04351851851851852
5 0.2669270833333333 0.2074074074074074 0.05572916666666667 0.08888888888888889
6 0.5127604166666667 0.29444444444444445 0.0640625 0.11851851851851852
7 0.5804739583333334 0.2953703703703704 0.04739583333333333 0.08703703703703704
5 0.46848958333333335 0.3 0.04010416666666667 0.07407407407407407
2 0.40703125 0.30925925925925923 0.058854166666666666 0.11481481481481481
7 0.34609375 0.31296296296296294 0.05572916666666667 0.1111111111111111
4 0.71171875 0.34444444444444444 0.04739583333333333 0.0962962962962963
2 0.29921875 0.3638888888888889 0.04114583333333333 0.07592592592592592
0 0.4466145833333333 0.36944444444444446 0.05572916666666667 0.09074074074074075
8 0.5596354166666667 0.3712962962962963 0.049479166666666664 0.08333333333333333
2 0.19088541666666667 0.37222222222222223 0.04739583333333333 0.07777777777777778
8 0.26223958333333336 0.3925925925925926 0.04010416666666667 0.08518518518518518
1 0.77578125 0.4083333333333333 0.050520833333333334 0.06851851851851852
2 0.36692708333333335 0.4324074074074074 0.0390625 0.07592592592592592
2 0.43411458333333336 0.4324074074074074 0.03802083333333333 0.06851851851851852
7 0.8190104166666666 0.4425925925925926 0.05364583333333333 0.1037037037037037
1 0.4700520833333333 0.4425925925925926 0.043229166666666666 0.07407407407407407
1 0.7377604166666667 0.45092592592592595 0.049479166666666664 0.07592592592592592
7 0.20286458333333332 0.45185185185185184 0.058854166666666666 0.07407407407407407
6 0.60546875 0.4564814814814815 0.06614583333333333 0.12037037037037036
4 0.34713541666666664 0.4703703703703704 0.0453125 0.07037037037037037
4 0.7783854166666667 0.4935185185185185 0.04114583333333333 0.06851851851851852
0 0.42578125 0.4935185185185185 0.0421875 0.07592592592592592
6 0.7190104166666667 0.49722222222222223 0.0265625 0.06111111111111111
2 0.3919270833333333 0.5111111111111111 0.030729166666666665 0.05185185185185185
4 0.7486979166666666 0.5212962962962963 0.03802083333333333 0.06851851851851852
4 0.3190104166666667 0.5287037037037037 0.05364583333333333 0.09444444444444444
8 0.36276041666666664 0.5324074074074074 0.043229166666666666 0.08333333333333333
0 0.5294270833333333 0.5462962962962963 0.05572916666666667 0.1111111111111111
8 0.59765625 0.5601851851851852 0.05260416666666667 0.09814814814814815
6 0.72109375 0.5601851851851852 0.0390625 0.07962962962962963
0 0.23984375 0.5685185185185185 0.08385416666666666 0.11481481481481481
1 0.4119791666666667 0.5768518518518518 0.05625 0.09814814814814815
4 0.3455729166666667 0.5851851851851851 0.0484375 0.06666666666666667
2 0.3028645833333333 0.6027777777777777 0.04635416666666667 0.07222222222222222
5 0.34140625 0.6435185185185185 0.04114583333333333 0.08333333333333333
4 0.49713541666666666 0.6555555555555556 0.0453125 0.07407407407407407
4 0.84296875 0.6574074074074074 0.0390625 0.06666666666666667
0 0.59609375 0.6592592592592592 0.059895833333333336 0.11481481481481481
2 0.72109375 0.6657407407407407 0.05572916666666667 0.07962962962962963
4 0.31015625 0.6759259259259259 0.05677083333333333 0.0962962962962963
6 0.5528645833333333 0.7083333333333334 0.0484375 0.09814814814814815
4 0.8346354166666666 0.7092592592592593 0.043229166666666666 0.07037037037037037
1 0.49713541666666666 0.7231481481481481 0.04114583333333333 0.07592592592592592
6 0.44036458333333334 0.7314814814814815 0.0484375 0.08518518518518518
8 0.40130208333333334 0.7490740740740741 0.043229166666666666 0.08333333333333333
0 0.7356770833333334 0.7527777777777778 0.049479166666666664 0.07962962962962963
4 0.79765625 0.7685185185185185 0.050520833333333334 0.10740740740740741
6 0.6138020833333333 0.7703703703703704 0.04635416666666667 0.0962962962962963
7 0.40546875 0.8185185185185185 0.0390625 0.07407407407407407
0 0.45338541666666665 0.8185185185185185 0.0515625 0.0962962962962963
4 0.57109375 0.8240740740740741 0.03177083333333333 0.07037037037037037
8 0.74609375 0.8268518518518518 0.049479166666666664 0.09814814814814815
8 0.7424479166666667 0.8324074074074074 0.050520833333333334 0.07222222222222222
4 0.83515625 0.8342592592592593 0.0390625 0.10185185185185185
6 0.5013020833333334 0.8518518518518519 0.0453125 0.09259259259259259
4 0.6216145833333333 0.8629629629629629 0.0453125 0.08148148148148149
4 0.7888020833333333 0.8657407407407407 0.0578125 0.09444444444444444
0 0.37161458333333336 0.8703703703703703 0.058854166666666666 0.0962962962962963
7 0.65390625 0.8833333333333333 0.033854166666666664 0.08518518518518518
6 0.54453125 0.8935185185185185 0.0421875 0.08333333333333333
1 0.5888020833333333 0.8981481481481481 0.0390625 0.07037037037037037
8 0.69296875 0.8981481481481481 0.043229166666666666 0.1
2 0.8221354166666667 0.9194444444444444 0.04739583333333333 0.06481481481481481