0 0.6317708333333333 0.950925925925926 0.06041666666666667 0.0962962962962963
2 0.19505208333333332 0.41203703703703703 0.04739583333333333 0.09259259259259259
8 0.5794270833333334 0.4828703703703704 0.04739583333333333 0.09351851851851851
1 0.5489583333333333 0.5481481481481482 0.04479166666666667 0.07222222222222222
0 0.6033854166666667 0.5740740740740741 0.04114583333333333 0.07962962962962963
7 0.7377604166666667 0.5944444444444444 0.04739583333333333 0.08333333333333333
6 0.78203125 0.6513888888888889 0.033854166666666664 0.06018518518518518
6 0.65859375 0.7287037037037037 0.0640625 0.11481481481481481
7 0.2921875 0.787962962962963 0.04791666666666667 0.08888888888888889
2 0.6731770833333334 0.825925925925926 0.043229166666666666 0.07222222222222222
8 0.36796875 0.8875 0.04114583333333333 0.09166666666666666
6 0.5003489583333334 0.9030925925925928 0.06770833333333333 0.11666666666666667
0 0.40729166666666666 0.9209999999999998 0.042708333333333334 0.07592592592592592