1 0.4231770833333333 0.17685185185185184 0.03697916666666667 0.06851851851851852
5 0.7799479166666666 0.2657407407407407 0.0421875 0.07592592592592592
6 0.41953125 0.28888888888888886 0.05260416666666667 0.08518518518518518
2 0.6169270833333333 0.33240740740740743 0.0515625 0.09814814814814815
6 0.6747395833333333 0.3592592592592593 0.04635416666666667 0.08518518518518518
2 0.43723958333333335 0.42314814814814816 0.04635416666666667 0.08333333333333333
0 0.24036458333333333 0.44074074074074077 0.03802083333333333 0.05925925925925926
7 0.7440104166666667 0.5509259259259259 0.04114583333333333 0.06851851851851852
4 0.26223958333333336 0.6092592592592593 0.0484375 0.07037037037037037
8 0.6825520833333333 0.6222222222222222 0.043229166666666666 0.07407407407407407
8 0.19921875 0.7046296296296296 0.0390625 0.07962962962962963
2 0.44869791666666664 0.787962962962963 0.05260416666666667 0.09814814814814815
2 0.24661458333333333 0.8 0.04010416666666667 0.07037037037037037