0 0.7716145833333333 0.18472222222222223 0.06302083333333333 0.10462962962962963
0 0.6364583333333333 0.24259259259259258 0.03958333333333333 0.07222222222222222
4 0.7213541666666666 0.275 0.04479166666666667 0.07407407407407407
2 0.2559895833333333 0.2865740740740741 0.04114583333333333 0.06759259259259259
0 0.44088541666666664 0.3175925925925926 0.0359375 0.06481481481481481
2 0.32708333333333334 0.3560185185185185 0.04375 0.0787037037037037
2 0.42864583333333334 0.37592592592592594 0.040625 0.07037037037037037
4 0.6953125 0.3925925925925926 0.03958333333333333 0.07222222222222222
4 0.7393229166666667 0.4310185185185185 0.050520833333333334 0.075
7 0.6278645833333333 0.4532407407407407 0.04010416666666667 0.0787037037037037
8 0.3184895833333333 0.46574074074074073 0.0515625 0.09259259259259259
6 0.6739583333333333 0.5231481481481481 0.05416666666666667 0.08333333333333333
0 0.3966145833333333 0.5504629629629629 0.04739583333333333 0.08611111111111111
4 0.71875 0.5583333333333333 0.04479166666666667 0.07407407407407407
1 0.54140625 0.5652777777777778 0.0578125 0.08796296296296297
8 0.2546875 0.07453703703703704 0.05 0.08796296296296297