0 0.6041666666666666 0.9476851851851852 0.071875 0.10277777777777777
7 0.3736979166666667 0.0962962962962963 0.04010416666666667 0.08148148148148149
0 0.4583333333333333 0.9708333333333333 0.053125 0.05648148148148148
7 0.4041666666666667 0.9763888888888889 0.03854166666666667 0.04537037037037037
4 0.40182291666666664 0.12037037037037036 0.05364583333333333 0.09259259259259259
4 0.20130208333333333 0.12222222222222222 0.0453125 0.07777777777777778
0 0.31223958333333335 0.13333333333333333 0.059895833333333336 0.08518518518518518
6 0.23932291666666666 0.15 0.0515625 0.0962962962962963
5 0.2752604166666667 0.18611111111111112 0.04635416666666667 0.07222222222222222
7 0.31223958333333335 0.19537037037037036 0.03177083333333333 0.05
0 0.6158854166666666 0.20185185185185187 0.0453125 0.07037037037037037
6 0.8242239583333333 0.2101851851851852 0.0328125 0.09074074074074075
2 0.5143229166666666 0.2111111111111111 0.05260416666666667 0.09259259259259259
7 0.40859375 0.2388888888888889 0.05572916666666667 0.1
0 0.22838541666666667 0.24074074074074073 0.06197916666666667 0.08888888888888889
7 0.44088541666666664 0.24537037037037038 0.0421875 0.06851851851851852
2 0.3299479166666667 0.26851851851851855 0.0421875 0.06666666666666667
8 0.60234375 0.2814814814814815 0.06510416666666667 0.1037037037037037
7 0.27786458333333336 0.02962962962962963 0.0390625 0.05925925925925926
0 0.74609375 0.3111111111111111 0.0515625 0.09259259259259259
1 0.4596354166666667 0.3287037037037037 0.050520833333333334 0.06111111111111111
4 0.6903645833333333 0.3398148148148148 0.0421875 0.09444444444444444
2 0.39140625 0.35462962962962963 0.049479166666666664 0.09074074074074075
2 0.32838541666666665 0.36203703703703705 0.06822916666666666 0.12037037037037036
0 0.2721354166666667 0.36666666666666664 0.044270833333333336 0.05925925925925926
2 0.19401041666666666 0.3972222222222222 0.049479166666666664 0.07592592592592592
7 0.7596354166666667 0.4 0.0515625 0.1037037037037037
7 0.43307291666666664 0.4101851851851852 0.0421875 0.09444444444444444
8 0.3533854166666667 0.43425925925925923 0.044270833333333336 0.06111111111111111
2 0.26953125 0.4444444444444444 0.0390625 0.06296296296296296
0 0.24192708333333332 0.462037037037037 0.0390625 0.05740740740740741
8 0.19765625 0.4685185185185185 0.05364583333333333 0.08518518518518518
2 0.58984375 0.4722222222222222 0.034895833333333334 0.06296296296296296
8 0.31276041666666665 0.48148148148148145 0.05260416666666667 0.1
1 0.36380208333333336 0.4842592592592593 0.03802083333333333 0.07222222222222222
0 0.78984375 0.49166666666666664 0.05572916666666667 0.09444444444444444
2 0.2559895833333333 0.5231481481481481 0.043229166666666666 0.07222222222222222
4 0.6559895833333333 0.5361111111111111 0.05364583333333333 0.08333333333333333
4 0.22109375 0.537962962962963 0.04114583333333333 0.07222222222222222
4 0.18723958333333332 0.5537037037037037 0.033854166666666664 0.05925925925925926
4 0.25494791666666666 0.5842592592592593 0.0421875 0.07222222222222222
4 0.7966145833333333 0.5851851851851851 0.06614583333333333 0.09259259259259259
6 0.43046875 0.5962962962962963 0.07239583333333334 0.0962962962962963
6 0.22109375 0.6064814814814815 0.0390625 0.07222222222222222
2 0.18671875 0.6074074074074074 0.0421875 0.05185185185185185
4 0.2872395833333333 0.6203703703703703 0.04739583333333333 0.07777777777777778
4 0.5971354166666667 0.6333333333333333 0.04114583333333333 0.08148148148148149
6 0.24036458333333333 0.674074074074074 0.0578125 0.07037037037037037
2 0.19244791666666666 0.6805555555555556 0.05572916666666667 0.09444444444444444
4 0.3893229166666667 0.6833333333333333 0.04635416666666667 0.07407407407407407
0 0.6955729166666667 0.6944444444444444 0.08385416666666666 0.14074074074074075
0 0.801828125 0.7027777777777777 0.0546875 0.10925925925925926
0 0.47942708333333334 0.75 0.06197916666666667 0.10740740740740741
7 0.3294270833333333 0.7509259259259259 0.0390625 0.07962962962962963
7 0.23567708333333334 0.7527777777777778 0.04739583333333333 0.07222222222222222
0 0.18932291666666667 0.7935185185185185 0.04739583333333333 0.07592592592592592
8 0.18671875 0.8703703703703703 0.04635416666666667 0.07407407407407407
0 0.4080729166666667 0.9185185185185185 0.04635416666666667 0.06666666666666667