4 0.6674479166666667 0.9555555555555556 0.044270833333333336 0.07777777777777778
2 0.2109375 0.9652777777777778 0.04583333333333333 0.06759259259259259
5 0.79140625 0.09722222222222222 0.0546875 0.09074074074074075
4 0.73671875 0.10555555555555556 0.0515625 0.08518518518518518
0 0.4231770833333333 0.10833333333333334 0.04739583333333333 0.09444444444444444
4 0.64296875 0.15185185185185185 0.0390625 0.06296296296296296
0 0.3419270833333333 0.17685185185185184 0.0390625 0.06851851851851852
6 0.7841145833333333 0.17962962962962964 0.050520833333333334 0.08518518518518518
5 0.7119791666666667 0.19444444444444445 0.05 0.09259259259259259
0 0.54453125 0.20185185185185187 0.058854166666666666 0.1037037037037037
0 0.6138020833333333 0.20277777777777778 0.03697916666666667 0.07222222222222222
4 0.38203125 0.2074074074074074 0.03802083333333333 0.08148148148148149
0 0.83046875 0.20833333333333334 0.043229166666666666 0.07222222222222222
4 0.48046875 0.2111111111111111 0.0390625 0.07037037037037037
1 0.5846354166666666 0.24074074074074073 0.03697916666666667 0.06666666666666667
6 0.66328125 0.24444444444444444 0.0609375 0.10740740740740741
1 0.7924479166666667 0.25 0.03802083333333333 0.07777777777777778
8 0.45078125 0.26481481481481484 0.03802083333333333 0.06666666666666667
5 0.71484375 0.28888888888888886 0.05364583333333333 0.09259259259259259
0 0.5049479166666667 0.2898148148148148 0.0359375 0.07592592592592592
0 0.8205729166666667 0.30648148148148147 0.0546875 0.09074074074074075
8 0.22734375 0.325 0.043229166666666666 0.06481481481481481
4 0.3528645833333333 0.337037037037037 0.0421875 0.06666666666666667
0 0.25546875 0.3611111111111111 0.0515625 0.08888888888888889
0 0.3111979166666667 0.3731481481481482 0.0421875 0.07222222222222222
0 0.50234375 0.39814814814814814 0.04114583333333333 0.07037037037037037
0 0.36692708333333335 0.40925925925925927 0.0515625 0.08888888888888889
7 0.3221354166666667 0.4388888888888889 0.0484375 0.08148148148148149
8 0.27578125 0.4537037037037037 0.059895833333333336 0.08148148148148149
0 0.38255208333333335 0.49444444444444446 0.03697916666666667 0.06666666666666667
1 0.54921875 0.5046296296296297 0.04114583333333333 0.06481481481481481
4 0.58671875 0.5166666666666667 0.0390625 0.07037037037037037
6 0.33671875 0.5175925925925926 0.0484375 0.07962962962962963
0 0.27630208333333334 0.5435185185185185 0.0640625 0.11296296296296296
6 0.5143229166666666 0.5694444444444444 0.05677083333333333 0.11666666666666667
4 0.22317708333333333 0.5833333333333334 0.04114583333333333 0.06666666666666667
0 0.30703125 0.6064814814814815 0.04010416666666667 0.07222222222222222
0 0.36432291666666666 0.6185185185185185 0.05260416666666667 0.08888888888888889
5 0.6122395833333333 0.6194444444444445 0.03802083333333333 0.06481481481481481
7 0.24192708333333332 0.6564814814814814 0.0515625 0.09444444444444444
7 0.5825520833333333 0.6611111111111111 0.04114583333333333 0.07407407407407407
0 0.6830729166666667 0.6648148148148149 0.0421875 0.07407407407407407
0 0.5361979166666667 0.6787037037037037 0.0484375 0.09444444444444444
6 0.19505208333333332 0.6833333333333333 0.05364583333333333 0.08888888888888889
7 0.60546875 0.7083333333333334 0.034895833333333334 0.06481481481481481
5 0.7361979166666667 0.7129629629629629 0.04114583333333333 0.07037037037037037
8 0.29713541666666665 0.7148148148148148 0.0453125 0.07037037037037037
4 0.83359375 0.7157407407407408 0.0390625 0.07962962962962963
5 0.46067708333333335 0.7333333333333333 0.0453125 0.07407407407407407
4 0.5018229166666667 0.7342592592592593 0.050520833333333334 0.08703703703703704
4 0.6606770833333333 0.7361111111111112 0.0390625 0.08333333333333333
4 0.78984375 0.7407407407407407 0.0390625 0.07037037037037037
5 0.6997395833333333 0.7574074074074074 0.050520833333333334 0.1
5 0.19348958333333333 0.7638888888888888 0.03802083333333333 0.07592592592592592
7 0.23307291666666666 0.7712962962962963 0.0421875 0.07222222222222222
4 0.7653645833333333 0.7824074074074074 0.0421875 0.07222222222222222
4 0.48203125 0.7916666666666666 0.0421875 0.06851851851851852
8 0.43125 0.8194444444444444 0.036458333333333336 0.06481481481481481
7 0.80703125 0.8222222222222222 0.03802083333333333 0.07407407407407407
4 0.25807291666666665 0.8314814814814815 0.03802083333333333 0.06666666666666667
6 0.18880208333333334 0.8472222222222222 0.0453125 0.06851851851851852
0 0.31744791666666666 0.8472222222222222 0.050520833333333334 0.09444444444444444
5 0.6778645833333333 0.8481481481481481 0.0671875 0.1111111111111111
5 0.48046875 0.8546296296296296 0.03697916666666667 0.05740740740740741
5 0.62578125 0.8648148148148148 0.04010416666666667 0.07037037037037037
5 0.37421875 0.8759259259259259 0.0640625 0.11851851851851852