2 0.3640625 0.16620370370370371 0.05416666666666667 0.08611111111111111
2 0.6223958333333334 0.1763888888888889 0.035416666666666666 0.06944444444444445
4 0.64296875 0.2662037037037037 0.0484375 0.0787037037037037
0 0.7221354166666667 0.4337962962962963 0.0671875 0.11388888888888889
4 0.2890625 0.4671296296296296 0.05520833333333333 0.09166666666666666
5 0.7080729166666667 0.5458333333333333 0.05364583333333333 0.09166666666666666
7 0.37734375 0.5472222222222223 0.04010416666666667 0.07222222222222222
0 0.50078125 0.5856481481481481 0.05364583333333333 0.09722222222222222
8 0.6330729166666667 0.6226851851851852 0.03697916666666667 0.06944444444444445
7 0.6778645833333333 0.6361111111111111 0.0359375 0.06296296296296296
0 0.7157083333333333 0.6449074074074074 0.03802083333333333 0.07314814814814814
2 0.38671875 0.6972222222222222 0.0421875 0.07037037037037037
0 0.6497395833333334 0.7462962962962963 0.043229166666666666 0.08148148148148149
1 0.6953125 0.7870370370370371 0.04479166666666667 0.07962962962962963
2 0.6552083333333333 0.8888888888888888 0.04479166666666667 0.07962962962962963