7 0.44947916666666665 0.35555555555555557 0.040625 0.07222222222222222
0 0.6653645833333334 0.39305555555555555 0.05260416666666667 0.09722222222222222
0 0.34869791666666666 0.5842592592592593 0.03697916666666667 0.07037037037037037
0 0.2815989583333333 0.6334907407407407 0.03854166666666667 0.06018518518518518
0 0.38567708333333334 0.6398148148148148 0.0515625 0.08148148148148149
7 0.318578125 0.6611111111111111 0.040625 0.07222222222222222
2 0.5953125 0.6694444444444444 0.03854166666666667 0.07962962962962963
0 0.46458333333333335 0.7125 0.05 0.08611111111111111
7 0.28567708333333336 0.725462962962963 0.043229166666666666 0.075
7 0.32005208333333335 0.7689814814814815 0.05260416666666667 0.08796296296296297
2 0.2591145833333333 0.8356481481481481 0.0421875 0.0787037037037037