4 0.5122395833333333 0.11018518518518519 0.0390625 0.07222222222222222
7 0.4674479166666667 0.11481481481481481 0.0515625 0.1
2 0.28984375 0.12222222222222222 0.0484375 0.08518518518518518
2 0.4466145833333333 0.16666666666666666 0.03697916666666667 0.07037037037037037
4 0.332546875 0.18333333333333332 0.0421875 0.07407407407407407
4 0.4153645833333333 0.20185185185185187 0.04114583333333333 0.07037037037037037
8 0.5606770833333333 0.2111111111111111 0.050520833333333334 0.08888888888888889
2 0.4903645833333333 0.2111111111111111 0.0640625 0.11481481481481481
4 0.38359375 0.23981481481481481 0.0421875 0.06851851851851852
0 0.7450520833333333 0.24537037037037038 0.05260416666666667 0.09814814814814815
5 0.28932291666666665 0.2462962962962963 0.0515625 0.08888888888888889
0 0.6638020833333333 0.2611111111111111 0.0546875 0.08888888888888889
6 0.6127604166666667 0.2638888888888889 0.04635416666666667 0.09074074074074075
2 0.44869791666666664 0.28055555555555556 0.043229166666666666 0.07592592592592592
4 0.55859375 0.32407407407407407 0.03802083333333333 0.07407407407407407
8 0.68828125 0.325 0.0453125 0.07962962962962963
5 0.79453125 0.32685185185185184 0.06197916666666667 0.10555555555555556
2 0.59140625 0.33796296296296297 0.0390625 0.06851851851851852
7 0.6252604166666667 0.35648148148148145 0.04010416666666667 0.06851851851851852
4 0.22838541666666667 0.3962962962962963 0.044270833333333336 0.07777777777777778
2 0.5940104166666667 0.3990740740740741 0.03802083333333333 0.06851851851851852
1 0.6518229166666667 0.40370370370370373 0.049479166666666664 0.08518518518518518
0 0.7528645833333333 0.4064814814814815 0.06302083333333333 0.10555555555555556
0 0.44869791666666664 0.44074074074074077 0.04739583333333333 0.0962962962962963
4 0.63203125 0.462037037037037 0.03697916666666667 0.07222222222222222
6 0.5658854166666667 0.47129629629629627 0.06302083333333333 0.11296296296296296
2 0.22317708333333333 0.4787037037037037 0.044270833333333336 0.08333333333333333
6 0.39609375 0.5 0.06302083333333333 0.11481481481481481
8 0.60703125 0.5064814814814815 0.034895833333333334 0.053703703703703705
6 0.7388020833333333 0.5083333333333333 0.05572916666666667 0.09074074074074075
6 0.6403645833333333 0.5537037037037037 0.05364583333333333 0.09259259259259259
4 0.42473958333333334 0.5916666666666667 0.0390625 0.07222222222222222
8 0.5955729166666667 0.5990740740740741 0.05260416666666667 0.09814814814814815
7 0.34817708333333336 0.6462962962962963 0.04010416666666667 0.07037037037037037
7 0.3893229166666667 0.6759259259259259 0.03697916666666667 0.07037037037037037
6 0.8033854166666666 0.6851851851851852 0.050520833333333334 0.08518518518518518
0 0.52578125 0.7092592592592593 0.0390625 0.06666666666666667
4 0.71796875 0.7138888888888889 0.03802083333333333 0.06851851851851852
0 0.4591145833333333 0.725925925925926 0.049479166666666664 0.09259259259259259
4 0.42734375 0.075 0.0421875 0.07222222222222222
1 0.8065104166666667 0.7787037037037037 0.044270833333333336 0.07222222222222222
6 0.7643229166666666 0.7824074074074074 0.043229166666666666 0.07962962962962963
4 0.43723958333333335 0.8 0.0390625 0.07037037037037037
0 0.6919270833333333 0.8027777777777778 0.0421875 0.07592592592592592
6 0.29140625 0.8416666666666667 0.05364583333333333 0.10185185185185185
2 0.4700520833333333 0.875 0.05260416666666667 0.10185185185185185
6 0.3770833333333333 0.09166666666666666 0.04895833333333333 0.09444444444444444