7 0.22421875 0.9324074074074075 0.0546875 0.07592592592592592
0 0.6302083333333334 0.9476851851851852 0.06979166666666667 0.10277777777777777
4 0.2015625 0.9652777777777778 0.04583333333333333 0.06759259259259259
0 0.253125 0.9652777777777778 0.053125 0.06759259259259259
0 0.7729166666666667 0.9699074074074074 0.06354166666666666 0.058333333333333334
4 0.6739583333333333 0.9726851851851852 0.04583333333333333 0.05277777777777778
4 0.6955729166666667 0.1574074074074074 0.04635416666666667 0.06666666666666667
2 0.42682291666666666 0.17037037037037037 0.0421875 0.06666666666666667
8 0.34088541666666666 0.21481481481481482 0.03697916666666667 0.07037037037037037
4 0.6950520833333333 0.21851851851851853 0.044270833333333336 0.08148148148148149
0 0.4153645833333333 0.23796296296296296 0.05260416666666667 0.09444444444444444
1 0.37578125 0.2601851851851852 0.03802083333333333 0.06851851851851852
4 0.50859375 0.2601851851851852 0.04739583333333333 0.07592592592592592
4 0.7440104166666667 0.287962962962963 0.044270833333333336 0.06111111111111111
4 0.69609375 0.30277777777777776 0.03697916666666667 0.046296296296296294
7 0.29348958333333336 0.33055555555555555 0.04739583333333333 0.07962962962962963
2 0.3763020833333333 0.34074074074074073 0.043229166666666666 0.07407407407407407
4 0.83359375 0.3425925925925926 0.03697916666666667 0.05555555555555555
6 0.4393229166666667 0.35 0.049479166666666664 0.0962962962962963
4 0.5419270833333333 0.3537037037037037 0.04114583333333333 0.07037037037037037
8 0.33671875 0.35462962962962963 0.043229166666666666 0.07222222222222222
6 0.7096354166666666 0.36944444444444446 0.06302083333333333 0.11666666666666667
1 0.6059895833333333 0.375 0.04635416666666667 0.06111111111111111
0 0.40130208333333334 0.39814814814814814 0.0453125 0.06296296296296296
1 0.79453125 0.412962962962963 0.044270833333333336 0.07407407407407407
0 0.28151041666666665 0.4185185185185185 0.05572916666666667 0.08888888888888889
5 0.32890625 0.42407407407407405 0.0421875 0.07037037037037037
4 0.8325520833333333 0.4287037037037037 0.044270833333333336 0.09444444444444444
4 0.61015625 0.44074074074074077 0.0484375 0.07037037037037037
2 0.7559895833333333 0.46296296296296297 0.07135416666666666 0.0962962962962963
0 0.43723958333333335 0.4666666666666667 0.0421875 0.06666666666666667
4 0.20703125 0.4722222222222222 0.04010416666666667 0.05925925925925926
2 0.30078125 0.48333333333333334 0.04739583333333333 0.07407407407407407
4 0.33671875 0.5064814814814815 0.0421875 0.06111111111111111
6 0.42526041666666664 0.5148148148148148 0.034895833333333334 0.05555555555555555
1 0.23203125 0.5194444444444445 0.044270833333333336 0.06481481481481481
0 0.5919270833333333 0.5305555555555556 0.043229166666666666 0.07962962962962963
0 0.26484375 0.537962962962963 0.04114583333333333 0.06481481481481481
7 0.6388020833333333 0.5444444444444444 0.034895833333333334 0.05925925925925926
0 0.36484375 0.5462962962962963 0.0453125 0.08518518518518518
8 0.2981770833333333 0.5574074074074075 0.03802083333333333 0.07037037037037037
2 0.18984375 0.5592592592592592 0.043229166666666666 0.06666666666666667
2 0.4002604166666667 0.5611111111111111 0.030729166666666665 0.06296296296296296
7 0.6575520833333334 0.5805555555555556 0.03177083333333333 0.046296296296296294
1 0.4596354166666667 0.5990740740740741 0.043229166666666666 0.06851851851851852
4 0.5028645833333333 0.5990740740740741 0.044270833333333336 0.07592592592592592
6 0.73046875 0.6027777777777777 0.06302083333333333 0.11296296296296296
2 0.23255208333333333 0.6027777777777777 0.05677083333333333 0.09814814814814815
0 0.5627604166666667 0.6157407407407407 0.033854166666666664 0.07962962962962963
4 0.34453125 0.6555555555555556 0.0484375 0.08888888888888889
6 0.19557291666666668 0.6861111111111111 0.04635416666666667 0.09074074074074075
8 0.24088541666666666 0.687962962962963 0.043229166666666666 0.07222222222222222
0 0.31171875 0.7425925925925926 0.0546875 0.1037037037037037
0 0.26067708333333334 0.7435185185185185 0.0515625 0.10185185185185185
7 0.3690104166666667 0.7574074074074074 0.0453125 0.07037037037037037
2 0.19401041666666666 0.7694444444444445 0.0484375 0.08333333333333333
0 0.41796875 0.7722222222222223 0.0546875 0.0962962962962963
0 0.7143229166666667 0.7796296296296297 0.06302083333333333 0.10740740740740741
4 0.6544270833333333 0.7824074074074074 0.04010416666666667 0.07592592592592592
6 0.5065104166666666 0.7861111111111111 0.04114583333333333 0.07222222222222222
7 0.22578125 0.8185185185185185 0.04739583333333333 0.07407407407407407
2 0.18671875 0.8574074074074074 0.0390625 0.05185185185185185
2 0.6950520833333333 0.8685185185185185 0.04739583333333333 0.07407407407407407
4 0.7611979166666667 0.8962962962962963 0.05677083333333333 0.09259259259259259
2 0.18359375 0.9101851851851852 0.044270833333333336 0.06481481481481481
2 0.6783854166666666 0.9166666666666666 0.043229166666666666 0.06666666666666667