1 0.38359375 0.10740740740740741 0.04114583333333333 0.08148148148148149
6 0.22786458333333334 0.3787037037037037 0.0359375 0.053703703703703705
2 0.2721354166666667 0.4185185185185185 0.043229166666666666 0.07037037037037037
7 0.52109375 0.5111111111111111 0.0515625 0.09259259259259259
0 0.57109375 0.5296296296296297 0.05364583333333333 0.08518518518518518
8 0.32265625 0.6444444444444445 0.04635416666666667 0.07407407407407407
0 0.5596354166666667 0.6453703703703704 0.034895833333333334 0.06481481481481481
0 0.5106770833333333 0.6601851851851852 0.0515625 0.09074074074074075
6 0.5997395833333333 0.7398148148148148 0.058854166666666666 0.09444444444444444
4 0.49921875 0.7481481481481481 0.0453125 0.06666666666666667
4 0.45546875 0.925 0.0390625 0.07592592592592592