2 0.6854166666666667 0.15092592592592594 0.053125 0.08333333333333333
4 0.28984375 0.16435185185185186 0.04739583333333333 0.0787037037037037
7 0.49192708333333335 0.2962962962962963 0.04114583333333333 0.08333333333333333
0 0.6953125 0.30833333333333335 0.04375 0.07407407407407407
6 0.5833333333333334 0.38287037037037036 0.04895833333333333 0.08981481481481482
8 0.23229166666666667 0.3921296296296296 0.04479166666666667 0.0712962962962963
2 0.3494791666666667 0.4263888888888889 0.04479166666666667 0.0787037037037037
1 0.77109375 0.48009259259259257 0.0453125 0.0712962962962963
0 0.3455729166666667 0.575462962962963 0.04739583333333333 0.0712962962962963
0 0.4348958333333333 0.6416666666666667 0.03333333333333333 0.05555555555555555
2 0.35260416666666666 0.6949074074074074 0.04895833333333333 0.0787037037037037
8 0.7341145833333333 0.7027777777777777 0.0515625 0.08518518518518518
2 0.4588541666666667 0.7037037037037037 0.042708333333333334 0.07407407407407407
4 0.48333333333333334 0.7296296296296296 0.0375 0.07407407407407407
2 0.6549479166666666 0.7574074074074074 0.04114583333333333 0.06481481481481481
1 0.32760416666666664 0.7902777777777777 0.04479166666666667 0.08055555555555556
7 0.51875 0.8425925925925926 0.04791666666666667 0.08333333333333333
7 0.6971354166666667 0.8578703703703704 0.0453125 0.0712962962962963
1 0.71796875 0.9226851851851852 0.050520833333333334 0.08055555555555556