5 0.53359375 0.1175925925925926 0.058854166666666666 0.1111111111111111
2 0.5520833333333334 0.25046296296296294 0.040625 0.06574074074074074
4 0.5604166666666667 0.3143518518518518 0.029166666666666667 0.041666666666666664
4 0.6213541666666667 0.3333333333333333 0.03958333333333333 0.07037037037037037
6 0.3963541666666667 0.3351851851851852 0.059375 0.10925925925925926
7 0.5651041666666666 0.37037037037037035 0.03958333333333333 0.06481481481481481
4 0.6403645833333333 0.37592592592592594 0.0359375 0.053703703703703705
4 0.5421875 0.4199074074074074 0.04375 0.075
8 0.3140625 0.49074074074074076 0.0375 0.06851851851851852
0 0.5755208333333334 0.549537037037037 0.06041666666666667 0.10277777777777777
4 0.6411458333333333 0.5712962962962963 0.03854166666666667 0.06481481481481481
8 0.72109375 0.5833333333333334 0.03802083333333333 0.06111111111111111
6 0.2520833333333333 0.625462962962963 0.06458333333333334 0.11574074074074074
0 0.6658854166666667 0.6342592592592593 0.0421875 0.06481481481481481
4 0.40911458333333334 0.8078703703703703 0.03697916666666667 0.06944444444444445
4 0.28619791666666666 0.8407407407407408 0.05572916666666667 0.09814814814814815