4 0.20494791666666667 0.11296296296296296 0.043229166666666666 0.07777777777777778
2 0.4075520833333333 0.11481481481481481 0.0296875 0.05185185185185185
2 0.6830729166666667 0.16018518518518518 0.04114583333333333 0.06851851851851852
7 0.2716145833333333 0.17777777777777778 0.0390625 0.07777777777777778
0 0.6955729166666667 0.30925925925925923 0.04114583333333333 0.07407407407407407
0 0.21380208333333334 0.32685185185185184 0.04010416666666667 0.07962962962962963
8 0.2559895833333333 0.43703703703703706 0.04114583333333333 0.07037037037037037
2 0.6200520833333333 0.4703703703703704 0.04010416666666667 0.07407407407407407
0 0.7721354166666666 0.4787037037037037 0.044270833333333336 0.06851851851851852
2 0.30234375 0.4842592592592593 0.03802083333333333 0.06481481481481481
4 0.77265625 0.5805555555555556 0.0578125 0.09444444444444444
7 0.3736979166666667 0.06018518518518518 0.0390625 0.07222222222222222
6 0.49609375 0.6231481481481481 0.04635416666666667 0.08333333333333333
7 0.6622395833333333 0.6287037037037037 0.03697916666666667 0.06481481481481481
2 0.52890625 0.7361111111111112 0.03697916666666667 0.06851851851851852
4 0.56953125 0.7388888888888889 0.03697916666666667 0.07407407407407407
0 0.4591145833333333 0.7509259259259259 0.0390625 0.06111111111111111
1 0.44244791666666666 0.8203703703703704 0.0390625 0.07407407407407407
1 0.7658854166666667 0.9027777777777778 0.044270833333333336 0.07222222222222222