2 0.6200520833333333 0.125 0.0421875 0.07222222222222222
8 0.7622395833333333 0.17777777777777778 0.0515625 0.1037037037037037
7 0.3690104166666667 0.2824074074074074 0.0484375 0.08703703703703704
2 0.7986979166666667 0.28888888888888886 0.0390625 0.05925925925925926
7 0.77421875 0.3296296296296296 0.04010416666666667 0.07037037037037037
1 0.41432291666666665 0.3351851851851852 0.043229166666666666 0.07037037037037037
4 0.19557291666666668 0.33796296296296297 0.034895833333333334 0.05
2 0.57265625 0.35833333333333334 0.0453125 0.07222222222222222
2 0.20755208333333333 0.4759259259259259 0.0359375 0.07407407407407407
6 0.7325520833333333 0.49444444444444446 0.06302083333333333 0.1111111111111111
8 0.29713541666666665 0.5055555555555555 0.050520833333333334 0.09259259259259259
6 0.5549479166666667 0.5203703703703704 0.0640625 0.1037037037037037
0 0.5783854166666667 0.5953703703703703 0.04635416666666667 0.06481481481481481
2 0.64765625 0.5972222222222222 0.043229166666666666 0.06851851851851852
7 0.4200520833333333 0.6231481481481481 0.0484375 0.09074074074074075
1 0.36484375 0.6361111111111111 0.0421875 0.06851851851851852
7 0.3372395833333333 0.6861111111111111 0.0515625 0.08703703703703704
5 0.3888020833333333 0.7027777777777777 0.0671875 0.10555555555555556
0 0.4544270833333333 0.7046296296296296 0.04010416666666667 0.06851851851851852