0 0.17083333333333334 0.9550925925925926 0.059375 0.08796296296296297
2 0.6942708333333333 0.9606481481481481 0.041666666666666664 0.07685185185185185
4 0.6002604166666666 0.11203703703703703 0.044270833333333336 0.07962962962962963
4 0.7955729166666666 0.12129629629629629 0.04114583333333333 0.06481481481481481
0 0.6924479166666667 0.1398148148148148 0.049479166666666664 0.09074074074074075
6 0.7596354166666667 0.1527777777777778 0.050520833333333334 0.09074074074074075
5 0.72421875 0.19444444444444445 0.0421875 0.06666666666666667
6 0.17421875 0.21481481481481482 0.033854166666666664 0.06666666666666667
2 0.48359375 0.21481481481481482 0.05677083333333333 0.1
0 0.38671875 0.21574074074074073 0.03177083333333333 0.06851851851851852
0 0.7721354166666666 0.2388888888888889 0.050520833333333334 0.08518518518518518
7 0.58984375 0.24351851851851852 0.044270833333333336 0.10555555555555556
7 0.5559895833333334 0.24537037037037038 0.03177083333333333 0.06851851851851852
0 0.25338541666666664 0.31203703703703706 0.050520833333333334 0.09074074074074075
7 0.24348958333333334 0.40370370370370373 0.0515625 0.08888888888888889
2 0.8065104166666667 0.4046296296296296 0.0421875 0.07222222222222222
4 0.40546875 0.4064814814814815 0.044270833333333336 0.07962962962962963
0 0.72109375 0.4203703703703704 0.04114583333333333 0.05185185185185185
0 0.26796875 0.48055555555555557 0.0484375 0.09444444444444444
8 0.7908854166666667 0.49166666666666664 0.05677083333333333 0.09444444444444444
2 0.71328125 0.5277777777777778 0.0328125 0.05925925925925926
0 0.7455729166666667 0.5296296296296297 0.0453125 0.07037037037037037
1 0.6190104166666667 0.5388888888888889 0.04010416666666667 0.07037037037037037
7 0.6981770833333333 0.5666666666666667 0.027604166666666666 0.040740740740740744
4 0.76953125 0.5731481481481482 0.04739583333333333 0.06481481481481481
6 0.6731770833333334 0.05740740740740741 0.058854166666666666 0.1
4 0.23515625 0.575 0.05572916666666667 0.09444444444444444
0 0.40911458333333334 0.5888888888888889 0.05364583333333333 0.1111111111111111
0 0.2794270833333333 0.5972222222222222 0.04635416666666667 0.09074074074074075
0 0.3502604166666667 0.6 0.06197916666666667 0.1111111111111111
2 0.7408854166666666 0.6037037037037037 0.03802083333333333 0.07037037037037037
4 0.81640625 0.6157407407407407 0.0265625 0.06111111111111111
8 0.5919270833333333 0.6342592592592593 0.05260416666666667 0.07962962962962963
6 0.7721354166666666 0.6388888888888888 0.044270833333333336 0.07037037037037037
1 0.3106770833333333 0.6527777777777778 0.033854166666666664 0.07592592592592592
2 0.7169270833333333 0.6703703703703704 0.06510416666666667 0.1
2 0.81171875 0.674074074074074 0.03177083333333333 0.05925925925925926
2 0.66328125 0.6768518518518518 0.049479166666666664 0.08703703703703704
4 0.34869791666666666 0.6907407407407408 0.0453125 0.07777777777777778
8 0.6893229166666667 0.7361111111111112 0.0390625 0.06851851851851852
4 0.7361979166666667 0.7435185185185185 0.04739583333333333 0.06481481481481481
0 0.43046875 0.7537037037037037 0.0359375 0.07037037037037037
2 0.37109375 0.7666666666666667 0.0484375 0.09259259259259259
2 0.80234375 0.7694444444444445 0.05260416666666667 0.09074074074074075
7 0.30442708333333335 0.7722222222222223 0.0359375 0.07777777777777778
6 0.26328125 0.7787037037037037 0.05364583333333333 0.09444444444444444
2 0.55703125 0.787962962962963 0.03697916666666667 0.07962962962962963
8 0.59609375 0.7935185185185185 0.04010416666666667 0.06851851851851852
4 0.40286458333333336 0.8287037037037037 0.049479166666666664 0.09814814814814815
6 0.34296875 0.8314814814814815 0.0359375 0.07777777777777778
7 0.29609375 0.8481481481481481 0.03802083333333333 0.07777777777777778
7 0.44140625 0.850925925925926 0.034895833333333334 0.08703703703703704
5 0.2513020833333333 0.8685185185185185 0.0484375 0.1