0 0.7015625 0.9638888888888889 0.04895833333333333 0.07037037037037037
4 0.4440104166666667 0.1310185185185185 0.04739583333333333 0.08611111111111111
2 0.7489583333333333 0.22037037037037038 0.04479166666666667 0.08888888888888889
8 0.7890625 0.2611111111111111 0.04583333333333333 0.07222222222222222
0 0.22890625 0.26990740740740743 0.04114583333333333 0.06759259259259259
0 0.17890625 0.32407407407407407 0.0515625 0.10740740740740741
4 0.38828125 0.3439814814814815 0.0421875 0.07685185185185185
0 0.22265625 0.36157407407407405 0.0453125 0.06574074074074074
4 0.3770833333333333 0.43796296296296294 0.03854166666666667 0.07962962962962963
2 0.8067708333333333 0.5050925925925925 0.040625 0.06574074074074074
6 0.37421875 0.5106481481481482 0.05260416666666667 0.07685185185185185
7 0.41796875 0.5111111111111111 0.0421875 0.07222222222222222
2 0.6471354166666666 0.562037037037037 0.05364583333333333 0.08148148148148149
4 0.38567708333333334 0.6324074074074074 0.04010416666666667 0.08333333333333333
1 0.21822916666666667 0.7296296296296296 0.04895833333333333 0.08888888888888889
8 0.63359375 0.8726851851851852 0.06197916666666667 0.09351851851851851