4 0.33880208333333334 0.11666666666666667 0.050520833333333334 0.0962962962962963
4 0.29453125 0.20277777777777778 0.0359375 0.06481481481481481
0 0.8013020833333333 0.24814814814814815 0.044270833333333336 0.07777777777777778
0 0.34765625 0.2537037037037037 0.0390625 0.08518518518518518
7 0.31276041666666665 0.26296296296296295 0.033854166666666664 0.05925925925925926
4 0.41015625 0.26481481481481484 0.0515625 0.0962962962962963
1 0.2903645833333333 0.30648148148148147 0.043229166666666666 0.07962962962962963
7 0.45651041666666664 0.35462962962962963 0.0421875 0.06481481481481481
2 0.35182291666666665 0.42592592592592593 0.04114583333333333 0.07777777777777778
4 0.5778645833333333 0.46111111111111114 0.03697916666666667 0.06666666666666667
4 0.80078125 0.5101851851851852 0.043229166666666666 0.06851851851851852
2 0.6169270833333333 0.5277777777777778 0.03177083333333333 0.06296296296296296
0 0.40546875 0.5462962962962963 0.0359375 0.06296296296296296
0 0.57890625 0.5879629629629629 0.04114583333333333 0.06851851851851852
4 0.53671875 0.6592592592592592 0.03802083333333333 0.06666666666666667
2 0.46171875 0.6685185185185185 0.050520833333333334 0.09259259259259259
1 0.5888020833333333 0.7018518518518518 0.0421875 0.08148148148148149
0 0.43307291666666664 0.7546296296296297 0.0390625 0.06481481481481481
4 0.3924479166666667 0.7981481481481482 0.0265625 0.05185185185185185
7 0.7236979166666667 0.9148148148148149 0.04739583333333333 0.08888888888888889
8 0.41380208333333335 0.9175925925925926 0.04010416666666667 0.07222222222222222