7 0.8033854166666666 0.9259259259259259 0.044270833333333336 0.07037037037037037
4 0.4986979166666667 0.9324074074074075 0.043229166666666666 0.06851851851851852
4 0.2752604166666667 0.937037037037037 0.04010416666666667 0.07407407407407407
4 0.16276041666666666 0.9416666666666667 0.050520833333333334 0.07592592592592592
0 0.8135416666666667 0.9782407407407407 0.042708333333333334 0.041666666666666664
2 0.47578125 0.09814814814814815 0.034895833333333334 0.07037037037037037
5 0.5622395833333333 0.10092592592592593 0.04114583333333333 0.07222222222222222
2 0.17786458333333333 0.10185185185185185 0.049479166666666664 0.09259259259259259
4 0.39765625 0.11203703703703703 0.0453125 0.07962962962962963
4 0.6018229166666667 0.12222222222222222 0.0390625 0.06666666666666667
6 0.43723958333333335 0.14166666666666666 0.049479166666666664 0.09074074074074075
2 0.35390625 0.14166666666666666 0.043229166666666666 0.06851851851851852
4 0.62578125 0.14444444444444443 0.03697916666666667 0.07407407407407407
0 0.66640625 0.14722222222222223 0.043229166666666666 0.07222222222222222
8 0.4981770833333333 0.15 0.0359375 0.06296296296296296
2 0.5575520833333333 0.1638888888888889 0.0421875 0.07592592592592592
4 0.38307291666666665 0.16944444444444445 0.0390625 0.07592592592592592
7 0.20286458333333332 0.18333333333333332 0.05364583333333333 0.08518518518518518
0 0.59921875 0.1925925925925926 0.0546875 0.07777777777777778
0 0.6950520833333333 0.22037037037037038 0.04010416666666667 0.07407407407407407
1 0.5002604166666667 0.22037037037037038 0.05677083333333333 0.08518518518518518
0 0.37005208333333334 0.22685185185185186 0.044270833333333336 0.07222222222222222
0 0.17109375 0.22777777777777777 0.0359375 0.06666666666666667
8 0.7919270833333333 0.22777777777777777 0.04010416666666667 0.05925925925925926
4 0.6559895833333333 0.2324074074074074 0.0453125 0.06481481481481481
8 0.2877604166666667 0.23703703703703705 0.044270833333333336 0.06296296296296296
2 0.546875 0.25092592592592594 0.03958333333333333 0.07222222222222222
1 0.20130208333333333 0.2638888888888889 0.04010416666666667 0.06851851851851852
0 0.5940104166666667 0.2722222222222222 0.050520833333333334 0.08518518518518518
0 0.7622395833333333 0.2759259259259259 0.049479166666666664 0.08148148148148149
7 0.7122395833333334 0.2833333333333333 0.05364583333333333 0.0962962962962963
0 0.1765625 0.3212962962962963 0.04895833333333333 0.09074074074074075
2 0.4986979166666667 0.32222222222222224 0.043229166666666666 0.07777777777777778
8 0.7966145833333333 0.33425925925925926 0.05572916666666667 0.09074074074074075
2 0.74140625 0.38425925925925924 0.06822916666666666 0.11296296296296296
7 0.20807291666666666 0.03888888888888889 0.0390625 0.06296296296296296
8 0.44505208333333335 0.3962962962962963 0.04010416666666667 0.07037037037037037
4 0.48671875 0.041666666666666664 0.04010416666666667 0.07222222222222222
8 0.48671875 0.42685185185185187 0.0359375 0.06481481481481481
0 0.3424479166666667 0.04537037037037037 0.03697916666666667 0.07222222222222222
4 0.80859375 0.45740740740740743 0.044270833333333336 0.07037037037037037
7 0.44088541666666664 0.05092592592592592 0.04635416666666667 0.07962962962962963
6 0.52890625 0.05185185185185185 0.05572916666666667 0.1037037037037037
7 0.7783854166666667 0.5212962962962963 0.05677083333333333 0.09444444444444444
0 0.16484375 0.5268518518518519 0.03802083333333333 0.07592592592592592
4 0.19401041666666666 0.5685185185185185 0.04010416666666667 0.07407407407407407
8 0.25546875 0.5953703703703703 0.0546875 0.09814814814814815
4 0.68984375 0.600925925925926 0.0421875 0.06851851851851852
2 0.19869791666666667 0.6277777777777778 0.043229166666666666 0.07407407407407407
7 0.6328125 0.6388888888888888 0.041666666666666664 0.07037037037037037
4 0.59921875 0.06481481481481481 0.0421875 0.06666666666666667
6 0.37890625 0.6796296296296296 0.06614583333333333 0.11851851851851852
4 0.17109375 0.6805555555555556 0.044270833333333336 0.08333333333333333
7 0.7330729166666666 0.6814814814814815 0.04114583333333333 0.07407407407407407
6 0.8028645833333333 0.6824074074074075 0.0515625 0.08703703703703704
0 0.5684895833333333 0.7018518518518518 0.03697916666666667 0.07037037037037037
0 0.5111979166666667 0.7055555555555556 0.049479166666666664 0.0962962962962963
7 0.33151041666666664 0.7324074074074074 0.04010416666666667 0.06851851851851852
7 0.22109375 0.7324074074074074 0.03802083333333333 0.06851851851851852
7 0.6643229166666667 0.737037037037037 0.04739583333333333 0.08148148148148149
1 0.43515625 0.7379629629629629 0.03697916666666667 0.07592592592592592
8 0.16223958333333333 0.7574074074074074 0.043229166666666666 0.08518518518518518
8 0.7216145833333333 0.7657407407407407 0.03697916666666667 0.06111111111111111
0 0.47682291666666665 0.774074074074074 0.049479166666666664 0.0962962962962963
8 0.55390625 0.775 0.04739583333333333 0.09444444444444444
8 0.35390625 0.7787037037037037 0.043229166666666666 0.07592592592592592
4 0.21380208333333334 0.7824074074074074 0.025520833333333333 0.06481481481481481
6 0.6924479166666667 0.7916666666666666 0.0390625 0.053703703703703705
1 0.16223958333333333 0.8222222222222222 0.0390625 0.07037037037037037
5 0.5216145833333333 0.8462962962962963 0.043229166666666666 0.09259259259259259
7 0.5611979166666666 0.8814814814814815 0.03697916666666667 0.05555555555555555
4 0.15182291666666667 0.8833333333333333 0.030729166666666665 0.06296296296296296
0 0.70390625 0.8870370370370371 0.05572916666666667 0.1