2 0.7893229166666667 0.937962962962963 0.0546875 0.07222222222222222
7 0.6140625 0.9671296296296297 0.05416666666666667 0.06388888888888888
7 0.503125 0.9699074074074074 0.06145833333333333 0.058333333333333334
0 0.4440104166666667 0.10185185185185185 0.04114583333333333 0.06666666666666667
2 0.4080729166666667 0.10740740740740741 0.04739583333333333 0.0962962962962963
7 0.68515625 0.125 0.05260416666666667 0.06481481481481481
7 0.48463541666666665 0.12685185185185185 0.0453125 0.08333333333333333
2 0.8091145833333333 0.1425925925925926 0.044270833333333336 0.06296296296296296
0 0.24921875 0.1527777777777778 0.0640625 0.09814814814814815
7 0.36640625 0.16111111111111112 0.06614583333333333 0.1
0 0.17317708333333334 0.1685185185185185 0.07135416666666666 0.08888888888888889
1 0.3033854166666667 0.19537037037037036 0.0484375 0.07222222222222222
4 0.8049479166666667 0.020370370370370372 0.04114583333333333 0.040740740740740744
8 0.79609375 0.2111111111111111 0.05677083333333333 0.08148148148148149
4 0.7356770833333334 0.21481481481481482 0.043229166666666666 0.08148148148148149
4 0.28671875 0.24259259259259258 0.0453125 0.08148148148148149
0 0.17578125 0.026851851851851852 0.049479166666666664 0.053703703703703705
5 0.7658854166666667 0.2712962962962963 0.06197916666666667 0.08703703703703704
7 0.34713541666666664 0.2740740740740741 0.033854166666666664 0.07777777777777778
6 0.80703125 0.2796296296296296 0.0453125 0.07037037037037037
0 0.3111979166666667 0.2833333333333333 0.04010416666666667 0.06296296296296296
4 0.8106770833333333 0.3277777777777778 0.033854166666666664 0.05925925925925926
0 0.3653645833333333 0.337037037037037 0.04739583333333333 0.08148148148148149
8 0.32838541666666665 0.337037037037037 0.043229166666666666 0.07037037037037037
2 0.7861979166666667 0.337037037037037 0.044270833333333336 0.07777777777777778
1 0.45598958333333334 0.3787037037037037 0.0390625 0.07962962962962963
4 0.62578125 0.03796296296296296 0.049479166666666664 0.07592592592592592
6 0.7653645833333333 0.03981481481481482 0.0609375 0.07962962962962963
4 0.36640625 0.4064814814814815 0.043229166666666666 0.07222222222222222
6 0.3221354166666667 0.4111111111111111 0.05677083333333333 0.09259259259259259
7 0.5934895833333333 0.42962962962962964 0.05572916666666667 0.1111111111111111
2 0.28463541666666664 0.4583333333333333 0.05572916666666667 0.08333333333333333
0 0.49921875 0.046296296296296294 0.05677083333333333 0.08888888888888889
4 0.77578125 0.5120370370370371 0.05260416666666667 0.08333333333333333
0 0.43411458333333336 0.5305555555555556 0.04739583333333333 0.08333333333333333
5 0.5778645833333333 0.053703703703703705 0.06614583333333333 0.10740740740740741
7 0.33880208333333334 0.549074074074074 0.0421875 0.09444444444444444
6 0.6981770833333333 0.5564814814814815 0.05677083333333333 0.09074074074074075
6 0.38723958333333336 0.5703703703703704 0.0453125 0.0962962962962963
8 0.6924479166666667 0.06111111111111111 0.044270833333333336 0.07407407407407407
4 0.5908854166666667 0.612037037037037 0.05677083333333333 0.09814814814814815
0 0.65390625 0.6212962962962963 0.04635416666666667 0.06481481481481481
1 0.2747395833333333 0.6351851851851852 0.04635416666666667 0.07407407407407407
2 0.5434895833333333 0.6453703703703704 0.043229166666666666 0.07962962962962963
2 0.8127604166666667 0.662962962962963 0.04635416666666667 0.07777777777777778
2 0.30755208333333334 0.687037037037037 0.0359375 0.07777777777777778
7 0.5190104166666667 0.6925925925925925 0.04114583333333333 0.07777777777777778
0 0.3731770833333333 0.6981481481481482 0.05260416666666667 0.0962962962962963
8 0.6408854166666667 0.7074074074074074 0.058854166666666666 0.1037037037037037
7 0.78359375 0.7111111111111111 0.0578125 0.08148148148148149
0 0.5580729166666667 0.725 0.043229166666666666 0.06481481481481481
2 0.29192708333333334 0.7537037037037037 0.043229166666666666 0.08518518518518518
1 0.5278645833333333 0.7564814814814815 0.0421875 0.06851851851851852
0 0.24557291666666667 0.7953703703703704 0.03697916666666667 0.09814814814814815
8 0.3143229166666667 0.8009259259259259 0.0484375 0.06481481481481481
8 0.36380208333333336 0.8166666666666667 0.0609375 0.11851851851851852
2 0.60546875 0.8212962962962963 0.04010416666666667 0.06851851851851852
2 0.16171875 0.8231481481481482 0.0421875 0.06851851851851852
6 0.21119791666666668 0.8277777777777777 0.0515625 0.0962962962962963
0 0.79921875 0.08425925925925926 0.05572916666666667 0.09444444444444444
6 0.5466145833333333 0.8601851851851852 0.06614583333333333 0.12037037037037036
2 0.28463541666666664 0.887962962962963 0.059895833333333336 0.09444444444444444
1 0.6205729166666667 0.8962962962962963 0.05572916666666667 0.1037037037037037
2 0.4356770833333333 0.899074074074074 0.05260416666666667 0.08333333333333333
4 0.23645312500000001 0.9009259259259259 0.04791666666666667 0.08703703703703704
0 0.17005208333333333 0.09074074074074075 0.04010416666666667 0.07037037037037037
4 0.17526041666666667 0.9185185185185185 0.05677083333333333 0.08888888888888889