8 0.47890625 0.9416666666666667 0.0484375 0.09444444444444444
6 0.41328125 0.1287037037037037 0.0484375 0.08703703703703704
4 0.37213541666666666 0.1388888888888889 0.0390625 0.07407407407407407
8 0.51015625 0.25092592592592594 0.04010416666666667 0.06851851851851852
8 0.2518229166666667 0.2611111111111111 0.04010416666666667 0.06296296296296296
4 0.3997395833333333 0.030555555555555555 0.0359375 0.06111111111111111
0 0.7377604166666667 0.4 0.06614583333333333 0.10740740740740741
6 0.45703125 0.45185185185185184 0.04635416666666667 0.08148148148148149
2 0.5638020833333334 0.4861111111111111 0.0578125 0.11296296296296296
2 0.57265625 0.5842592592592593 0.0484375 0.08333333333333333
2 0.39557291666666666 0.6435185185185185 0.04010416666666667 0.06851851851851852
4 0.5716145833333334 0.7027777777777777 0.04010416666666667 0.07962962962962963
5 0.34817708333333336 0.7712962962962963 0.0640625 0.11666666666666667
1 0.62578125 0.7944444444444444 0.05260416666666667 0.0962962962962963
2 0.28567708333333336 0.8194444444444444 0.0453125 0.07592592592592592
1 0.5403645833333334 0.8962962962962963 0.0359375 0.06296296296296296