2 0.6540833333333335 0.2239166666666667 0.0328125 0.05648148148148148
8 0.6828125 0.2912037037037037 0.03958333333333333 0.06759259259259259
1 0.46197916666666666 0.34074074074074073 0.03854166666666667 0.07037037037037037
7 0.5596354166666667 0.4703703703703704 0.043229166666666666 0.07037037037037037
0 0.36484375 0.5699074074074074 0.05260416666666667 0.09351851851851851
8 0.4708333333333333 0.6310185185185185 0.04375 0.07314814814814814
2 0.43072916666666666 0.6458333333333334 0.03854166666666667 0.06944444444444445
0 0.37916666666666665 0.6504629629629629 0.0375 0.06574074074074074
2 0.7017343749999999 0.6535462962962963 0.05416666666666667 0.08796296296296297
1 0.4234375 0.7117314814814815 0.03958333333333333 0.07407407407407407
0 0.6106770833333334 0.7189814814814814 0.05260416666666667 0.09537037037037037
7 0.6783854166666666 0.7407407407407407 0.0421875 0.07407407407407407
7 0.49713541666666666 0.7453703703703703 0.03802083333333333 0.07407407407407407
2 0.3546875 0.7856481481481481 0.03854166666666667 0.06574074074074074
2 0.6416666666666667 0.7930555555555555 0.040625 0.06759259259259259
0 0.48463541666666665 0.8050925925925926 0.03697916666666667 0.07685185185185185
8 0.5361979166666667 0.8087962962962963 0.0515625 0.09351851851851851
1 0.63828125 0.9069444444444444 0.0421875 0.06944444444444445