2 0.6427083333333333 0.9652777777777778 0.042708333333333334 0.06759259259259259
0 0.46536458333333336 0.17685185185185184 0.0515625 0.08703703703703704
8 0.62578125 0.2898148148148148 0.03697916666666667 0.06481481481481481
0 0.18776041666666668 0.3296296296296296 0.043229166666666666 0.07777777777777778
0 0.22838541666666667 0.3592592592592593 0.04010416666666667 0.07777777777777778
1 0.2716145833333333 0.44907407407407407 0.03697916666666667 0.07592592592592592
7 0.58671875 0.4583333333333333 0.0484375 0.07962962962962963
1 0.6955729166666667 0.47962962962962963 0.04114583333333333 0.07037037037037037
7 0.20651041666666667 0.48055555555555557 0.0421875 0.07592592592592592
4 0.39765625 0.6287037037037037 0.04114583333333333 0.06851851851851852
0 0.5768229166666666 0.7583333333333333 0.05572916666666667 0.07962962962962963