1 0.4231770833333333 0.9342592592592592 0.03802083333333333 0.07962962962962963
6 0.1734375 0.9365740740740741 0.07291666666666667 0.125
8 0.37838541666666664 0.9444444444444444 0.04010416666666667 0.07037037037037037
2 0.33125 0.9541666666666667 0.04895833333333333 0.08981481481481482
2 0.8127604166666667 0.9555555555555556 0.04010416666666667 0.06666666666666667
7 0.5942708333333333 0.9634259259259259 0.04583333333333333 0.0712962962962963
2 0.5098958333333333 0.9643518518518519 0.035416666666666666 0.06944444444444445
7 0.7671875 0.9662037037037037 0.05625 0.06574074074074074
0 0.55625 0.9671296296296297 0.04479166666666667 0.06388888888888888
6 0.4510416666666667 0.9745370370370371 0.06770833333333333 0.049074074074074076
8 0.7119791666666667 0.9745370370370371 0.04791666666666667 0.049074074074074076
2 0.58046875 0.18611111111111112 0.050520833333333334 0.08333333333333333
4 0.2559895833333333 0.2814814814814815 0.05572916666666667 0.1037037037037037
8 0.64765625 0.3074074074074074 0.04114583333333333 0.07777777777777778
7 0.4356770833333333 0.337037037037037 0.0484375 0.07777777777777778
4 0.2559895833333333 0.35185185185185186 0.030729166666666665 0.07407407407407407
4 0.50546875 0.3907407407407407 0.0484375 0.08148148148148149
2 0.32421875 0.39444444444444443 0.06302083333333333 0.1259259259259259
1 0.23463541666666668 0.4148148148148148 0.04635416666666667 0.08148148148148149
4 0.19713541666666667 0.4166666666666667 0.05260416666666667 0.0962962962962963
7 0.6955729166666667 0.43148148148148147 0.04739583333333333 0.08888888888888889
4 0.48984375 0.44537037037037036 0.0421875 0.08703703703703704
4 0.34296875 0.4824074074074074 0.04635416666666667 0.07592592592592592
0 0.6216145833333333 0.4824074074074074 0.05572916666666667 0.09814814814814815
8 0.66484375 0.49074074074074076 0.04635416666666667 0.08518518518518518
4 0.7763020833333333 0.49444444444444446 0.044270833333333336 0.07037037037037037
0 0.6986979166666667 0.5314814814814814 0.0515625 0.09259259259259259
4 0.34401041666666665 0.5361111111111111 0.0484375 0.07962962962962963
7 0.3111979166666667 0.5472222222222223 0.058854166666666666 0.09814814814814815
1 0.7559895833333333 0.5472222222222223 0.0453125 0.08333333333333333
6 0.5924479166666666 0.5555555555555556 0.05572916666666667 0.09259259259259259
2 0.48984375 0.5601851851851852 0.0484375 0.09814814814814815
0 0.5403645833333334 0.5861111111111111 0.06197916666666667 0.11296296296296296
7 0.36380208333333336 0.5916666666666667 0.033854166666666664 0.08333333333333333
8 0.6638020833333333 0.5925925925925926 0.0515625 0.09259259259259259
0 0.7278645833333334 0.6046296296296296 0.03697916666666667 0.07592592592592592
7 0.3263020833333333 0.6101851851851852 0.0390625 0.06851851851851852
0 0.24609375 0.6175925925925926 0.06510416666666667 0.12407407407407407
2 0.76015625 0.6370370370370371 0.0453125 0.07037037037037037
2 0.36276041666666664 0.6703703703703704 0.0421875 0.08888888888888889
4 0.28932291666666665 0.6814814814814815 0.06197916666666667 0.0962962962962963
6 0.7986979166666667 0.6935185185185185 0.06614583333333333 0.09444444444444444
1 0.6419270833333334 0.737037037037037 0.0484375 0.08888888888888889
6 0.5716145833333334 0.7583333333333333 0.07239583333333334 0.13518518518518519
1 0.28984375 0.7731481481481481 0.058854166666666666 0.10555555555555556
5 0.21432291666666667 0.7833333333333333 0.0703125 0.1111111111111111
1 0.43984375 0.787962962962963 0.05677083333333333 0.09074074074074075
2 0.7747395833333334 0.8064814814814815 0.06614583333333333 0.09814814814814815
2 0.3419270833333333 0.8398148148148148 0.0484375 0.09814814814814815
6 0.475 0.8481481481481481 0.042708333333333334 0.08148148148148149
0 0.5565104166666667 0.8629629629629629 0.06927083333333334 0.11481481481481481
4 0.7736979166666667 0.8759259259259259 0.0578125 0.07037037037037037
2 0.62890625 0.8777777777777778 0.0453125 0.07407407407407407
4 0.5221354166666666 0.9046296296296297 0.058854166666666666 0.08333333333333333
8 0.6018229166666667 0.9101851851851852 0.04635416666666667 0.07962962962962963
2 0.69140625 0.9157407407407407 0.06614583333333333 0.10925925925925926
0 0.47942708333333334 0.9166666666666666 0.06302083333333333 0.1
2 0.78046875 0.924074074074074 0.04635416666666667 0.06666666666666667