0 0.5716145833333334 0.19490740740740742 0.034895833333333334 0.06574074074074074
8 0.737671875 0.19814814814814816 0.053125 0.1
6 0.5536458333333333 0.23780555555555555 0.03333333333333333 0.058333333333333334
4 0.5953125 0.2388888888888889 0.027083333333333334 0.04259259259259259
4 0.34010416666666665 0.2833333333333333 0.04375 0.07037037037037037
2 0.38446354166666663 0.2898148148148148 0.03177083333333333 0.06111111111111111
2 0.5184062500000001 0.35509259259259257 0.03958333333333333 0.075
1 0.35625 0.4740740740740741 0.04479166666666667 0.07777777777777778
0 0.27734375 0.4861111111111111 0.03802083333333333 0.06851851851851852
2 0.31692708333333336 0.5398148148148149 0.0453125 0.07407407407407407
2 0.5828125 0.5518518518518518 0.03854166666666667 0.07222222222222222
4 0.4825520833333333 0.5611111111111111 0.05260416666666667 0.1
1 0.3380208333333333 0.6199074074074075 0.03958333333333333 0.06759259259259259
7 0.4002604166666667 0.6439814814814815 0.04114583333333333 0.0787037037037037
2 0.44140625 0.6805555555555556 0.03802083333333333 0.06481481481481481
6 0.34748437499999996 0.7100277777777778 0.06927083333333334 0.11388888888888889
7 0.48541666666666666 0.7777777777777778 0.05 0.08333333333333333
4 0.3572916666666667 0.9175925925925926 0.04583333333333333 0.07962962962962963