4 0.56015625 0.9518518518518518 0.0421875 0.07777777777777778
0 0.6627604166666666 0.1287037037037037 0.04114583333333333 0.07592592592592592
6 0.64453125 0.24166666666666667 0.07135416666666666 0.12037037037037036
0 0.4044270833333333 0.3648148148148148 0.049479166666666664 0.1
7 0.4627604166666667 0.38425925925925924 0.0390625 0.07592592592592592
8 0.4942708333333333 0.40555555555555556 0.034375 0.07777777777777778
4 0.7497395833333333 0.42592592592592593 0.04635416666666667 0.08518518518518518
7 0.24869791666666666 0.4324074074074074 0.05677083333333333 0.08703703703703704
6 0.42421875 0.575925925925926 0.06197916666666667 0.1037037037037037
2 0.5971354166666667 0.6194444444444445 0.0390625 0.07592592592592592
4 0.5231770833333333 0.6240740740740741 0.0390625 0.07407407407407407
0 0.19713541666666667 0.6981481481481482 0.0453125 0.07407407407407407