2 0.61953125 0.11157407407407408 0.0453125 0.08425925925925926
2 0.275 0.1125 0.040625 0.0787037037037037
7 0.7315104166666667 0.1574074074074074 0.0421875 0.07592592592592592
4 0.2421875 0.018055555555555554 0.03958333333333333 0.03611111111111111
6 0.3177083333333333 0.2490740740740741 0.06145833333333333 0.11481481481481481
2 0.18671875 0.3277777777777778 0.044270833333333336 0.06851851851851852
1 0.3 0.3384259259259259 0.040625 0.075
7 0.23567708333333334 0.3763888888888889 0.05677083333333333 0.09907407407407408
7 0.6580729166666667 0.45416666666666666 0.04739583333333333 0.08796296296296297
0 0.23671875 0.5 0.044270833333333336 0.07962962962962963
0 0.7783854166666667 0.5486111111111112 0.044270833333333336 0.07314814814814814
0 0.58984375 0.5587962962962963 0.05677083333333333 0.08981481481481482
6 0.3984375 0.05694444444444444 0.06458333333333334 0.11203703703703703
2 0.7713541666666667 0.6203703703703703 0.0375 0.06851851851851852
4 0.6299479166666667 0.6282407407407408 0.04114583333333333 0.06944444444444445
5 0.5372395833333333 0.6430555555555556 0.06822916666666666 0.11388888888888889
1 0.7638020833333333 0.6800925925925926 0.044270833333333336 0.062037037037037036
7 0.5723958333333333 0.7337962962962963 0.05625 0.09537037037037037