4 0.6 0.24861111111111112 0.0375 0.075
2 0.25833333333333336 0.2902777777777778 0.03854166666666667 0.06574074074074074
4 0.5236979166666667 0.30092592592592593 0.03802083333333333 0.07037037037037037
0 0.36770833333333336 0.3300925925925926 0.040625 0.06759259259259259
2 0.32473958333333336 0.362962962962963 0.0359375 0.07222222222222222
6 0.70859375 0.36712962962962964 0.04635416666666667 0.09166666666666666
2 0.35572916666666665 0.4023148148148148 0.04375 0.06759259259259259
8 0.31796875 0.4685185185185185 0.0515625 0.08888888888888889
0 0.6684895833333333 0.4699074074074074 0.05677083333333333 0.11203703703703703
4 0.35546875 0.49537037037037035 0.03802083333333333 0.06111111111111111
1 0.4270833333333333 0.5935185185185186 0.05 0.08148148148148149
0 0.28932291666666665 0.6013888888888889 0.04010416666666667 0.06388888888888888
7 0.24601041666666662 0.7225277777777778 0.04375 0.07222222222222222
8 0.25625 0.0787037037037037 0.04479166666666667 0.06851851851851852
4 0.6515625 0.8342592592592593 0.04895833333333333 0.08148148148148149
0 0.24375 0.861574074074074 0.04375 0.0787037037037037