6 0.3028645833333333 0.9296296296296296 0.05364583333333333 0.09444444444444444
4 0.5588541666666667 0.9712962962962963 0.04583333333333333 0.05555555555555555
5 0.42682291666666666 0.17962962962962964 0.043229166666666666 0.07592592592592592
2 0.37265625 0.274537037037037 0.0640625 0.11018518518518519
4 0.2755208333333333 0.28194444444444444 0.0375 0.06574074074074074
6 0.3151041666666667 0.2887314814814815 0.04791666666666667 0.08425925925925926
8 0.27109375 0.3597222222222222 0.04114583333333333 0.0787037037037037
0 0.5533854166666666 0.3662037037037037 0.05260416666666667 0.09351851851851851
7 0.34479166666666666 0.36898148148148147 0.04895833333333333 0.08425925925925926
7 0.6270833333333333 0.6236111111111111 0.040625 0.0712962962962963
7 0.6171875 0.6671296296296296 0.029166666666666667 0.04351851851851852
4 0.5869791666666667 0.674537037037037 0.035416666666666666 0.07314814814814814
2 0.38177083333333334 0.7097222222222223 0.05416666666666667 0.09907407407407408
0 0.41458333333333336 0.7462962962962963 0.042708333333333334 0.07592592592592592
7 0.3321145833333334 0.7844166666666667 0.05416666666666667 0.09537037037037037
7 0.3924479166666667 0.8009259259259259 0.03697916666666667 0.07777777777777778
4 0.6044270833333333 0.8064814814814815 0.0421875 0.07037037037037037
4 0.61484375 0.8847222222222222 0.03802083333333333 0.06759259259259259
5 0.3609322916666667 0.8930555555555556 0.06458333333333334 0.11018518518518519
6 0.5950520833333334 0.924074074074074 0.027604166666666666 0.046296296296296294