7 0.4421875 0.9717592592592592 0.05416666666666667 0.05462962962962963
0 0.4744791666666667 0.3101851851851852 0.040625 0.08333333333333333
7 0.34791666666666665 0.3384259259259259 0.04583333333333333 0.075
8 0.7421875 0.3976851851851852 0.058333333333333334 0.0824074074074074
0 0.29322916666666665 0.4166666666666667 0.059375 0.08888888888888889
7 0.49192708333333335 0.449537037037037 0.0421875 0.075
0 0.7083333333333334 0.4638888888888889 0.05 0.08888888888888889
4 0.6236979166666666 0.5625 0.04010416666666667 0.075
1 0.6682291666666667 0.5837962962962963 0.042708333333333334 0.06944444444444445
8 0.24947916666666667 0.7245370370370371 0.05 0.08425925925925926
7 0.53359375 0.08888888888888889 0.050520833333333334 0.09074074074074075