4 0.6010416666666667 0.2518518518518518 0.04375 0.07407407407407407
2 0.2557291666666667 0.2865740740740741 0.03333333333333333 0.06018518518518518
4 0.5234375 0.30092592592592593 0.03958333333333333 0.07407407407407407
6 0.7059895833333333 0.36898148148148147 0.050520833333333334 0.08611111111111111
2 0.2791666666666667 0.4023148148148148 0.040625 0.06759259259259259
0 0.5026041666666666 0.44212962962962965 0.03958333333333333 0.06944444444444445
0 0.6677083333333333 0.4708333333333333 0.058333333333333334 0.10277777777777777
2 0.5122395833333333 0.5643518518518519 0.043229166666666666 0.07685185185185185
4 0.5677083333333334 0.6907407407407408 0.04479166666666667 0.08148148148148149
7 0.23385416666666667 0.7379629629629629 0.03958333333333333 0.07222222222222222
8 0.25286458333333334 0.07916666666666666 0.0515625 0.075
0 0.2669270833333333 0.8055555555555556 0.03697916666666667 0.07037037037037037
1 0.5565104166666667 0.8194444444444444 0.0515625 0.09259259259259259
8 0.32005208333333335 0.8240740740740741 0.05260416666666667 0.10185185185185185
4 0.46979166666666666 0.8402777777777778 0.04479166666666667 0.08425925925925926
0 0.24296875 0.8592592592592593 0.0421875 0.07407407407407407