4 0.32526041666666666 0.29212962962962963 0.04114583333333333 0.0787037037037037
2 0.5567708333333333 0.29305555555555557 0.052083333333333336 0.08796296296296297
0 0.35703125 0.33055555555555555 0.0390625 0.06481481481481481
2 0.49557291666666664 0.3421296296296296 0.0421875 0.06759259259259259
0 0.7015625 0.3541666666666667 0.041666666666666664 0.07685185185185185
0 0.6309895833333333 0.35509259259259257 0.04010416666666667 0.0712962962962963
1 0.5666614583333334 0.35571296296296295 0.03229166666666667 0.06018518518518518
0 0.6026041666666667 0.387037037037037 0.0375 0.06851851851851852
2 0.3611979166666667 0.3875 0.03802083333333333 0.058333333333333334
2 0.5338541666666666 0.41712962962962963 0.04583333333333333 0.08796296296296297
7 0.32864583333333336 0.42962962962962964 0.0375 0.07222222222222222
2 0.625 0.44907407407407407 0.04895833333333333 0.09259259259259259
7 0.48489583333333336 0.4601851851851852 0.05 0.08888888888888889
0 0.22708333333333333 0.48009259259259257 0.042708333333333334 0.062037037037037036
1 0.39869791666666665 0.4810185185185185 0.04010416666666667 0.075
2 0.45078125 0.5083333333333333 0.03802083333333333 0.07037037037037037
8 0.2265625 0.5703703703703704 0.058333333333333334 0.09444444444444444
7 0.43776041666666665 0.6324074074074074 0.0390625 0.07407407407407407
2 0.8361979166666667 0.6509259259259259 0.04010416666666667 0.08148148148148149
2 0.3606770833333333 0.7305555555555555 0.0453125 0.07407407407407407
4 0.37100520833333334 0.842287037037037 0.0375 0.08518518518518518
1 0.22786458333333334 0.9194444444444444 0.0484375 0.07777777777777778