2 0.18359375 0.9305555555555556 0.0453125 0.07222222222222222
2 0.25286458333333334 0.9444444444444444 0.04010416666666667 0.08148148148148149
5 0.4127604166666667 0.23148148148148148 0.059895833333333336 0.11481481481481481
0 0.5153645833333333 0.24259259259259258 0.0484375 0.08888888888888889
0 0.6856770833333333 0.25555555555555554 0.0390625 0.06296296296296296
4 0.5986979166666667 0.27685185185185185 0.0421875 0.06481481481481481
2 0.7252604166666666 0.3074074074074074 0.0515625 0.09259259259259259
2 0.4783854166666667 0.3074074074074074 0.03697916666666667 0.06666666666666667
4 0.44088541666666664 0.30925925925925923 0.034895833333333334 0.06666666666666667
5 0.6440104166666667 0.31296296296296294 0.049479166666666664 0.08518518518518518
2 0.68828125 0.3212962962962963 0.0421875 0.06481481481481481
8 0.39140625 0.33611111111111114 0.0421875 0.06851851851851852
6 0.32317708333333334 0.34629629629629627 0.04114583333333333 0.07777777777777778
7 0.58671875 0.3537037037037037 0.0390625 0.07037037037037037
4 0.46171875 0.35462962962962963 0.03697916666666667 0.06481481481481481
4 0.5455729166666666 0.35555555555555557 0.0421875 0.07037037037037037
8 0.4236979166666667 0.37037037037037035 0.03802083333333333 0.06666666666666667
4 0.75078125 0.38425925925925924 0.0546875 0.10555555555555556
6 0.83828125 0.39814814814814814 0.03177083333333333 0.07037037037037037
4 0.39453125 0.4 0.0421875 0.05925925925925926
0 0.35546875 0.40185185185185185 0.0390625 0.06666666666666667
8 0.58359375 0.4111111111111111 0.034895833333333334 0.06296296296296296
0 0.44765625 0.42685185185185187 0.0484375 0.08703703703703704
8 0.49713541666666666 0.4287037037037037 0.04739583333333333 0.08703703703703704
7 0.3919270833333333 0.46574074074074073 0.04739583333333333 0.09074074074074075
2 0.3450520833333333 0.475 0.049479166666666664 0.08703703703703704
7 0.81953125 0.4824074074074074 0.03802083333333333 0.06851851851851852
8 0.45078125 0.5027777777777778 0.0421875 0.07222222222222222
7 0.3841145833333333 0.05092592592592592 0.05260416666666667 0.09444444444444444
0 0.20182291666666666 0.5527777777777778 0.06614583333333333 0.10925925925925926
7 0.64140625 0.5574074074074075 0.03802083333333333 0.07407407407407407
0 0.6002604166666666 0.562037037037037 0.0515625 0.08703703703703704
4 0.3924479166666667 0.562037037037037 0.0421875 0.08333333333333333
4 0.26328125 0.5814814814814815 0.04010416666666667 0.07037037037037037
7 0.7309895833333333 0.5861111111111111 0.0421875 0.08333333333333333
8 0.8356770833333333 0.6231481481481481 0.0390625 0.08333333333333333
0 0.29140625 0.6333333333333333 0.03802083333333333 0.07037037037037037
0 0.46536458333333336 0.6407407407407407 0.05260416666666667 0.08148148148148149
6 0.22786458333333334 0.6462962962962963 0.0546875 0.08518518518518518
4 0.5263020833333333 0.65 0.0453125 0.06666666666666667
0 0.6065104166666667 0.6509259259259259 0.0328125 0.07222222222222222
4 0.18880208333333334 0.6666666666666666 0.04114583333333333 0.07407407407407407
5 0.7221354166666667 0.6842592592592592 0.04114583333333333 0.08333333333333333
2 0.7486979166666666 0.7046296296296296 0.0390625 0.07222222222222222
1 0.22265625 0.7194444444444444 0.0359375 0.06481481481481481
1 0.18723958333333332 0.7351851851851852 0.0421875 0.07407407407407407
8 0.6955729166666667 0.7509259259259259 0.0421875 0.07222222222222222
6 0.82578125 0.7712962962962963 0.06510416666666667 0.12037037037037036
0 0.19869791666666667 0.7888888888888889 0.04010416666666667 0.06666666666666667
0 0.23515625 0.8074074074074075 0.049479166666666664 0.06666666666666667
1 0.5966145833333333 0.8222222222222222 0.04010416666666667 0.07777777777777778
1 0.54609375 0.8305555555555556 0.0390625 0.07222222222222222
0 0.19296875 0.8638888888888889 0.0515625 0.09074074074074075
0 0.22942708333333334 0.8962962962962963 0.044270833333333336 0.07407407407407407
2 0.5263020833333333 0.9083333333333333 0.04114583333333333 0.07962962962962963
7 0.5638020833333334 0.9185185185185185 0.0390625 0.06666666666666667
0 0.4778645833333333 0.9231481481481482 0.06302083333333333 0.11296296296296296