7 0.5852447916666667 0.16913888888888887 0.0375 0.07222222222222222
6 0.4513020833333333 0.19212962962962962 0.025520833333333333 0.05092592592592592
2 0.6809895833333334 0.26481481481481484 0.0453125 0.07222222222222222
0 0.5645833333333333 0.31805555555555554 0.04479166666666667 0.075
1 0.7880208333333333 0.3416666666666667 0.03854166666666667 0.06851851851851852
0 0.61875 0.4162037037037037 0.053125 0.09537037037037037
0 0.3729166666666667 0.5990740740740741 0.05416666666666667 0.09074074074074075
2 0.19375 0.600462962962963 0.04479166666666667 0.07685185185185185
0 0.46536458333333336 0.6486111111111111 0.04635416666666667 0.08796296296296297
8 0.4078125 0.6791666666666667 0.04583333333333333 0.075
4 0.19479166666666667 0.7439814814814815 0.04479166666666667 0.075
4 0.53046875 0.7898148148148149 0.04114583333333333 0.07037037037037037