8 0.30390625 0.9361111111111111 0.049479166666666664 0.08148148148148149
6 0.4859375 0.25 0.06041666666666667 0.12037037037037036
0 0.6770833333333334 0.28564814814814815 0.053125 0.09166666666666666
8 0.5424479166666667 0.28564814814814815 0.0515625 0.09537037037037037
0 0.7621510416666666 0.33149074074074075 0.04479166666666667 0.08333333333333333
2 0.69609375 0.34675925925925927 0.033854166666666664 0.06574074074074074
5 0.79375 0.4125 0.057291666666666664 0.09722222222222222
7 0.23697916666666666 0.41388888888888886 0.05416666666666667 0.08888888888888889
0 0.6924479166666667 0.5018518518518519 0.06197916666666667 0.09814814814814815
0 0.7901041666666667 0.5712962962962963 0.04375 0.07777777777777778
6 0.50078125 0.6370370370370371 0.05364583333333333 0.09074074074074075
0 0.4109375 0.6953703703703704 0.0625 0.1111111111111111
4 0.41796875 0.7828703703703703 0.0421875 0.06388888888888888
2 0.7239583333333334 0.8152777777777778 0.046875 0.08055555555555556
7 0.6614583333333334 0.8689814814814815 0.06354166666666666 0.11388888888888889
0 0.36432291666666666 0.8773148148148148 0.059895833333333336 0.10462962962962963