6 0.4049479166666667 0.3111111111111111 0.05364583333333333 0.08518518518518518
7 0.47682291666666665 0.3296296296296296 0.0515625 0.09259259259259259
0 0.61015625 0.3453703703703704 0.05364583333333333 0.09814814814814815
7 0.3966145833333333 0.38796296296296295 0.034895833333333334 0.07222222222222222
5 0.73671875 0.03888888888888889 0.04635416666666667 0.06296296296296296
2 0.43359375 0.4027777777777778 0.050520833333333334 0.09074074074074075
7 0.52109375 0.44722222222222224 0.04635416666666667 0.10185185185185185
1 0.48515625 0.4962962962962963 0.03697916666666667 0.06296296296296296
0 0.2825520833333333 0.5138888888888888 0.03802083333333333 0.06851851851851852
7 0.5705729166666667 0.5481481481481482 0.034895833333333334 0.06666666666666667
2 0.4903645833333333 0.562037037037037 0.0390625 0.06851851851851852
4 0.41640625 0.575 0.0390625 0.06481481481481481
0 0.37786458333333334 0.6148148148148148 0.049479166666666664 0.08888888888888889
1 0.76953125 0.06296296296296296 0.0390625 0.06296296296296296
4 0.50078125 0.6824074074074075 0.04739583333333333 0.06851851851851852
2 0.49453125 0.7694444444444445 0.0640625 0.10555555555555556