0 0.39453125 0.18333333333333332 0.04010416666666667 0.07407407407407407
7 0.5325520833333334 0.23148148148148148 0.059895833333333336 0.07407407407407407
2 0.47213541666666664 0.24351851851851852 0.0328125 0.06111111111111111
4 0.52265625 0.30277777777777776 0.0421875 0.06851851851851852
0 0.6263020833333334 0.3685185185185185 0.049479166666666664 0.1
6 0.67578125 0.3888888888888889 0.06302083333333333 0.1111111111111111
0 0.7971354166666667 0.49907407407407406 0.0390625 0.06851851851851852
2 0.66015625 0.5231481481481481 0.05260416666666667 0.08703703703703704
7 0.6388020833333333 0.5953703703703703 0.049479166666666664 0.08703703703703704
0 0.6908854166666667 0.6277777777777778 0.0640625 0.1111111111111111
0 0.21015625 0.06574074074074074 0.05677083333333333 0.10185185185185185
0 0.6875 0.725 0.04791666666666667 0.07962962962962963
4 0.6033854166666667 0.7759259259259259 0.0453125 0.06666666666666667
8 0.6278645833333333 0.8453703703703703 0.0484375 0.10185185185185185