8 0.6580729166666667 0.1814814814814815 0.044270833333333336 0.08518518518518518
0 0.5111979166666667 0.24259259259259258 0.06302083333333333 0.1
8 0.82265625 0.4027777777777778 0.06302083333333333 0.10185185185185185
6 0.7809895833333333 0.5064814814814815 0.058854166666666666 0.09444444444444444
0 0.44869791666666664 0.55 0.05260416666666667 0.09259259259259259
5 0.8221354166666667 0.575 0.0609375 0.10185185185185185
2 0.19973958333333333 0.5842592592592593 0.05677083333333333 0.09074074074074075
0 0.4825520833333333 0.6472222222222223 0.043229166666666666 0.07222222222222222
8 0.4231770833333333 0.6574074074074074 0.05364583333333333 0.08518518518518518
7 0.5466145833333333 0.6861111111111111 0.06197916666666667 0.12037037037037036
6 0.21328125 0.7129629629629629 0.0453125 0.09259259259259259
4 0.42109375 0.7638888888888888 0.0578125 0.07962962962962963
0 0.21588541666666666 0.8166666666666667 0.06510416666666667 0.10740740740740741