0 0.4236979166666667 0.17453703703703705 0.04010416666666667 0.07314814814814814
2 0.40182291666666664 0.2841111111111111 0.03802083333333333 0.06759259259259259
7 0.4265625 0.33101851851851855 0.0375 0.06759259259259259
0 0.47682291666666665 0.36712962962962964 0.04010416666666667 0.07314814814814814
0 0.7848958333333333 0.3888888888888889 0.03958333333333333 0.07222222222222222
5 0.45859375 0.43333333333333335 0.0515625 0.08703703703703704
7 0.7408854166666666 0.45046296296296295 0.04114583333333333 0.06574074074074074
7 0.6895833333333333 0.47685185185185186 0.042708333333333334 0.07037037037037037
2 0.5067708333333333 0.49722222222222223 0.0375 0.07407407407407407
2 0.72578125 0.5296296296296297 0.0421875 0.07592592592592592
2 0.2 0.6615740740740741 0.042708333333333334 0.06944444444444445
2 0.23098958333333333 0.7199074074074074 0.03802083333333333 0.0712962962962963
4 0.21822916666666667 0.9217592592592593 0.03333333333333333 0.06018518518518518