2 0.81640625 0.9305555555555556 0.0453125 0.07222222222222222
2 0.7471354166666667 0.9444444444444444 0.04010416666666667 0.08148148148148149
5 0.5872395833333334 0.23148148148148148 0.059895833333333336 0.11481481481481481
0 0.48463541666666665 0.24259259259259258 0.0484375 0.08888888888888889
0 0.3143229166666667 0.25555555555555554 0.0390625 0.06296296296296296
4 0.40130208333333334 0.27685185185185185 0.0421875 0.06481481481481481
2 0.2747395833333333 0.3074074074074074 0.0515625 0.09259259259259259
2 0.5216145833333333 0.3074074074074074 0.03697916666666667 0.06666666666666667
4 0.5591145833333333 0.30925925925925923 0.034895833333333334 0.06666666666666667
5 0.35598958333333336 0.31296296296296294 0.049479166666666664 0.08518518518518518
2 0.31171875 0.3212962962962963 0.0421875 0.06481481481481481
8 0.60859375 0.33611111111111114 0.0421875 0.06851851851851852
6 0.6768229166666667 0.34629629629629627 0.04114583333333333 0.07777777777777778
7 0.41328125 0.3537037037037037 0.0390625 0.07037037037037037
4 0.53828125 0.35462962962962963 0.03697916666666667 0.06481481481481481
4 0.4544270833333333 0.35555555555555557 0.0421875 0.07037037037037037
8 0.5763020833333333 0.37037037037037035 0.03802083333333333 0.06666666666666667
4 0.24921875 0.38425925925925924 0.0546875 0.10555555555555556
6 0.16171875 0.39814814814814814 0.03177083333333333 0.07037037037037037
4 0.60546875 0.4 0.0421875 0.05925925925925926
0 0.64453125 0.40185185185185185 0.0390625 0.06666666666666667
8 0.41640625 0.4111111111111111 0.034895833333333334 0.06296296296296296
0 0.55234375 0.42685185185185187 0.0484375 0.08703703703703704
8 0.5028645833333333 0.4287037037037037 0.04739583333333333 0.08703703703703704
7 0.6080729166666666 0.46574074074074073 0.04739583333333333 0.09074074074074075
2 0.6549479166666666 0.475 0.049479166666666664 0.08703703703703704
7 0.18046875 0.4824074074074074 0.03802083333333333 0.06851851851851852
8 0.54921875 0.5027777777777778 0.0421875 0.07222222222222222
7 0.6158854166666666 0.05092592592592592 0.05260416666666667 0.09444444444444444
0 0.7981770833333334 0.5527777777777778 0.06614583333333333 0.10925925925925926
7 0.35859375 0.5574074074074075 0.03802083333333333 0.07407407407407407
0 0.3997395833333333 0.562037037037037 0.0515625 0.08703703703703704
4 0.6075520833333333 0.562037037037037 0.0421875 0.08333333333333333
4 0.73671875 0.5814814814814815 0.04010416666666667 0.07037037037037037
7 0.26901041666666664 0.5861111111111111 0.0421875 0.08333333333333333
8 0.16432291666666668 0.6231481481481481 0.0390625 0.08333333333333333
0 0.70859375 0.6333333333333333 0.03802083333333333 0.07037037037037037
0 0.5346354166666667 0.6407407407407407 0.05260416666666667 0.08148148148148149
6 0.7721354166666666 0.6462962962962963 0.0546875 0.08518518518518518
4 0.47369791666666666 0.65 0.0453125 0.06666666666666667
0 0.39348958333333334 0.6509259259259259 0.0328125 0.07222222222222222
4 0.8111979166666666 0.6666666666666666 0.04114583333333333 0.07407407407407407
5 0.27786458333333336 0.6842592592592592 0.04114583333333333 0.08333333333333333
2 0.2513020833333333 0.7046296296296296 0.0390625 0.07222222222222222
1 0.77734375 0.7194444444444444 0.0359375 0.06481481481481481
1 0.8127604166666667 0.7351851851851852 0.0421875 0.07407407407407407
8 0.30442708333333335 0.7509259259259259 0.0421875 0.07222222222222222
6 0.17421875 0.7712962962962963 0.06510416666666667 0.12037037037037036
0 0.8013020833333333 0.7888888888888889 0.04010416666666667 0.06666666666666667
0 0.76484375 0.8074074074074075 0.049479166666666664 0.06666666666666667
1 0.40338541666666666 0.8222222222222222 0.04010416666666667 0.07777777777777778
1 0.45390625 0.8305555555555556 0.0390625 0.07222222222222222
0 0.80703125 0.8638888888888889 0.0515625 0.09074074074074075
0 0.7705729166666667 0.8962962962962963 0.044270833333333336 0.07407407407407407
2 0.47369791666666666 0.9083333333333333 0.04114583333333333 0.07962962962962963
7 0.4361979166666667 0.9185185185185185 0.0390625 0.06666666666666667
0 0.5221354166666666 0.9231481481481482 0.06302083333333333 0.11296296296296296