4 0.5950520833333334 0.9611111111111111 0.04635416666666667 0.07407407407407407
4 0.23541666666666666 0.9652777777777778 0.042708333333333334 0.06759259259259259
8 0.2765625 0.9662037037037037 0.06145833333333333 0.06574074074074074
7 0.7135416666666666 0.9708333333333333 0.040625 0.05648148148148148
4 0.48046875 0.21944444444444444 0.05364583333333333 0.07962962962962963
0 0.41796875 0.29259259259259257 0.0640625 0.11481481481481481
8 0.5877604166666667 0.33425925925925926 0.0578125 0.10185185185185185
2 0.6466145833333333 0.3509259259259259 0.049479166666666664 0.09444444444444444
0 0.4627604166666667 0.3648148148148148 0.06614583333333333 0.1037037037037037
0 0.36171875 0.36666666666666664 0.07864583333333333 0.12962962962962962
0 0.7127604166666667 0.3685185185185185 0.049479166666666664 0.08888888888888889
4 0.5283854166666667 0.3731481481481482 0.0390625 0.08333333333333333
5 0.5752604166666667 0.4148148148148148 0.05364583333333333 0.08888888888888889
0 0.49765625 0.42962962962962964 0.0359375 0.08888888888888889
2 0.6825520833333333 0.4398148148148148 0.0609375 0.09444444444444444
2 0.52109375 0.48148148148148145 0.0484375 0.0962962962962963
0 0.5622395833333333 0.48148148148148145 0.03177083333333333 0.08518518518518518
0 0.6544270833333333 0.4981481481481482 0.0390625 0.08518518518518518
4 0.35546875 0.5444444444444444 0.049479166666666664 0.08518518518518518
0 0.60078125 0.562037037037037 0.05572916666666667 0.11666666666666667
4 0.5080729166666667 0.5666666666666667 0.0421875 0.07777777777777778
0 0.32890625 0.6333333333333333 0.04635416666666667 0.07037037037037037
4 0.7434947916666667 0.6351851851851852 0.05260416666666667 0.08518518518518518
8 0.70859375 0.6611111111111111 0.034895833333333334 0.08518518518518518
7 0.45026041666666666 0.6851851851851852 0.03697916666666667 0.07777777777777778
8 0.23098958333333333 0.7194444444444444 0.04635416666666667 0.07962962962962963
6 0.31171875 0.7407407407407407 0.07864583333333333 0.1259259259259259
4 0.59453125 0.7722222222222223 0.044270833333333336 0.08518518518518518
2 0.5065104166666666 0.8148148148148148 0.043229166666666666 0.07777777777777778
7 0.28515625 0.8314814814814815 0.0546875 0.08518518518518518
0 0.24296875 0.8972222222222223 0.05572916666666667 0.09074074074074075
2 0.37838541666666664 0.8981481481481481 0.050520833333333334 0.07777777777777778
2 0.5502604166666667 0.9 0.0484375 0.07777777777777778