7 0.8096354166666667 0.9333333333333333 0.0421875 0.06666666666666667
6 0.690625 0.9569444444444445 0.05520833333333333 0.08425925925925926
6 0.775 0.9699074074074074 0.05 0.058333333333333334
0 0.8119791666666667 0.9726851851851852 0.03958333333333333 0.05277777777777778
4 0.67890625 0.10277777777777777 0.0515625 0.08333333333333333
0 0.7856770833333333 0.1111111111111111 0.0734375 0.1259259259259259
8 0.33984375 0.13703703703703704 0.044270833333333336 0.0962962962962963
7 0.22317708333333333 0.014814814814814815 0.06302083333333333 0.02962962962962963
1 0.20807291666666666 0.15092592592592594 0.0640625 0.08703703703703704
7 0.28203125 0.19814814814814816 0.03697916666666667 0.07407407407407407
0 0.77890625 0.20185185185185187 0.0515625 0.08148148148148149
0 0.41796875 0.2064814814814815 0.04635416666666667 0.09074074074074075
4 0.35494791666666664 0.21203703703703702 0.05572916666666667 0.10185185185185185
8 0.8091145833333333 0.22037037037037038 0.0453125 0.08148148148148149
4 0.7403645833333333 0.22407407407407406 0.0546875 0.05925925925925926
0 0.19036458333333334 0.225 0.05572916666666667 0.10555555555555556
2 0.30807291666666664 0.22685185185185186 0.050520833333333334 0.07222222222222222
0 0.5955729166666667 0.025925925925925925 0.06302083333333333 0.05185185185185185
0 0.6419270833333334 0.26296296296296295 0.04635416666666667 0.09259259259259259
2 0.3455729166666667 0.275 0.0453125 0.07222222222222222
2 0.40911458333333334 0.2777777777777778 0.05572916666666667 0.0962962962962963
4 0.75546875 0.28055555555555556 0.050520833333333334 0.07962962962962963
0 0.22838541666666667 0.2824074074074074 0.04010416666666667 0.07592592592592592
0 0.80078125 0.2962962962962963 0.05364583333333333 0.11481481481481481
6 0.6674479166666667 0.3490740740740741 0.08072916666666667 0.11666666666666667
8 0.20130208333333333 0.35185185185185186 0.050520833333333334 0.09259259259259259
4 0.39296875 0.35462962962962963 0.0421875 0.10185185185185185
2 0.17942708333333332 0.03611111111111111 0.0546875 0.07222222222222222
8 0.27733854166666666 0.3648148148148148 0.05260416666666667 0.0962962962962963
5 0.33203125 0.3685185185185185 0.06197916666666667 0.1111111111111111
0 0.6783854166666666 0.037037037037037035 0.04635416666666667 0.07407407407407407
7 0.7653645833333333 0.41574074074074074 0.05572916666666667 0.10185185185185185
0 0.6346354166666667 0.04351851851851852 0.0640625 0.08703703703703704
8 0.6502552083333334 0.45185185185185184 0.05260416666666667 0.07407407407407407
4 0.7986979166666667 0.4537037037037037 0.049479166666666664 0.07777777777777778
7 0.44036458333333334 0.4703703703703704 0.059895833333333336 0.1111111111111111
0 0.16171875 0.5111111111111111 0.04010416666666667 0.09259259259259259
2 0.6705729166666666 0.5166666666666667 0.04114583333333333 0.0962962962962963
1 0.23932291666666666 0.5175925925925926 0.0453125 0.09444444444444444
4 0.8049479166666667 0.5185185185185185 0.043229166666666666 0.09259259259259259
2 0.76015625 0.5305555555555556 0.06614583333333333 0.1388888888888889
0 0.7096354166666666 0.5305555555555556 0.0546875 0.09814814814814815
4 0.19453125 0.5342592592592592 0.0390625 0.08333333333333333
2 0.6236979166666666 0.5731481481481482 0.04739583333333333 0.07962962962962963
4 0.22578125 0.5861111111111111 0.0453125 0.08333333333333333
7 0.79921875 0.5916666666666667 0.0578125 0.10555555555555556
4 0.5924479166666666 0.6361111111111111 0.0390625 0.07962962962962963
1 0.7591145833333334 0.6611111111111111 0.04739583333333333 0.09259259259259259
6 0.8002604166666667 0.6962962962962963 0.058854166666666666 0.1
2 0.7080729166666667 0.7222222222222222 0.04114583333333333 0.1
6 0.17838541666666666 0.725 0.0671875 0.13148148148148148
4 0.5080729166666667 0.7425925925925926 0.05364583333333333 0.1037037037037037
8 0.55390625 0.7601851851851852 0.06614583333333333 0.11296296296296296
4 0.7877604166666666 0.7712962962962963 0.0484375 0.09444444444444444
4 0.34140625 0.7722222222222223 0.0515625 0.11481481481481481
4 0.6200520833333333 0.775 0.0546875 0.06851851851851852
0 0.6606770833333333 0.7814814814814814 0.0421875 0.1
2 0.76484375 0.8296296296296296 0.0484375 0.07407407407407407
7 0.80703125 0.8398148148148148 0.043229166666666666 0.07962962962962963
6 0.5575520833333333 0.8398148148148148 0.04635416666666667 0.08703703703703704
2 0.61484375 0.8462962962962963 0.050520833333333334 0.08148148148148149
7 0.35859375 0.8537037037037037 0.044270833333333336 0.07037037037037037
4 0.43671875 0.8546296296296296 0.0546875 0.11666666666666667
4 0.6830729166666667 0.8583333333333333 0.05364583333333333 0.07592592592592592
4 0.15911458333333334 0.8648148148148148 0.0515625 0.08888888888888889
8 0.7830729166666667 0.8870370370370371 0.0390625 0.08888888888888889
2 0.6455729166666667 0.8907407407407407 0.05260416666666667 0.07407407407407407
8 0.39817708333333335 0.899074074074074 0.04010416666666667 0.07962962962962963
7 0.7408854166666666 0.9064814814814814 0.04635416666666667 0.08333333333333333