0 0.5923593749999999 0.950925925925926 0.03854166666666667 0.07407407407407407
0 0.396875 0.3199074074074074 0.0375 0.06574074074074074
0 0.4578125 0.44305555555555554 0.04895833333333333 0.08425925925925926
5 0.32526041666666666 0.49027777777777776 0.0515625 0.09537037037037037
2 0.8041666666666667 0.600462962962963 0.04375 0.075
0 0.6770833333333334 0.7018518518518518 0.04479166666666667 0.08333333333333333
4 0.6216145833333333 0.725925925925926 0.04114583333333333 0.07222222222222222
1 0.7981770833333334 0.7643518518518518 0.043229166666666666 0.06574074074074074
8 0.6794270833333333 0.775 0.03802083333333333 0.06481481481481481
7 0.7208333333333333 0.7842592592592592 0.040625 0.07407407407407407
7 0.6559895833333333 0.8393518518518519 0.058854166666666666 0.07685185185185185
1 0.6973958333333333 0.0875 0.040625 0.06759259259259259
6 0.65234375 0.9236111111111112 0.05260416666666667 0.08796296296296297