7 0.28932291666666665 0.9351851851851852 0.04739583333333333 0.08333333333333333
7 0.40338541666666666 0.9472222222222222 0.03802083333333333 0.06296296296296296
0 0.7065104166666667 0.09583333333333334 0.050520833333333334 0.08611111111111111
1 0.2296875 0.9685185185185186 0.04583333333333333 0.06111111111111111
4 0.3341145833333333 0.9703703703703703 0.04114583333333333 0.05740740740740741
2 0.6627604166666666 0.9712962962962963 0.058854166666666666 0.05555555555555555
2 0.5677083333333334 0.9722222222222222 0.06145833333333333 0.053703703703703705
2 0.64921875 0.1 0.04635416666666667 0.06481481481481481
4 0.7932291666666667 0.12222222222222222 0.04375 0.07222222222222222
7 0.4734375 0.1412037037037037 0.0375 0.08796296296296297
0 0.6731770833333334 0.1412037037037037 0.03802083333333333 0.07314814814814814
6 0.759375 0.14305555555555555 0.04895833333333333 0.09166666666666666
5 0.7247395833333333 0.18935185185185185 0.043229166666666666 0.06574074074074074
6 0.17291666666666666 0.21805555555555556 0.034375 0.06388888888888888
2 0.5432291666666667 0.022685185185185187 0.03958333333333333 0.04351851851851852
0 0.7776041666666667 0.22453703703703703 0.05416666666666667 0.09166666666666666
7 0.6075520833333333 0.025 0.0484375 0.05
7 0.32395833333333335 0.2513888888888889 0.04895833333333333 0.10092592592592593
7 0.72109375 0.026851851851851852 0.0421875 0.053703703703703705
0 0.76875 0.30092592592592593 0.040625 0.07407407407407407
0 0.24904687500000003 0.30662962962962964 0.05364583333333333 0.09537037037037037
8 0.5346354166666667 0.3087962962962963 0.0546875 0.08611111111111111
4 0.2859375 0.34074074074074073 0.041666666666666664 0.07222222222222222
2 0.8083333333333333 0.36064814814814816 0.042708333333333334 0.06759259259259259
4 0.7463541666666667 0.36574074074074076 0.04375 0.07407407407407407
4 0.4317708333333333 0.037037037037037035 0.04375 0.07222222222222222
7 0.24314062499999997 0.40185185185185185 0.0578125 0.09074074074074075
7 0.56484375 0.4083333333333333 0.044270833333333336 0.07407407407407407
6 0.6690104166666667 0.041666666666666664 0.0671875 0.08333333333333333
0 0.17786458333333333 0.4166666666666667 0.0515625 0.10555555555555556
8 0.5947916666666667 0.4310185185185185 0.0375 0.06018518518518518
8 0.8041666666666667 0.4398148148148148 0.059375 0.1037037037037037
6 0.7416666666666667 0.44583333333333336 0.042708333333333334 0.075
1 0.63828125 0.47962962962962963 0.04114583333333333 0.06111111111111111
6 0.78828125 0.5319444444444444 0.0390625 0.062037037037037036
1 0.5924479166666666 0.5328703703703703 0.04114583333333333 0.06759259259259259
4 0.81796875 0.5425925925925926 0.03177083333333333 0.06111111111111111
7 0.65859375 0.5444444444444444 0.03802083333333333 0.06481481481481481
7 0.71171875 0.055092592592592596 0.027604166666666666 0.06018518518518518
4 0.33489583333333334 0.5787037037037037 0.04375 0.07777777777777778
7 0.7682291666666666 0.5888888888888889 0.052083333333333336 0.07222222222222222
0 0.6427083333333333 0.5925925925925926 0.034375 0.06851851851851852
2 0.8122395833333333 0.6064814814814815 0.03697916666666667 0.06296296296296296
2 0.67734375 0.6444444444444445 0.04635416666666667 0.06851851851851852
4 0.32135416666666666 0.6504629629629629 0.04583333333333333 0.07685185185185185
8 0.7700520833333333 0.6680555555555555 0.05677083333333333 0.10462962962962963
4 0.6130208333333333 0.6685185185185185 0.04583333333333333 0.06851851851851852
2 0.8096354166666667 0.6833333333333333 0.05260416666666667 0.09074074074074075
0 0.659375 0.7175925925925926 0.051041666666666666 0.0962962962962963
2 0.6174479166666667 0.7337962962962963 0.04114583333333333 0.07314814814814814
1 0.78984375 0.7462962962962963 0.03802083333333333 0.06111111111111111
0 0.34375 0.7574074074074074 0.06145833333333333 0.11296296296296296
2 0.6870677083333334 0.7748518518518519 0.03802083333333333 0.06759259259259259
0 0.8138020833333334 0.7962962962962963 0.04010416666666667 0.07962962962962963
8 0.6466145833333333 0.8018518518518518 0.04114583333333333 0.07222222222222222
2 0.77109375 0.8106481481481481 0.058854166666666666 0.09722222222222222
8 0.2875 0.825925925925926 0.059375 0.09074074074074075
4 0.459375 0.08348148148148148 0.036458333333333336 0.0787037037037037
0 0.18151041666666667 0.8444444444444444 0.050520833333333334 0.09444444444444444
4 0.58046875 0.8462962962962963 0.044270833333333336 0.08333333333333333
8 0.8135416666666667 0.8722222222222222 0.042708333333333334 0.06481481481481481
0 0.33359375 0.8824074074074074 0.06510416666666667 0.1111111111111111
4 0.24661458333333333 0.9013888888888889 0.05364583333333333 0.10092592592592593
0 0.44895833333333335 0.9041666666666667 0.04375 0.07685185185185185