1 0.57109375 0.9592592592592593 0.04010416666666667 0.06666666666666667
2 0.6809895833333334 0.1527777777777778 0.0453125 0.06851851851851852
2 0.28046875 0.1574074074074074 0.033854166666666664 0.07037037037037037
6 0.23828125 0.20277777777777778 0.05364583333333333 0.08703703703703704
0 0.69453125 0.3148148148148148 0.043229166666666666 0.07407407407407407
1 0.60546875 0.3638888888888889 0.0484375 0.07592592592592592
8 0.29661458333333335 0.49074074074074076 0.0453125 0.07407407407407407
8 0.64765625 0.49074074074074076 0.05364583333333333 0.0962962962962963
7 0.5643229166666667 0.5407407407407407 0.043229166666666666 0.06296296296296296
2 0.6080729166666666 0.5740740740740741 0.0390625 0.07407407407407407
4 0.2596354166666667 0.5824074074074074 0.04635416666666667 0.09074074074074075
2 0.5622395833333333 0.6037037037037037 0.04114583333333333 0.08148148148148149
0 0.59921875 0.6287037037037037 0.03802083333333333 0.07222222222222222
7 0.64296875 0.6333333333333333 0.04635416666666667 0.07037037037037037
4 0.5356770833333333 0.7314814814814815 0.04010416666666667 0.06666666666666667
7 0.6763020833333333 0.7685185185185185 0.044270833333333336 0.08148148148148149
1 0.23567708333333334 0.837037037037037 0.04635416666666667 0.08518518518518518