2 0.25286458333333334 0.9416666666666667 0.05364583333333333 0.09444444444444444
0 0.30364583333333334 0.9439814814814815 0.0625 0.11018518518518519
2 0.78359375 0.9546296296296296 0.044270833333333336 0.07962962962962963
8 0.40182291666666664 0.10277777777777777 0.0453125 0.08333333333333333
0 0.17682291666666666 0.11851851851851852 0.04635416666666667 0.09259259259259259
7 0.48463541666666665 0.11944444444444445 0.0359375 0.06481481481481481
7 0.6846354166666667 0.12314814814814815 0.044270833333333336 0.06851851851851852
7 0.53515625 0.14074074074074075 0.04739583333333333 0.08888888888888889
2 0.8091145833333333 0.14537037037037037 0.04114583333333333 0.07962962962962963
0 0.43776041666666665 0.14907407407407408 0.04010416666666667 0.06851851851851852
7 0.4903645833333333 0.17685185185185184 0.0328125 0.06111111111111111
4 0.7403645833333333 0.20833333333333334 0.043229166666666666 0.07222222222222222
0 0.5846354166666666 0.2111111111111111 0.04010416666666667 0.07037037037037037
8 0.7934895833333333 0.21296296296296297 0.0515625 0.08148148148148149
6 0.54453125 0.26296296296296295 0.059895833333333336 0.1037037037037037
5 0.7643229166666666 0.2740740740740741 0.05572916666666667 0.08518518518518518
6 0.80859375 0.2824074074074074 0.03802083333333333 0.07592592592592592
2 0.6278645833333333 0.2953703703703704 0.0390625 0.06851851851851852
2 0.59140625 0.3 0.034895833333333334 0.06296296296296296
6 0.6700520833333333 0.30092592592592593 0.0484375 0.08703703703703704
4 0.8153645833333333 0.32592592592592595 0.030729166666666665 0.040740740740740744
6 0.26328125 0.32685185185185184 0.0515625 0.09814814814814815
7 0.7528645833333333 0.3398148148148148 0.043229166666666666 0.06851851851851852
4 0.38776041666666666 0.03518518518518519 0.0640625 0.07037037037037037
6 0.76484375 0.03611111111111111 0.0515625 0.07222222222222222
4 0.6268229166666667 0.037037037037037035 0.03697916666666667 0.07407407407407407
4 0.8065104166666667 0.3768518518518518 0.04739583333333333 0.06851851851851852
0 0.17526041666666667 0.03796296296296296 0.044270833333333336 0.06851851851851852
0 0.33567708333333335 0.3824074074074074 0.04635416666666667 0.08703703703703704
2 0.7065104166666667 0.38333333333333336 0.06510416666666667 0.1037037037037037
8 0.19505208333333332 0.39814814814814814 0.044270833333333336 0.07777777777777778
7 0.31171875 0.42777777777777776 0.044270833333333336 0.08518518518518518
4 0.6981770833333333 0.462037037037037 0.0421875 0.07592592592592592
0 0.49921875 0.05277777777777778 0.044270833333333336 0.09074074074074075
4 0.27317708333333335 0.5342592592592592 0.0546875 0.09444444444444444
8 0.6903645833333333 0.053703703703703705 0.0390625 0.07037037037037037
5 0.57890625 0.053703703703703705 0.0578125 0.10740740740740741
2 0.47161458333333334 0.5537037037037037 0.0390625 0.07407407407407407
1 0.2518229166666667 0.058333333333333334 0.034895833333333334 0.06111111111111111
6 0.5408854166666667 0.6175925925925926 0.05260416666666667 0.09444444444444444
7 0.25703125 0.6324074074074074 0.0453125 0.07962962962962963
1 0.3059895833333333 0.6416666666666667 0.04114583333333333 0.07222222222222222
0 0.21432291666666667 0.06481481481481481 0.043229166666666666 0.09259259259259259
2 0.8111979166666666 0.6620370370370371 0.043229166666666666 0.07962962962962963
0 0.16536458333333334 0.6638888888888889 0.04114583333333333 0.08703703703703704
0 0.38307291666666665 0.6898148148148148 0.04114583333333333 0.06851851851851852
2 0.27838541666666666 0.6898148148148148 0.0421875 0.07222222222222222
8 0.8091145833333333 0.7277777777777777 0.04114583333333333 0.06666666666666667
2 0.2513020833333333 0.7490740740740741 0.04635416666666667 0.09074074074074075
4 0.8169270833333333 0.775 0.027604166666666666 0.05
0 0.45598958333333334 0.0787037037037037 0.0390625 0.07592592592592592
5 0.16119791666666666 0.7888888888888889 0.0453125 0.08148148148148149
2 0.21536458333333333 0.7935185185185185 0.0453125 0.07592592592592592
0 0.8002604166666667 0.07962962962962963 0.04635416666666667 0.08518518518518518
1 0.28515625 0.8027777777777778 0.03697916666666667 0.07962962962962963
2 0.7690104166666667 0.8324074074074074 0.04010416666666667 0.06851851851851852
6 0.19401041666666666 0.8824074074074074 0.0484375 0.09444444444444444
2 0.7153645833333333 0.899074074074074 0.05364583333333333 0.09444444444444444