7 0.6359375 0.14537037037037037 0.041666666666666664 0.07037037037037037
1 0.6309895833333333 0.21157407407407408 0.04010416666666667 0.06574074074074074
6 0.4356770833333333 0.22361111111111112 0.06822916666666666 0.11203703703703703
4 0.32473958333333336 0.26805555555555555 0.0421875 0.075
5 0.6760416666666667 0.3087962962962963 0.06145833333333333 0.10833333333333334
7 0.43828125 0.32175925925925924 0.0484375 0.0712962962962963
7 0.7125 0.36064814814814816 0.06145833333333333 0.0787037037037037
0 0.5050312499999999 0.3896574074074074 0.052083333333333336 0.09722222222222222
1 0.44114583333333335 0.5203703703703704 0.05 0.09074074074074075
4 0.6596354166666667 0.5875 0.0453125 0.07685185185185185
8 0.5481770833333334 0.6037037037037037 0.05572916666666667 0.09444444444444444
2 0.41171875 0.6212962962962963 0.0515625 0.1
4 0.457375 0.6412037037037037 0.04010416666666667 0.08796296296296297