0 0.26979166666666665 0.09259259259259259 0.05520833333333333 0.09814814814814815
6 0.48932291666666666 0.9634259259259259 0.0515625 0.0712962962962963
4 0.30703125 0.1087962962962963 0.04114583333333333 0.06944444444444445
4 0.35442708333333334 0.3902777777777778 0.0421875 0.07685185185185185
1 0.5453125 0.43287037037037035 0.03854166666666667 0.0787037037037037
8 0.39375 0.4615740740740741 0.04479166666666667 0.06759259259259259
2 0.31927083333333334 0.047685185185185185 0.042708333333333334 0.06759259259259259
8 0.40130208333333334 0.5555555555555556 0.04739583333333333 0.09259259259259259
7 0.61171875 0.5921296296296297 0.0328125 0.05462962962962963
4 0.6294270833333333 0.6388888888888888 0.04635416666666667 0.06481481481481481
0 0.24895833333333334 0.6601851851851852 0.042708333333333334 0.07962962962962963
4 0.53046875 0.6782407407407407 0.04635416666666667 0.06944444444444445
8 0.6645833333333333 0.732712962962963 0.04479166666666667 0.06481481481481481
0 0.534375 0.7578703703703704 0.05 0.08425925925925926
8 0.41953125 0.7689814814814815 0.0421875 0.075
4 0.5234375 0.850462962962963 0.04479166666666667 0.075