0 0.6890625 0.9736111111111111 0.06041666666666667 0.05092592592592592
4 0.7825520833333334 0.09907407407407408 0.0484375 0.07592592592592592
8 0.6971354166666667 0.09907407407407408 0.04635416666666667 0.08333333333333333
4 0.6783854166666666 0.3055555555555556 0.06510416666666667 0.08518518518518518
2 0.49765625 0.3731481481481482 0.05364583333333333 0.09074074074074075
8 0.35651041666666666 0.49166666666666664 0.0484375 0.07962962962962963
0 0.30494791666666665 0.512962962962963 0.0703125 0.1
0 0.37838541666666664 0.5583333333333333 0.04635416666666667 0.08703703703703704
8 0.65390625 0.5675925925925925 0.04114583333333333 0.07222222222222222
6 0.3372395833333333 0.674074074074074 0.06197916666666667 0.1037037037037037
8 0.6346354166666667 0.687037037037037 0.044270833333333336 0.08148148148148149
2 0.57265625 0.7046296296296296 0.06614583333333333 0.10185185185185185
2 0.6533802083333333 0.7555555555555555 0.05260416666666667 0.08888888888888889
5 0.64453125 0.9037037037037037 0.04739583333333333 0.08888888888888889