1 0.16692708333333334 0.16018518518518518 0.05260416666666667 0.09444444444444444
4 0.80234375 0.20462962962962963 0.0484375 0.1388888888888889
2 0.18776041666666668 0.26666666666666666 0.0671875 0.06666666666666667
8 0.6393229166666666 0.39351851851851855 0.05572916666666667 0.10925925925925926
8 0.5122395833333333 0.412962962962963 0.04739583333333333 0.07777777777777778
7 0.56953125 0.45925925925925926 0.05364583333333333 0.1037037037037037
8 0.4705729166666667 0.5222222222222223 0.04114583333333333 0.1
4 0.5481770833333334 0.55 0.05677083333333333 0.08888888888888889
0 0.5184895833333333 0.6851851851851852 0.04739583333333333 0.1259259259259259
0 0.6346354166666667 0.7351851851851852 0.05260416666666667 0.09259259259259259
1 0.4518229166666667 0.9203703703703704 0.0578125 0.09259259259259259