1 0.7809895833333333 0.15833333333333333 0.04114583333333333 0.06851851851851852
4 0.77890625 0.28055555555555556 0.043229166666666666 0.08703703703703704
2 0.4231770833333333 0.30185185185185187 0.05260416666666667 0.0962962962962963
7 0.7981770833333334 0.3287037037037037 0.0421875 0.06111111111111111
0 0.55859375 0.33240740740740743 0.044270833333333336 0.07222222222222222
8 0.5924479166666666 0.34074074074074073 0.0390625 0.07407407407407407
8 0.59140625 0.34074074074074073 0.03697916666666667 0.07407407407407407
4 0.4356770833333333 0.38981481481481484 0.0546875 0.09444444444444444
4 0.71796875 0.041666666666666664 0.04635416666666667 0.08333333333333333
0 0.49921875 0.4546296296296296 0.050520833333333334 0.08333333333333333
7 0.79765625 0.45555555555555555 0.0390625 0.06296296296296296
4 0.5700520833333333 0.47685185185185186 0.0421875 0.08333333333333333
1 0.20026041666666666 0.5046296296296297 0.033854166666666664 0.07222222222222222
0 0.5231770833333333 0.5157407407407407 0.03802083333333333 0.06111111111111111
6 0.5518229166666667 0.5777777777777777 0.06197916666666667 0.10740740740740741
2 0.76015625 0.5824074074074074 0.0640625 0.10925925925925926
2 0.49296875 0.5851851851851851 0.0359375 0.07037037037037037
8 0.5205729166666667 0.65 0.034895833333333334 0.06666666666666667
0 0.80234375 0.6537037037037037 0.05260416666666667 0.08888888888888889
7 0.47890625 0.674074074074074 0.034895833333333334 0.07407407407407407
0 0.16067708333333333 0.712037037037037 0.04010416666666667 0.06851851851851852
2 0.8096354166666667 0.7472222222222222 0.0421875 0.07592592592592592
2 0.15755208333333334 0.7787037037037037 0.03802083333333333 0.07222222222222222
4 0.8033854166666666 0.8074074074074075 0.03802083333333333 0.06296296296296296
8 0.71171875 0.8212962962962963 0.03802083333333333 0.06851851851851852
0 0.7643229166666666 0.8416666666666667 0.04739583333333333 0.07222222222222222
7 0.7971354166666667 0.9037037037037037 0.04010416666666667 0.07777777777777778