2 0.45416666666666666 0.9462962962962963 0.04479166666666667 0.07592592592592592
0 0.8122395833333333 0.9555555555555556 0.0453125 0.07962962962962963
0 0.4557291666666667 0.09814814814814815 0.052083333333333336 0.08333333333333333
2 0.8057291666666667 0.12361111111111112 0.041666666666666664 0.075
4 0.4388020833333333 0.17407407407407408 0.0421875 0.07222222222222222
0 0.31328125 0.2310185185185185 0.049479166666666664 0.09722222222222222
0 0.5700520833333333 0.31342592592592594 0.0421875 0.06944444444444445
4 0.38307291666666665 0.34814814814814815 0.0390625 0.07222222222222222
4 0.42682291666666666 0.03564814814814815 0.030729166666666665 0.05462962962962963
4 0.6463541666666667 0.42962962962962964 0.041666666666666664 0.07222222222222222
7 0.421875 0.4935185185185185 0.04479166666666667 0.08518518518518518
8 0.48359375 0.5009259259259259 0.0359375 0.06666666666666667
4 0.6192708333333333 0.5083333333333333 0.04583333333333333 0.07407407407407407