8 0.5565104166666667 0.23148148148148148 0.04739583333333333 0.08333333333333333
2 0.5333333333333333 0.27361111111111114 0.03854166666666667 0.06388888888888888
4 0.6138020833333333 0.03287037037037037 0.0453125 0.06574074074074074
4 0.3497395833333333 0.337037037037037 0.03802083333333333 0.07222222222222222
4 0.28515625 0.36157407407407405 0.04635416666666667 0.07314814814814814
0 0.3880208333333333 0.37962962962962965 0.052083333333333336 0.08333333333333333
7 0.69609375 0.4162037037037037 0.043229166666666666 0.0712962962962963
5 0.63984375 0.4597222222222222 0.0515625 0.08796296296296297
4 0.49557291666666664 0.4759259259259259 0.03802083333333333 0.06481481481481481
4 0.5796875 0.5018518518518519 0.04375 0.07592592592592592
7 0.2234375 0.5305555555555556 0.06041666666666667 0.10740740740740741
4 0.5416666666666666 0.649537037037037 0.040625 0.0787037037037037
0 0.6815104166666667 0.6787037037037037 0.043229166666666666 0.07777777777777778
8 0.22604166666666667 0.7134259259259259 0.057291666666666664 0.09166666666666666
0 0.559375 0.7907407407407407 0.040625 0.08333333333333333
4 0.5002604166666667 0.8189814814814815 0.0390625 0.08055555555555556