2 0.27682291666666664 0.9268518518518518 0.05260416666666667 0.08888888888888889
4 0.840625 0.9291666666666667 0.03854166666666667 0.07685185185185185
0 0.18489583333333334 0.9453703703703704 0.040625 0.07037037037037037
7 0.6671875 0.9490740740740741 0.05416666666666667 0.09814814814814815
2 0.32421875 0.9601851851851851 0.0515625 0.07777777777777778
4 0.39140625 0.9648148148148148 0.0359375 0.06851851851851852
1 0.21822916666666667 0.9694444444444444 0.041666666666666664 0.05925925925925926
7 0.44166666666666665 0.9699074074074074 0.03854166666666667 0.058333333333333334
0 0.24921875 0.9796296296296296 0.0390625 0.03888888888888889
5 0.325 0.10925925925925926 0.05520833333333333 0.09259259259259259
0 0.27109375 0.11203703703703703 0.03802083333333333 0.07037037037037037
7 0.19166666666666668 0.11712962962962963 0.04583333333333333 0.07685185185185185
2 0.23307291666666666 0.14212962962962963 0.05260416666666667 0.07685185185185185
7 0.80859375 0.16018518518518518 0.05572916666666667 0.09259259259259259
6 0.27447916666666666 0.16527777777777777 0.034375 0.05648148148148148
6 0.19401041666666666 0.19537037037037036 0.0421875 0.07222222222222222
1 0.23880208333333333 0.20972222222222223 0.03802083333333333 0.06759259259259259
0 0.334984375 0.02824074074074074 0.03697916666666667 0.05648148148148148
8 0.6859375 0.2824074074074074 0.0375 0.06481481481481481
0 0.28350520833333337 0.28271296296296294 0.051041666666666666 0.09259259259259259
0 0.19114583333333332 0.2953703703703704 0.034375 0.06296296296296296
4 0.6419270833333334 0.030555555555555555 0.0421875 0.06111111111111111
4 0.3020833333333333 0.031018518518518518 0.03958333333333333 0.058333333333333334
0 0.23645833333333333 0.32175925925925924 0.06041666666666667 0.11203703703703703
0 0.3846354166666667 0.033796296296296297 0.043229166666666666 0.06759259259259259
4 0.6294270833333333 0.33564814814814814 0.04635416666666667 0.0824074074074074
2 0.36953125 0.3402777777777778 0.0421875 0.0787037037037037
0 0.19453125 0.3888888888888889 0.0484375 0.08703703703703704
2 0.23645833333333333 0.4060185185185185 0.03958333333333333 0.06759259259259259
0 0.6166666666666667 0.4166666666666667 0.05 0.07962962962962963
6 0.6783854166666666 0.42314814814814816 0.0609375 0.10925925925925926
8 0.4309895833333333 0.44027777777777777 0.0484375 0.08425925925925926
6 0.28125 0.462037037037037 0.040625 0.06296296296296296
7 0.19635416666666666 0.47685185185185186 0.05520833333333333 0.08888888888888889
0 0.24192708333333332 0.04861111111111111 0.04739583333333333 0.08425925925925926
4 0.55703125 0.48842592592592593 0.03697916666666667 0.06388888888888888
0 0.6316927083333332 0.4981481481481482 0.04895833333333333 0.08333333333333333
4 0.4088541666666667 0.49953703703703706 0.03958333333333333 0.06759259259259259
0 0.24695833333333334 0.508175925925926 0.03697916666666667 0.06944444444444445
8 0.3067708333333333 0.5097222222222222 0.05 0.08425925925925926
4 0.21380208333333334 0.5189814814814815 0.04114583333333333 0.06944444444444445
7 0.5908854166666667 0.5314814814814814 0.0421875 0.06296296296296296
2 0.18671875 0.537962962962963 0.03802083333333333 0.06111111111111111
0 0.8239583333333333 0.5416666666666666 0.05 0.09259259259259259
2 0.19192708333333333 0.05648148148148148 0.04114583333333333 0.07222222222222222
4 0.2877604166666667 0.575 0.03697916666666667 0.07037037037037037
2 0.25442708333333336 0.5861111111111111 0.03802083333333333 0.07037037037037037
7 0.19296875 0.5981481481481481 0.0484375 0.07222222222222222
4 0.64140625 0.5995370370370371 0.04114583333333333 0.06944444444444445
2 0.5558177083333333 0.6080277777777777 0.0359375 0.07407407407407407
8 0.60390625 0.611574074074074 0.04010416666666667 0.075
4 0.5205729166666667 0.6134259259259259 0.0421875 0.06944444444444445
0 0.47265625 0.6194444444444445 0.0578125 0.11481481481481481
7 0.8278645833333333 0.6310185185185185 0.04739583333333333 0.0824074074074074
2 0.7864583333333334 0.6425925925925926 0.042708333333333334 0.07222222222222222
5 0.3645833333333333 0.6503055555555556 0.06145833333333333 0.11481481481481481
1 0.6838541666666667 0.6620370370370371 0.04791666666666667 0.09259259259259259
1 0.2984375 0.6625 0.03854166666666667 0.06944444444444445
6 0.23645833333333333 0.6643518518518519 0.06458333333333334 0.10277777777777777
7 0.18723958333333332 0.6689814814814815 0.03697916666666667 0.06574074074074074
0 0.6458333333333334 0.6692870370370371 0.0375 0.06944444444444445
2 0.5979166666666667 0.6976851851851852 0.0375 0.06759259259259259
7 0.8328125 0.7046296296296296 0.03958333333333333 0.06296296296296296
2 0.31276041666666665 0.725 0.0484375 0.08333333333333333
0 0.626734375 0.7472222222222222 0.05 0.09074074074074075
4 0.4363697916666667 0.7479907407407408 0.0265625 0.05092592592592592
4 0.2 0.7601851851851852 0.04479166666666667 0.07037037037037037
4 0.3497395833333333 0.7648148148148148 0.0421875 0.07037037037037037
2 0.6794270833333333 0.7662037037037037 0.03697916666666667 0.06944444444444445
6 0.5763020833333333 0.7828703703703703 0.0515625 0.0787037037037037
8 0.4453125 0.787962962962963 0.03958333333333333 0.06111111111111111
7 0.40225520833333334 0.8026203703703704 0.04375 0.09351851851851851
4 0.6510416666666666 0.8074074074074075 0.0375 0.07222222222222222
4 0.6151041666666667 0.8273148148148148 0.03854166666666667 0.07685185185185185
6 0.2966979166666667 0.8319444444444445 0.06145833333333333 0.11388888888888889
0 0.6890625 0.8347222222222223 0.053125 0.09537037037037037
7 0.8299479166666667 0.8402777777777778 0.05677083333333333 0.09722222222222222
8 0.43255208333333334 0.8462962962962963 0.03802083333333333 0.06296296296296296
0 0.35139062499999996 0.8606481481481482 0.06145833333333333 0.11388888888888889
2 0.19036458333333334 0.8699074074074075 0.05364583333333333 0.08796296296296297
0 0.23489583333333333 0.8736111111111111 0.040625 0.075
4 0.4034739583333333 0.8800925925925925 0.040625 0.06944444444444445
4 0.5263020833333333 0.8962962962962963 0.0359375 0.07407407407407407
7 0.5640625 0.9037037037037037 0.0375 0.07222222222222222
1 0.44479166666666664 0.9106481481481481 0.03958333333333333 0.06759259259259259