6 0.5690104166666666 0.17685185185185184 0.0609375 0.10925925925925926
5 0.48515625 0.2013888888888889 0.06302083333333333 0.11203703703703703
4 0.5609375 0.2574074074074074 0.0375 0.07037037037037037
4 0.378125 0.2916666666666667 0.040625 0.06481481481481481
8 0.5997395833333333 0.29814814814814816 0.0515625 0.09074074074074075
7 0.5338541666666666 0.3060185185185185 0.04479166666666667 0.075
7 0.44244791666666666 0.4925925925925926 0.0421875 0.07407407407407407
4 0.5877604166666667 0.5504629629629629 0.0359375 0.06759259259259259
7 0.6286458333333333 0.5939814814814814 0.05 0.09166666666666666
1 0.5471354166666667 0.5981481481481481 0.034895833333333334 0.06111111111111111
1 0.31197916666666664 0.7240740740740741 0.05520833333333333 0.09074074074074075