7 0.8388020833333333 0.9453703703703704 0.049479166666666664 0.09444444444444444
2 0.7106770833333333 0.9462962962962963 0.0453125 0.07777777777777778
6 0.30833333333333335 0.9532407407407407 0.051041666666666666 0.09166666666666666
6 0.19869791666666667 0.2037037037037037 0.050520833333333334 0.07037037037037037
0 0.6872395833333333 0.24444444444444444 0.0421875 0.06666666666666667
7 0.6080729166666666 0.2953703703703704 0.0359375 0.07222222222222222
5 0.7221354166666667 0.29907407407407405 0.049479166666666664 0.08703703703703704
0 0.64453125 0.30092592592592593 0.0359375 0.06481481481481481
0 0.6794270833333333 0.3037037037037037 0.03697916666666667 0.06666666666666667
2 0.19661979166666665 0.31666666666666665 0.050520833333333334 0.08888888888888889
2 0.5690104166666666 0.3537037037037037 0.0453125 0.08518518518518518
2 0.6127604166666667 0.3592592592592593 0.034895833333333334 0.06666666666666667
7 0.6971354166666667 0.36944444444444446 0.03697916666666667 0.06851851851851852
4 0.7518229166666667 0.36944444444444446 0.050520833333333334 0.09074074074074075
0 0.6544270833333333 0.37592592592592594 0.04739583333333333 0.1
2 0.5205729166666667 0.38425925925925924 0.04010416666666667 0.07962962962962963
6 0.83828125 0.3990740740740741 0.03177083333333333 0.06111111111111111
4 0.72890625 0.42314814814814816 0.04010416666666667 0.06481481481481481
8 0.55703125 0.4287037037037037 0.0484375 0.08703703703703704
8 0.41953125 0.4287037037037037 0.03802083333333333 0.07592592592592592
2 0.69296875 0.4351851851851852 0.04114583333333333 0.06296296296296296
4 0.5044270833333333 0.4388888888888889 0.034895833333333334 0.07407407407407407
5 0.66328125 0.44722222222222224 0.044270833333333336 0.07962962962962963
4 0.3815104166666667 0.45 0.043229166666666666 0.06296296296296296
6 0.75390625 0.45555555555555555 0.0359375 0.06666666666666667
2 0.61484375 0.4666666666666667 0.03697916666666667 0.06666666666666667
2 0.5299479166666666 0.4888888888888889 0.04010416666666667 0.07037037037037037
0 0.43359375 0.49444444444444446 0.05364583333333333 0.08888888888888889
6 0.65234375 0.5046296296296297 0.05364583333333333 0.09074074074074075
7 0.3653645833333333 0.5138888888888888 0.0484375 0.09074074074074075
7 0.38515625 0.05277777777777778 0.04635416666666667 0.08703703703703704
4 0.7455729166666667 0.5305555555555556 0.044270833333333336 0.06851851851851852
0 0.40286458333333336 0.5370370370370371 0.0421875 0.05925925925925926
1 0.32890625 0.5435185185185185 0.0359375 0.06481481481481481
2 0.5830729166666667 0.55 0.03177083333333333 0.06666666666666667
6 0.52265625 0.5509259259259259 0.0421875 0.07962962962962963
2 0.43671875 0.5564814814814815 0.034895833333333334 0.05740740740740741
7 0.7809895833333333 0.5574074074074075 0.04010416666666667 0.06666666666666667
7 0.6252604166666667 0.562037037037037 0.034895833333333334 0.07222222222222222
1 0.36015625 0.5787037037037037 0.03802083333333333 0.06851851851851852
8 0.2747395833333333 0.5851851851851851 0.0421875 0.07777777777777778
4 0.5455729166666666 0.6111111111111112 0.04010416666666667 0.06666666666666667
2 0.40338541666666666 0.6222222222222222 0.059895833333333336 0.1037037037037037
4 0.4591145833333333 0.6314814814814815 0.04635416666666667 0.06296296296296296
8 0.8309895833333333 0.6435185185185185 0.0421875 0.07222222222222222
6 0.30078125 0.6555555555555556 0.06302083333333333 0.11481481481481481
7 0.5169270833333334 0.675 0.049479166666666664 0.09074074074074075
7 0.7658854166666667 0.687962962962963 0.0390625 0.06481481481481481
4 0.4544270833333333 0.6953703703703704 0.0390625 0.06111111111111111
8 0.3846354166666667 0.7 0.043229166666666666 0.06666666666666667
0 0.6856770833333333 0.7064814814814815 0.0515625 0.09074074074074075
0 0.3341145833333333 0.7157407407407408 0.050520833333333334 0.08703703703703704
4 0.5924479166666666 0.7203703703703703 0.050520833333333334 0.08148148148148149
5 0.25390625 0.7231481481481481 0.0671875 0.10925925925925926
0 0.4158854166666667 0.7305555555555555 0.0390625 0.06111111111111111
2 0.74921875 0.7777777777777778 0.043229166666666666 0.07037037037037037
0 0.37578125 0.7851851851851852 0.0640625 0.09259259259259259
4 0.41432291666666665 0.8222222222222222 0.03802083333333333 0.06296296296296296
2 0.27005208333333336 0.8324074074074074 0.043229166666666666 0.07222222222222222
8 0.30755208333333334 0.8481481481481481 0.0453125 0.07777777777777778
0 0.6544270833333333 0.8685185185185185 0.0390625 0.07037037037037037
0 0.34453125 0.8740740740740741 0.0484375 0.1
8 0.53984375 0.8787037037037037 0.03697916666666667 0.06851851851851852
0 0.24661458333333333 0.8842592592592593 0.044270833333333336 0.07592592592592592
0 0.41953125 0.8870370370370371 0.0359375 0.07777777777777778
1 0.38567708333333334 0.887962962962963 0.043229166666666666 0.07222222222222222
4 0.28020833333333334 0.8962962962962963 0.03854166666666667 0.07777777777777778
0 0.4778645833333333 0.9009259259259259 0.0484375 0.09814814814814815