1 0.4236979166666667 0.09768518518518518 0.0453125 0.075
6 0.36328125 0.11435185185185186 0.05364583333333333 0.10092592592592593
7 0.257640625 0.41374074074074074 0.042708333333333334 0.075
4 0.6640625 0.4787037037037037 0.04375 0.07407407407407407
5 0.40859375 0.48564814814814816 0.0609375 0.11018518518518519
4 0.77421875 0.4912037037037037 0.044270833333333336 0.06944444444444445
4 0.7989583333333333 0.5611111111111111 0.04479166666666667 0.07222222222222222
7 0.43359375 0.5888888888888889 0.05260416666666667 0.09444444444444444
0 0.5065104166666666 0.5916666666666667 0.0421875 0.08518518518518518
0 0.3421875 0.6083333333333333 0.052083333333333336 0.1
4 0.23776041666666667 0.6138888888888889 0.0484375 0.08518518518518518
6 0.46770833333333334 0.6527777777777778 0.06145833333333333 0.10740740740740741
4 0.540625 0.7027777777777777 0.03854166666666667 0.06296296296296296
1 0.50703125 0.7211388888888889 0.0390625 0.0712962962962963
1 0.284375 0.7912037037037037 0.042708333333333334 0.08425925925925926
4 0.43020833333333336 0.812037037037037 0.04479166666666667 0.07407407407407407
4 0.50434375 0.8123425925925927 0.05625 0.10185185185185185