6 0.48326359832635984 0.23414179104477612 0.043933054393305436 0.09514925373134328
2 0.5515167364016736 0.2737873134328358 0.04654811715481171 0.08115671641791045
0 0.5266736401673641 0.3530783582089552 0.04497907949790795 0.08675373134328358
0 0.428347280334728 0.376865671641791 0.0596234309623431 0.09514925373134328
1 0.4986924686192469 0.44169776119402987 0.05073221757322176 0.07182835820895522
4 0.5486401673640168 0.45615671641791045 0.049163179916317995 0.09514925373134328
0 0.6589958158995816 0.5513059701492538 0.04602510460251046 0.07276119402985075
5 0.42677824267782427 0.5690298507462687 0.0502092050209205 0.09328358208955224
4 0.3797071129707113 0.5690298507462687 0.05543933054393305 0.11194029850746269
1 0.4194560669456067 0.6506529850746269 0.049163179916317995 0.08861940298507463
8 0.5002615062761506 0.6637126865671642 0.04131799163179916 0.07182835820895522
4 0.5389644351464435 0.6982276119402985 0.040271966527196654 0.08115671641791045
4 0.5983263598326359 0.7168843283582089 0.049163179916317995 0.08115671641791045
6 0.5789748953974896 0.7961753731343284 0.0596234309623431 0.10541044776119403