4 0.39140625 0.3648148148148148 0.03697916666666667 0.06666666666666667
4 0.6596354166666667 0.3685185185185185 0.0296875 0.05185185185185185
0 0.32421875 0.42777777777777776 0.04010416666666667 0.07037037037037037
0 0.26484375 0.46296296296296297 0.0421875 0.07037037037037037
1 0.61796875 0.4842592592592593 0.0421875 0.06481481481481481
4 0.7419270833333333 0.5768518518518518 0.04010416666666667 0.06481481481481481
8 0.38307291666666665 0.5879629629629629 0.043229166666666666 0.07592592592592592
4 0.49244791666666665 0.5962962962962963 0.0390625 0.06666666666666667
0 0.15651041666666668 0.6166666666666667 0.044270833333333336 0.07777777777777778
7 0.6161458333333333 0.6305555555555555 0.040625 0.10925925925925926
0 0.66796875 0.637962962962963 0.0609375 0.11666666666666667
0 0.3221354166666667 0.6416666666666667 0.0484375 0.09074074074074075
4 0.54140625 0.6564814814814814 0.034895833333333334 0.06851851851851852
1 0.4908854166666667 0.675 0.04010416666666667 0.06481481481481481
8 0.7518229166666667 0.7 0.049479166666666664 0.08888888888888889
4 0.6825520833333333 0.825 0.0421875 0.07222222222222222