4 0.44036458333333334 0.12962962962962962 0.04739583333333333 0.07037037037037037
2 0.7486979166666666 0.22037037037037038 0.0453125 0.07037037037037037
8 0.7919270833333333 0.26296296296296295 0.04635416666666667 0.07037037037037037
0 0.22734375 0.275 0.04010416666666667 0.07962962962962963
0 0.17473958333333334 0.33425925925925926 0.06614583333333333 0.12037037037037036
0 0.21901041666666668 0.36944444444444446 0.04010416666666667 0.07962962962962963
2 0.4434895833333333 0.4564814814814815 0.04114583333333333 0.07962962962962963
8 0.4903645833333333 0.4685185185185185 0.049479166666666664 0.0962962962962963
2 0.80546875 0.5092592592592593 0.03802083333333333 0.05925925925925926
6 0.47265625 0.5481481481481482 0.050520833333333334 0.08518518518518518
4 0.5091145833333334 0.5833333333333334 0.0390625 0.07407407407407407
0 0.64765625 0.6453703703703704 0.049479166666666664 0.07592592592592592
4 0.31744791666666666 0.7064814814814815 0.043229166666666666 0.07962962962962963
7 0.6122395833333333 0.7148148148148148 0.043229166666666666 0.07407407407407407
4 0.49765625 0.7287037037037037 0.0390625 0.07962962962962963
1 0.21848958333333332 0.7425925925925926 0.049479166666666664 0.1037037037037037