2 0.7044270833333334 0.9314814814814815 0.050520833333333334 0.08888888888888889
0 0.19036458333333334 0.24444444444444444 0.043229166666666666 0.08148148148148149
8 0.37526041666666665 0.3287037037037037 0.03802083333333333 0.07592592592592592
5 0.4674479166666667 0.03425925925925926 0.05364583333333333 0.06851851851851852
4 0.17786458333333333 0.03425925925925926 0.049479166666666664 0.06851851851851852
7 0.7596354166666667 0.44074074074074077 0.04010416666666667 0.07037037037037037
6 0.33359375 0.44351851851851853 0.06302083333333333 0.10555555555555556
0 0.78984375 0.4740740740740741 0.04010416666666667 0.07037037037037037
2 0.42213541666666665 0.5314814814814814 0.0484375 0.0962962962962963
6 0.72578125 0.5361111111111111 0.043229166666666666 0.06111111111111111
7 0.378125 0.05462962962962963 0.046875 0.07592592592592592
8 0.76484375 0.649074074074074 0.0484375 0.07592592592592592
2 0.7934895833333333 0.6981481481481482 0.04114583333333333 0.07407407407407407
8 0.7403645833333333 0.7324074074074074 0.05364583333333333 0.09074074074074075
0 0.5018229166666667 0.7509259259259259 0.0390625 0.06851851851851852
7 0.50390625 0.8166666666666667 0.0390625 0.06666666666666667