0 0.37213541666666666 0.1550925925925926 0.049479166666666664 0.09722222222222222
0 0.69296875 0.2222222222222222 0.06197916666666667 0.11666666666666667
8 0.7380208333333333 0.26064814814814813 0.05 0.0824074074074074
7 0.23515625 0.36898148148148147 0.058854166666666666 0.08055555555555556
7 0.31223958333333335 0.44305555555555554 0.04635416666666667 0.06574074074074074
4 0.44114583333333335 0.4842592592592593 0.0375 0.07777777777777778
4 0.4901041666666667 0.48518518518518516 0.03958333333333333 0.07222222222222222
4 0.3203125 0.5407407407407407 0.041666666666666664 0.07222222222222222
1 0.22760416666666666 0.6236111111111111 0.03958333333333333 0.0712962962962963
8 0.60859375 0.6240740740740741 0.0390625 0.06851851851851852
0 0.6880208333333333 0.6328703703703704 0.04375 0.075
5 0.57890625 0.6675925925925926 0.0484375 0.08888888888888889
0 0.47578125 0.7129629629629629 0.05260416666666667 0.09814814814814815
4 0.37994791666666666 0.7384259259259259 0.044270833333333336 0.0787037037037037
0 0.43203125 0.8 0.05260416666666667 0.09444444444444444