2 0.3184895833333333 0.11574074074074074 0.0515625 0.09074074074074075
0 0.60234375 0.12407407407407407 0.03802083333333333 0.07407407407407407
8 0.5721354166666667 0.14351851851851852 0.0390625 0.07592592592592592
1 0.67890625 0.15462962962962962 0.05364583333333333 0.06481481481481481
2 0.3846354166666667 0.2518518518518518 0.0296875 0.05185185185185185
8 0.6440104166666667 0.27685185185185185 0.044270833333333336 0.08333333333333333
2 0.3424479166666667 0.2796296296296296 0.0390625 0.07407407407407407
4 0.37786458333333334 0.3148148148148148 0.05364583333333333 0.0962962962962963
0 0.3653645833333333 0.03796296296296296 0.0453125 0.07592592592592592
2 0.28151041666666665 0.40185185185185185 0.04739583333333333 0.07037037037037037
8 0.59140625 0.4185185185185185 0.0515625 0.08888888888888889
2 0.41432291666666665 0.48148148148148145 0.05572916666666667 0.1
0 0.7856770833333333 0.5287037037037037 0.0734375 0.10925925925925926
8 0.66484375 0.5425925925925926 0.0546875 0.08518518518518518
4 0.61171875 0.5425925925925926 0.0359375 0.07037037037037037
4 0.5497395833333333 0.5666666666666667 0.0390625 0.08148148148148149
2 0.60703125 0.05740740740740741 0.04739583333333333 0.07037037037037037
7 0.35078125 0.6092592592592593 0.049479166666666664 0.1
8 0.6091145833333333 0.612037037037037 0.0546875 0.09444444444444444
7 0.6502604166666667 0.6194444444444445 0.044270833333333336 0.07592592592592592
0 0.38776041666666666 0.6555555555555556 0.044270833333333336 0.05925925925925926
1 0.6731770833333334 0.6935185185185185 0.0359375 0.07222222222222222
2 0.40546875 0.7351851851851852 0.044270833333333336 0.06666666666666667
2 0.48411458333333335 0.762962962962963 0.0390625 0.07037037037037037
4 0.44609375 0.7981481481481482 0.04739583333333333 0.06666666666666667
0 0.52265625 0.8555555555555555 0.0515625 0.09259259259259259