2 0.5919270833333333 0.11851851851851852 0.058854166666666666 0.08518518518518518
4 0.24296875 0.3787037037037037 0.05260416666666667 0.09814814814814815
0 0.45598958333333334 0.43148148148148147 0.0828125 0.12222222222222222
7 0.5559895833333334 0.4361111111111111 0.034895833333333334 0.08333333333333333
4 0.5955729166666667 0.05185185185185185 0.043229166666666666 0.07037037037037037
8 0.64140625 0.5296296296296297 0.0515625 0.1
2 0.45651041666666664 0.5342592592592592 0.0546875 0.09444444444444444
4 0.5044270833333333 0.5453703703703704 0.05260416666666667 0.08703703703703704
8 0.5502604166666667 0.6268518518518519 0.04635416666666667 0.09074074074074075
6 0.6575520833333334 0.674074074074074 0.0734375 0.1111111111111111
8 0.59609375 0.7064814814814815 0.06510416666666667 0.10185185185185185
0 0.5325520833333334 0.7509259259259259 0.0546875 0.11296296296296296
0 0.5877604166666667 0.912962962962963 0.044270833333333336 0.08888888888888889