4 0.8385416666666666 0.9351851851851852 0.03958333333333333 0.07037037037037037
0 0.7809895833333333 0.95 0.044270833333333336 0.09814814814814815
8 0.4432291666666667 0.9541666666666667 0.052083333333333336 0.08981481481481482
1 0.48723958333333334 0.9680555555555556 0.04114583333333333 0.062037037037037036
7 0.5221354166666666 0.9717592592592592 0.04010416666666667 0.05462962962962963
5 0.19557291666666668 0.9717592592592592 0.0671875 0.05462962962962963
8 0.5578125 0.9731481481481481 0.040625 0.05185185185185185
2 0.8161458333333333 0.9777777777777777 0.041666666666666664 0.04259259259259259
2 0.22317708333333333 0.09814814814814815 0.0484375 0.07222222222222222
8 0.7697916666666667 0.1162037037037037 0.04895833333333333 0.09722222222222222
2 0.19401041666666666 0.1287037037037037 0.0421875 0.06851851851851852
2 0.4098072916666667 0.16620370370370371 0.04114583333333333 0.07314814814814814
0 0.47161458333333334 0.1787037037037037 0.03802083333333333 0.07037037037037037
7 0.220140625 0.17916666666666667 0.040625 0.08425925925925926
2 0.44114583333333335 0.1986111111111111 0.034375 0.06944444444444445
6 0.19166666666666668 0.22592592592592592 0.04895833333333333 0.07777777777777778
4 0.503125 0.24768518518518517 0.03854166666666667 0.075
2 0.790625 0.26435185185185184 0.05416666666666667 0.09722222222222222
0 0.47265625 0.2740740740740741 0.0421875 0.06296296296296296
8 0.5700520833333333 0.29768518518518516 0.05260416666666667 0.09537037037037037
0 0.5203125 0.30185185185185187 0.03958333333333333 0.07037037037037037
7 0.6184895833333334 0.30324074074074076 0.05572916666666667 0.0824074074074074
7 0.7473958333333334 0.30694444444444446 0.042708333333333334 0.07685185185185185
0 0.3692708333333333 0.3125 0.04895833333333333 0.0824074074074074
2 0.31875 0.3199074074074074 0.05 0.08796296296296297
0 0.42473958333333334 0.32592592592592595 0.058854166666666666 0.10185185185185185
8 0.4796875 0.34305555555555556 0.035416666666666666 0.06944444444444445
0 0.28020833333333334 0.35185185185185186 0.03333333333333333 0.06481481481481481
4 0.5114583333333333 0.3611111111111111 0.034375 0.05925925925925926
0 0.24166666666666667 0.3662037037037037 0.05 0.075
4 0.6107656250000001 0.3685185185185185 0.04375 0.06111111111111111
4 0.5447916666666667 0.37037037037037035 0.03333333333333333 0.05925925925925926
1 0.828125 0.3861111111111111 0.0375 0.07222222222222222
7 0.6708333333333333 0.399537037037037 0.042708333333333334 0.07685185185185185
5 0.32916666666666666 0.40185185185185185 0.05520833333333333 0.08148148148148149
5 0.20104166666666667 0.0412037037037037 0.04583333333333333 0.06944444444444445
6 0.28177083333333336 0.4134259259259259 0.040625 0.058333333333333334
7 0.21953125 0.43796296296296294 0.05260416666666667 0.08888888888888889
2 0.59765625 0.44351851851851853 0.0390625 0.07407407407407407
7 0.6697916666666667 0.04583333333333333 0.03854166666666667 0.0787037037037037
2 0.25677083333333334 0.45555555555555555 0.04375 0.07222222222222222
2 0.5065104166666666 0.4689814814814815 0.058854166666666666 0.09537037037037037
7 0.63046875 0.47175925925925927 0.050520833333333334 0.08796296296296297
4 0.321875 0.4837962962962963 0.040625 0.07314814814814814
6 0.55078125 0.49027777777777776 0.05260416666666667 0.12314814814814815
2 0.6822916666666666 0.4976851851851852 0.06041666666666667 0.10277777777777777
1 0.7947916666666667 0.5069444444444444 0.04375 0.07314814814814814
7 0.22473958333333333 0.5106481481481482 0.04114583333333333 0.058333333333333334
2 0.28116145833333334 0.5165092592592593 0.0421875 0.06944444444444445
2 0.2515625 0.5680555555555555 0.04895833333333333 0.08425925925925926
8 0.8083333333333333 0.5856481481481481 0.03958333333333333 0.05648148148148148
4 0.6791666666666667 0.6027777777777777 0.03854166666666667 0.07222222222222222
8 0.7200520833333334 0.6111111111111112 0.03697916666666667 0.07407407407407407
6 0.76015625 0.6370370370370371 0.050520833333333334 0.09259259259259259
4 0.8005208333333333 0.6388888888888888 0.04479166666666667 0.07037037037037037
8 0.40850000000000003 0.6527777777777778 0.040625 0.07962962962962963
4 0.6388020833333333 0.6601851851851852 0.03697916666666667 0.07037037037037037
7 0.83203125 0.6856481481481481 0.04010416666666667 0.10277777777777777
2 0.19817708333333334 0.6884259259259259 0.0515625 0.09351851851851851
4 0.6458333333333334 0.7152777777777778 0.05 0.075
7 0.6914947916666667 0.7248425925925926 0.03854166666666667 0.06759259259259259
2 0.2875 0.7287037037037037 0.04479166666666667 0.07222222222222222
4 0.23046875 0.7319444444444444 0.043229166666666666 0.06944444444444445
7 0.83671875 0.7435185185185185 0.03697916666666667 0.06111111111111111
2 0.19036458333333334 0.7523148148148148 0.0359375 0.05092592592592592
0 0.18828125 0.7986111111111112 0.0421875 0.06018518518518518
7 0.8221354166666667 0.8055555555555556 0.0515625 0.09814814814814815
7 0.7161458333333334 0.8101851851851852 0.05 0.09259259259259259
2 0.7184895833333333 0.08472222222222223 0.04010416666666667 0.06759259259259259
2 0.30520833333333336 0.850462962962963 0.04375 0.075
0 0.64140625 0.8726851851851852 0.03697916666666667 0.0787037037037037
6 0.19973958333333333 0.8875 0.0671875 0.12129629629629629
7 0.54140625 0.9152777777777777 0.04010416666666667 0.07685185185185185
8 0.7342864583333333 0.925 0.05260416666666667 0.09074074074074075