0 0.3828125 0.9675925925925926 0.05625 0.06296296296296296
4 0.3546875 0.16527777777777777 0.041666666666666664 0.07314814814814814
6 0.48020833333333335 0.1712962962962963 0.03854166666666667 0.07777777777777778
4 0.4395833333333333 0.18888888888888888 0.042708333333333334 0.07592592592592592
2 0.5015625 0.22916666666666666 0.03958333333333333 0.05648148148148148
4 0.48098958333333336 0.023148148148148147 0.05572916666666667 0.046296296296296294
6 0.6393229166666666 0.02546296296296296 0.0734375 0.05092592592592592
0 0.46536458333333336 0.2777777777777778 0.03697916666666667 0.06481481481481481
8 0.5328125 0.03518518518518519 0.03958333333333333 0.053703703703703705
0 0.54609375 0.3541666666666667 0.050520833333333334 0.09907407407407408
2 0.29583333333333334 0.4583333333333333 0.040625 0.07407407407407407
7 0.6794270833333333 0.5 0.033854166666666664 0.07222222222222222
7 0.49921875 0.5138888888888888 0.04010416666666667 0.07777777777777778
2 0.7769947916666666 0.5333333333333333 0.044270833333333336 0.06481481481481481
4 0.25755208333333335 0.5337962962962963 0.0484375 0.07314814814814814
0 0.7283854166666667 0.5344166666666667 0.0421875 0.06944444444444445
0 0.8072916666666666 0.575925925925926 0.046875 0.06851851851851852
7 0.5410625000000001 0.585037037037037 0.04114583333333333 0.07685185185185185
1 0.3346354166666667 0.587037037037037 0.0421875 0.06851851851851852
8 0.428125 0.5921296296296297 0.03854166666666667 0.0712962962962963
1 0.2669270833333333 0.6064814814814815 0.04010416666666667 0.08148148148148149
4 0.4046875 0.6203703703703703 0.029166666666666667 0.053703703703703705
8 0.6783854166666666 0.6236111111111111 0.04010416666666667 0.075
2 0.7825520833333334 0.6662037037037037 0.04010416666666667 0.0712962962962963
0 0.39791666666666664 0.6666666666666666 0.03854166666666667 0.06111111111111111
4 0.20026041666666666 0.0763888888888889 0.04635416666666667 0.08425925925925926
7 0.3770833333333333 0.7708333333333334 0.05520833333333333 0.10277777777777777
0 0.32265625 0.775 0.043229166666666666 0.08148148148148149
8 0.6075520833333333 0.7768518518518519 0.04010416666666667 0.07037037037037037
7 0.7572916666666667 0.7949074074074074 0.04479166666666667 0.07685185185185185
5 0.51640625 0.08009259259259259 0.0453125 0.07685185185185185
1 0.44140625 0.8175925925925925 0.034895833333333334 0.07037037037037037
0 0.6333333333333333 0.8592592592592593 0.040625 0.07592592592592592
4 0.66328125 0.08657407407407407 0.049479166666666664 0.06759259259259259
2 0.79375 0.8768518518518519 0.04479166666666667 0.08148148148148149
8 0.5178020833333332 0.8805555555555555 0.0578125 0.10740740740740741
8 0.3046875 0.8856481481481482 0.05625 0.09537037037037037
7 0.46458333333333335 0.8898148148148148 0.05520833333333333 0.1037037037037037
4 0.3455729166666667 0.9097222222222222 0.0515625 0.09166666666666666