4 0.71796875 0.1111111111111111 0.03697916666666667 0.07037037037037037
0 0.73046875 0.18518518518518517 0.043229166666666666 0.06296296296296296
2 0.7377604166666667 0.26481481481481484 0.05364583333333333 0.0962962962962963
4 0.6440104166666667 0.3472222222222222 0.0328125 0.06481481481481481
7 0.72734375 0.3712962962962963 0.043229166666666666 0.07222222222222222
4 0.34140625 0.37777777777777777 0.033854166666666664 0.05925925925925926
0 0.68828125 0.43703703703703706 0.04635416666666667 0.07407407407407407
7 0.3919270833333333 0.44166666666666665 0.058854166666666666 0.09444444444444444
4 0.27005208333333336 0.6212962962962963 0.043229166666666666 0.08333333333333333
7 0.60546875 0.6407407407407407 0.0453125 0.08148148148148149
2 0.56328125 0.7240740740740741 0.033854166666666664 0.07407407407407407
8 0.36380208333333336 0.7574074074074074 0.05572916666666667 0.09259259259259259
1 0.5138020833333333 0.762962962962963 0.04114583333333333 0.07407407407407407
4 0.3190104166666667 0.8194444444444444 0.0390625 0.07222222222222222
0 0.5736979166666667 0.8388888888888889 0.06822916666666666 0.11481481481481481