7 0.63359375 0.9555555555555556 0.0421875 0.07777777777777778
4 0.4591145833333333 0.20555555555555555 0.05364583333333333 0.08518518518518518
8 0.6440104166666667 0.24351851851851852 0.03802083333333333 0.07222222222222222
0 0.5778645833333333 0.262037037037037 0.04114583333333333 0.07592592592592592
4 0.4544270833333333 0.2759259259259259 0.04010416666666667 0.07037037037037037
6 0.7325520833333333 0.287962962962963 0.04635416666666667 0.08333333333333333
8 0.44296875 0.35185185185185186 0.05260416666666667 0.08518518518518518
4 0.6221354166666667 0.40185185185185185 0.05260416666666667 0.09259259259259259
8 0.57734375 0.41759259259259257 0.03802083333333333 0.07222222222222222
4 0.6341145833333334 0.04351851851851852 0.049479166666666664 0.07962962962962963
0 0.4315104166666667 0.44537037037037036 0.050520833333333334 0.09814814814814815
8 0.24244791666666668 0.4935185185185185 0.0578125 0.09444444444444444
0 0.71640625 0.5101851851851852 0.0453125 0.07592592592592592
0 0.42473958333333334 0.6092592592592593 0.04114583333333333 0.06666666666666667
8 0.7815104166666667 0.6601851851851852 0.033854166666666664 0.06481481481481481
0 0.4315104166666667 0.6935185185185185 0.04635416666666667 0.07222222222222222