6 0.6971354166666667 0.9296296296296296 0.05364583333333333 0.09444444444444444
4 0.44114583333333335 0.9712962962962963 0.04583333333333333 0.05555555555555555
5 0.5731770833333333 0.17962962962962964 0.043229166666666666 0.07592592592592592
2 0.62734375 0.274537037037037 0.0640625 0.11018518518518519
4 0.7244791666666667 0.28194444444444444 0.0375 0.06574074074074074
6 0.6848958333333334 0.2887314814814815 0.04791666666666667 0.08425925925925926
8 0.72890625 0.3597222222222222 0.04114583333333333 0.0787037037037037
0 0.4466145833333333 0.3662037037037037 0.05260416666666667 0.09351851851851851
7 0.6552083333333333 0.36898148148148147 0.04895833333333333 0.08425925925925926
7 0.3729166666666667 0.6236111111111111 0.040625 0.0712962962962963
7 0.3828125 0.6671296296296296 0.029166666666666667 0.04351851851851852
4 0.41302083333333334 0.674537037037037 0.035416666666666666 0.07314814814814814
2 0.6182291666666667 0.7097222222222223 0.05416666666666667 0.09907407407407408
0 0.5854166666666667 0.7462962962962963 0.042708333333333334 0.07592592592592592
7 0.6678854166666667 0.7844166666666667 0.05416666666666667 0.09537037037037037
7 0.6075520833333333 0.8009259259259259 0.03697916666666667 0.07777777777777778
4 0.39557291666666666 0.8064814814814815 0.0421875 0.07037037037037037
4 0.38515625 0.8847222222222222 0.03802083333333333 0.06759259259259259
5 0.6390677083333334 0.8930555555555556 0.06458333333333334 0.11018518518518519
6 0.4049479166666667 0.924074074074074 0.027604166666666666 0.046296296296296294