0 0.3125 0.22361111111111112 0.0375 0.06759259259259259
2 0.4388020833333333 0.2652777777777778 0.050520833333333334 0.09166666666666666
2 0.64765625 0.33796296296296297 0.0515625 0.08703703703703704
1 0.37265625 0.35509259259259257 0.04010416666666667 0.06759259259259259
2 0.3723958333333333 0.4550925925925926 0.03958333333333333 0.07685185185185185
5 0.7140625 0.5810185185185185 0.04479166666666667 0.0787037037037037
4 0.6666666666666666 0.6527777777777778 0.040625 0.07037037037037037
0 0.55 0.7101851851851851 0.03854166666666667 0.07407407407407407
8 0.809375 0.7412037037037037 0.040625 0.0787037037037037
7 0.5658854166666667 0.8740740740740741 0.0359375 0.07222222222222222
8 0.6010416666666667 0.9004629629629629 0.035416666666666666 0.06944444444444445