6 0.5846354166666666 0.9675925925925926 0.0703125 0.06296296296296296
6 0.7729166666666667 0.1259259259259259 0.042708333333333334 0.08703703703703704
2 0.7161458333333334 0.19444444444444445 0.041666666666666664 0.06851851851851852
4 0.7169270833333333 0.2800925925925926 0.059895833333333336 0.08796296296296297
0 0.3729166666666667 0.31574074074074077 0.04479166666666667 0.07777777777777778
1 0.74453125 0.03657407407407407 0.044270833333333336 0.0712962962962963
0 0.2786458333333333 0.4888888888888889 0.04583333333333333 0.07222222222222222
2 0.35703125 0.6092592592592593 0.0484375 0.07592592592592592
2 0.5635416666666667 0.6342592592592593 0.03854166666666667 0.08148148148148149
2 0.6072916666666667 0.6351851851851852 0.046875 0.07592592592592592
2 0.74921875 0.6425925925925926 0.0453125 0.07592592592592592
4 0.33880208333333334 0.6703703703703704 0.049479166666666664 0.06851851851851852
7 0.48828125 0.7203703703703703 0.044270833333333336 0.07592592592592592
7 0.3606770833333333 0.7509259259259259 0.043229166666666666 0.11481481481481481
2 0.40182291666666664 0.7564814814814815 0.0359375 0.06666666666666667
4 0.6010416666666667 0.774074074074074 0.057291666666666664 0.09444444444444444
1 0.5138020833333333 0.899074074074074 0.04114583333333333 0.08148148148148149
4 0.6145833333333334 0.9222222222222223 0.034375 0.06481481481481481
4 0.4544270833333333 0.924074074074074 0.0453125 0.08333333333333333