4 0.5028645833333333 0.09537037037037037 0.04739583333333333 0.07962962962962963
4 0.7466145833333333 0.15833333333333333 0.043229166666666666 0.07962962962962963
2 0.39557291666666666 0.29074074074074074 0.05364583333333333 0.0962962962962963
1 0.6028645833333334 0.34629629629629627 0.03697916666666667 0.08148148148148149
2 0.7533854166666667 0.3861111111111111 0.0421875 0.07222222222222222
0 0.27578125 0.3907407407407407 0.0453125 0.07407407407407407
7 0.7966145833333333 0.41944444444444445 0.0390625 0.07222222222222222
1 0.4388020833333333 0.46944444444444444 0.03802083333333333 0.07222222222222222
7 0.29817187500000003 0.4722222222222222 0.0421875 0.07407407407407407
0 0.5716145833333334 0.5157407407407407 0.04114583333333333 0.07222222222222222
4 0.24088541666666666 0.5444444444444444 0.04635416666666667 0.07777777777777778
8 0.4924427083333333 0.6583333333333333 0.04114583333333333 0.06851851851851852
8 0.44453125 0.6851851851851852 0.03697916666666667 0.06666666666666667
4 0.5716145833333334 0.7222222222222222 0.043229166666666666 0.07407407407407407
8 0.3372395833333333 0.7435185185185185 0.043229166666666666 0.07592592592592592
2 0.43671875 0.7527777777777778 0.044270833333333336 0.06851851851851852
4 0.2638020833333333 0.7537037037037037 0.04010416666666667 0.08148148148148149