4 0.7486979166666666 0.23796296296296296 0.0484375 0.07592592592592592
4 0.80078125 0.24722222222222223 0.0515625 0.11666666666666667
8 0.4434895833333333 0.3333333333333333 0.0390625 0.06666666666666667
8 0.4044270833333333 0.40925925925925927 0.03802083333333333 0.08148148148148149
4 0.79609375 0.4111111111111111 0.04635416666666667 0.1037037037037037
4 0.47630208333333335 0.43425925925925923 0.06302083333333333 0.10925925925925926
0 0.7669270833333334 0.48703703703703705 0.049479166666666664 0.06666666666666667
2 0.39453125 0.49074074074074076 0.0390625 0.07037037037037037
8 0.3533854166666667 0.5064814814814815 0.04739583333333333 0.08703703703703704
4 0.43463541666666666 0.5185185185185185 0.05364583333333333 0.0962962962962963
0 0.60390625 0.5435185185185185 0.043229166666666666 0.08333333333333333
2 0.7736979166666667 0.575925925925926 0.04739583333333333 0.07037037037037037
4 0.39453125 0.5898148148148148 0.03697916666666667 0.08333333333333333
7 0.20130208333333333 0.6842592592592592 0.033854166666666664 0.06851851851851852
4 0.36796875 0.6981481481481482 0.044270833333333336 0.07407407407407407
4 0.81640625 0.7018518518518518 0.0421875 0.07407407407407407
8 0.22057291666666667 0.0824074074074074 0.043229166666666666 0.07592592592592592
2 0.68203125 0.8296296296296296 0.043229166666666666 0.06296296296296296
4 0.56328125 0.8851851851851852 0.049479166666666664 0.07407407407407407