1 0.7002604166666667 0.9462962962962963 0.044270833333333336 0.07037037037037037
1 0.37526041666666665 0.9629629629629629 0.0484375 0.07037037037037037
4 0.4388020833333333 0.1175925925925926 0.0390625 0.07592592592592592
4 0.58515625 0.12962962962962962 0.0515625 0.08888888888888889
4 0.47213541666666664 0.13055555555555556 0.04010416666666667 0.06851851851851852
2 0.81171875 0.13703703703703704 0.050520833333333334 0.06666666666666667
4 0.8122395833333333 0.19074074074074074 0.030729166666666665 0.06666666666666667
2 0.5565104166666667 0.19814814814814816 0.03802083333333333 0.06666666666666667
2 0.6299479166666667 0.2037037037037037 0.0390625 0.06296296296296296
7 0.59296875 0.21851851851851853 0.0359375 0.06296296296296296
7 0.32526041666666666 0.22037037037037038 0.044270833333333336 0.07407407407407407
0 0.6580729166666667 0.23148148148148148 0.03697916666666667 0.05925925925925926
7 0.8080729166666667 0.2462962962962963 0.0453125 0.07777777777777778
5 0.6268229166666667 0.25833333333333336 0.04739583333333333 0.06851851851851852
7 0.66171875 0.29444444444444445 0.03802083333333333 0.06666666666666667
0 0.35182291666666665 0.2962962962962963 0.04114583333333333 0.07777777777777778
5 0.58046875 0.30833333333333335 0.05677083333333333 0.10555555555555556
2 0.69453125 0.3175925925925926 0.043229166666666666 0.06851851851851852
2 0.6265625 0.3194444444444444 0.034375 0.07222222222222222
0 0.6044270833333333 0.03425925925925926 0.0421875 0.06851851851851852
8 0.6596354166666667 0.3509259259259259 0.04010416666666667 0.07222222222222222
4 0.27005208333333336 0.35185185185185186 0.04635416666666667 0.07777777777777778
2 0.74140625 0.36018518518518516 0.0640625 0.10925925925925926
2 0.63515625 0.3972222222222222 0.0421875 0.07962962962962963
8 0.70234375 0.425 0.050520833333333334 0.08703703703703704
7 0.6622395833333333 0.4351851851851852 0.0390625 0.07037037037037037
0 0.74140625 0.4537037037037037 0.04114583333333333 0.07407407407407407
6 0.20494791666666667 0.46296296296296297 0.06614583333333333 0.1037037037037037
0 0.32057291666666665 0.48703703703703705 0.03697916666666667 0.07777777777777778
0 0.26640625 0.49722222222222223 0.059895833333333336 0.11296296296296296
4 0.7033854166666667 0.5092592592592593 0.0453125 0.07407407407407407
4 0.7658854166666667 0.5175925925925926 0.04635416666666667 0.07592592592592592
4 0.34921875 0.5333333333333333 0.027604166666666666 0.05925925925925926
8 0.21171875 0.5435185185185185 0.0359375 0.07222222222222222
6 0.45338541666666665 0.05555555555555555 0.058854166666666666 0.08518518518518518
0 0.80234375 0.5648148148148148 0.0578125 0.10740740740740741
7 0.71953125 0.5666666666666667 0.0390625 0.07407407407407407
4 0.67421875 0.5722222222222222 0.044270833333333336 0.06666666666666667
7 0.23671875 0.5731481481481482 0.0421875 0.09814814814814815
4 0.75546875 0.5833333333333334 0.044270833333333336 0.07407407407407407
4 0.19401041666666666 0.6185185185185185 0.050520833333333334 0.08518518518518518
8 0.24296875 0.6370370370370371 0.0421875 0.07037037037037037
4 0.7747395833333334 0.6472222222222223 0.05572916666666667 0.09444444444444444
7 0.5252604166666667 0.65 0.05260416666666667 0.08888888888888889
4 0.27317708333333335 0.6685185185185185 0.044270833333333336 0.07407407407407407
1 0.8158854166666667 0.6731481481481482 0.04010416666666667 0.06851851851851852
7 0.7127604166666667 0.675 0.0546875 0.08703703703703704
8 0.7513020833333334 0.7018518518518518 0.03802083333333333 0.06296296296296296
4 0.36953125 0.712037037037037 0.043229166666666666 0.07592592592592592
1 0.29140625 0.7314814814814815 0.05364583333333333 0.0962962962962963
8 0.21588541666666666 0.7324074074074074 0.05260416666666667 0.09444444444444444
0 0.8049479166666667 0.7462962962962963 0.0578125 0.08518518518518518
2 0.25442708333333336 0.762962962962963 0.0421875 0.08518518518518518
6 0.17161458333333332 0.787962962962963 0.06614583333333333 0.10925925925925926
4 0.77421875 0.8083333333333333 0.0484375 0.07592592592592592
2 0.728125 0.812037037037037 0.04895833333333333 0.07962962962962963
1 0.6013020833333333 0.8212962962962963 0.0359375 0.06111111111111111
2 0.81171875 0.8240740740740741 0.0421875 0.08148148148148149
4 0.6846354166666667 0.8268518518518518 0.0421875 0.07222222222222222
4 0.6424479166666667 0.8277777777777777 0.05364583333333333 0.1
7 0.3841145833333333 0.8407407407407408 0.0390625 0.07407407407407407
7 0.7346354166666667 0.8842592592592593 0.0359375 0.053703703703703705
0 0.67421875 0.8861111111111111 0.03802083333333333 0.06851851851851852
7 0.64296875 0.9009259259259259 0.03802083333333333 0.06481481481481481
4 0.6346354166666667 0.09074074074074075 0.0421875 0.07407407407407407
1 0.7716145833333333 0.9175925925925926 0.04114583333333333 0.06481481481481481