7 0.5080729166666667 0.12314814814814815 0.0296875 0.053703703703703705
4 0.68828125 0.3055555555555556 0.0359375 0.06666666666666667
4 0.20234375 0.3472222222222222 0.0453125 0.07592592592592592
4 0.4752604166666667 0.36574074074074076 0.04739583333333333 0.08333333333333333
2 0.26484375 0.45555555555555555 0.04114583333333333 0.07037037037037037
4 0.82265625 0.5583333333333333 0.05260416666666667 0.09074074074074075
4 0.18723958333333332 0.6037037037037037 0.027604166666666666 0.05555555555555555
8 0.37786458333333334 0.6194444444444445 0.03802083333333333 0.06111111111111111
0 0.53046875 0.6231481481481481 0.034895833333333334 0.06851851851851852
8 0.47109375 0.6555555555555556 0.03697916666666667 0.06666666666666667
8 0.21015625 0.6777777777777778 0.0359375 0.07037037037037037
4 0.42682291666666666 0.6796296296296296 0.0359375 0.06296296296296296
2 0.37213541666666666 0.700925925925926 0.0578125 0.10925925925925926
4 0.45390625 0.7240740740740741 0.04114583333333333 0.07407407407407407
4 0.41380208333333335 0.7527777777777778 0.04114583333333333 0.07592592592592592
0 0.73828125 0.7685185185185185 0.04010416666666667 0.07037037037037037
2 0.21171875 0.787962962962963 0.0328125 0.06481481481481481
0 0.27317708333333335 0.8555555555555555 0.04114583333333333 0.07037037037037037