7 0.46822916666666664 0.20277777777777778 0.04895833333333333 0.09814814814814815
7 0.5380208333333333 0.21296296296296297 0.042708333333333334 0.07407407407407407
2 0.2877604166666667 0.22777777777777777 0.033854166666666664 0.05555555555555555
0 0.42578125 0.2675925925925926 0.04739583333333333 0.06851851851851852
8 0.6158854166666666 0.274537037037037 0.04114583333333333 0.0712962962962963
0 0.41640625 0.32314814814814813 0.0359375 0.06851851851851852
2 0.5778645833333333 0.34814814814814815 0.043229166666666666 0.07407407407407407
7 0.37526041666666665 0.38796296296296295 0.04010416666666667 0.07222222222222222
1 0.5895833333333333 0.41759259259259257 0.04375 0.06666666666666667
0 0.34661458333333334 0.5027777777777778 0.0390625 0.06481481481481481
4 0.5966145833333333 0.512962962962963 0.028645833333333332 0.05555555555555555
1 0.5450520833333333 0.5712962962962963 0.03802083333333333 0.06851851851851852
1 0.8052083333333333 0.6671296296296296 0.042708333333333334 0.06944444444444445
4 0.7690104166666667 0.6925925925925925 0.0453125 0.06296296296296296
0 0.48828125 0.712037037037037 0.0390625 0.06481481481481481
2 0.54921875 0.7416666666666667 0.0484375 0.09444444444444444
4 0.6049479166666667 0.762962962962963 0.0390625 0.06666666666666667
8 0.7927083333333333 0.7662037037037037 0.05416666666666667 0.08796296296296297
7 0.4596354166666667 0.7717592592592593 0.0359375 0.0712962962962963
4 0.501296875 0.8009259259259259 0.033854166666666664 0.05740740740740741
7 0.7276041666666667 0.875 0.04375 0.07407407407407407