4 0.49244791666666665 0.20925925925925926 0.03802083333333333 0.07407407407407407
1 0.41953125 0.262037037037037 0.0359375 0.06851851851851852
5 0.5825520833333333 0.2833333333333333 0.04635416666666667 0.07407407407407407
2 0.5372395833333333 0.3296296296296296 0.050520833333333334 0.0962962962962963
0 0.43203125 0.38425925925925924 0.06302083333333333 0.09814814814814815
4 0.6893229166666667 0.4101851851851852 0.044270833333333336 0.07222222222222222
4 0.5841145833333333 0.41388888888888886 0.03802083333333333 0.07222222222222222
2 0.50703125 0.4166666666666667 0.0484375 0.08518518518518518
7 0.35234375 0.4601851851851852 0.028645833333333332 0.053703703703703705
2 0.43046875 0.4935185185185185 0.06197916666666667 0.12037037037037036
2 0.29609375 0.5120370370370371 0.034895833333333334 0.06481481481481481
2 0.6388020833333333 0.5509259259259259 0.0390625 0.06851851851851852
8 0.6403645833333333 0.6111111111111112 0.04010416666666667 0.06666666666666667
2 0.29973958333333334 0.6157407407407407 0.0296875 0.06111111111111111
2 0.50703125 0.6324074074074074 0.033854166666666664 0.06111111111111111
1 0.40651041666666665 0.6546296296296297 0.043229166666666666 0.07222222222222222
0 0.5731770833333333 0.7138888888888889 0.034895833333333334 0.07222222222222222
2 0.34869791666666666 0.8027777777777778 0.0609375 0.10185185185185185