4 0.3997395833333333 0.9416666666666667 0.04114583333333333 0.08703703703703704
7 0.19895833333333332 0.9550925925925926 0.05520833333333333 0.08796296296296297
4 0.15260416666666668 0.9689814814814814 0.03958333333333333 0.06018518518518518
5 0.5966145833333333 0.1111111111111111 0.0515625 0.08888888888888889
0 0.43411458333333336 0.11296296296296296 0.043229166666666666 0.08148148148148149
8 0.6403645833333333 0.17777777777777778 0.05364583333333333 0.08888888888888889
7 0.58671875 0.1935185185185185 0.05260416666666667 0.08703703703703704
2 0.40703125 0.2 0.06614583333333333 0.10740740740740741
2 0.19244791666666666 0.20185185185185187 0.0578125 0.09259259259259259
4 0.36223958333333334 0.24722222222222223 0.04635416666666667 0.09074074074074075
6 0.6419270833333334 0.25555555555555554 0.0421875 0.07407407407407407
1 0.22682291666666668 0.27037037037037037 0.034895833333333334 0.07037037037037037
6 0.69140625 0.27037037037037037 0.05364583333333333 0.1
6 0.17317708333333334 0.275 0.03802083333333333 0.07222222222222222
8 0.32317708333333334 0.3194444444444444 0.0421875 0.06481481481481481
4 0.46171875 0.33055555555555555 0.03802083333333333 0.07222222222222222
2 0.7450520833333333 0.33425925925925926 0.0546875 0.09074074074074075
0 0.38359375 0.3388888888888889 0.03802083333333333 0.07407407407407407
2 0.28463541666666664 0.3574074074074074 0.050520833333333334 0.09259259259259259
8 0.6528645833333333 0.3574074074074074 0.0453125 0.07037037037037037
4 0.42630208333333336 0.3638888888888889 0.049479166666666664 0.09074074074074075
7 0.7940104166666667 0.38333333333333336 0.05260416666666667 0.08518518518518518
6 0.4908854166666667 0.3972222222222222 0.05260416666666667 0.09074074074074075
4 0.22109375 0.3990740740740741 0.044270833333333336 0.07962962962962963
2 0.7486979166666666 0.41203703703703703 0.0390625 0.07592592592592592
2 0.5528645833333333 0.42592592592592593 0.043229166666666666 0.07777777777777778
1 0.26536458333333335 0.42777777777777776 0.04114583333333333 0.08518518518518518
1 0.43776041666666665 0.43148148148148147 0.0359375 0.07407407407407407
0 0.36223958333333334 0.44814814814814813 0.0515625 0.07777777777777778
5 0.7830729166666667 0.4601851851851852 0.05364583333333333 0.10185185185185185
0 0.4049479166666667 0.47314814814814815 0.04739583333333333 0.09074074074074075
8 0.22005208333333334 0.4888888888888889 0.05572916666666667 0.08148148148148149
7 0.62734375 0.5074074074074074 0.03802083333333333 0.06296296296296296
8 0.3763020833333333 0.5138888888888888 0.04114583333333333 0.05740740740740741
2 0.8138020833333334 0.5194444444444445 0.04635416666666667 0.06851851851851852
8 0.77421875 0.5287037037037037 0.0390625 0.05740740740740741
1 0.28359375 0.5370370370370371 0.04010416666666667 0.07037037037037037
0 0.24973958333333332 0.5453703703703704 0.04114583333333333 0.06851851851851852
4 0.5841145833333333 0.549074074074074 0.0453125 0.07222222222222222
0 0.6734375 0.55 0.0625 0.10740740740740741
4 0.18828125 0.5555555555555556 0.04114583333333333 0.07407407407407407
7 0.36223958333333334 0.5675925925925925 0.0390625 0.06111111111111111
2 0.27786458333333336 0.5925925925925926 0.043229166666666666 0.07407407407407407
6 0.4627604166666667 0.5944444444444444 0.058854166666666666 0.1111111111111111
7 0.8091145833333333 0.6111111111111112 0.04114583333333333 0.07037037037037037
2 0.7700520833333333 0.612037037037037 0.04739583333333333 0.06851851851851852
4 0.5778645833333333 0.6212962962962963 0.0453125 0.07962962962962963
2 0.17473958333333334 0.6231481481481481 0.04114583333333333 0.07222222222222222
2 0.39401041666666664 0.6268518518518519 0.05260416666666667 0.09814814814814815
2 0.5388020833333333 0.6287037037037037 0.0359375 0.07592592592592592
4 0.26171875 0.649074074074074 0.0359375 0.06851851851851852
5 0.6325520833333333 0.65 0.0421875 0.07777777777777778
4 0.6153645833333333 0.7083333333333334 0.0390625 0.07222222222222222
0 0.6533854166666667 0.7175925925925926 0.0421875 0.07592592592592592
6 0.20234375 0.7287037037037037 0.03177083333333333 0.05740740740740741
2 0.37109375 0.7305555555555555 0.049479166666666664 0.07222222222222222
8 0.4981770833333333 0.75 0.05677083333333333 0.0962962962962963
7 0.6549479166666666 0.7722222222222223 0.0203125 0.044444444444444446
6 0.25729166666666664 0.787962962962963 0.046875 0.09814814814814815
4 0.45703125 0.8342592592592593 0.034895833333333334 0.07962962962962963
4 0.41901041666666666 0.8361111111111111 0.05260416666666667 0.10555555555555556
1 0.37942708333333336 0.8555555555555555 0.04010416666666667 0.08888888888888889
7 0.34661458333333334 0.8916666666666667 0.0390625 0.07592592592592592
0 0.45651041666666664 0.9092592592592592 0.04635416666666667 0.08148148148148149
5 0.64609375 0.9231481481481482 0.0671875 0.12407407407407407