8 0.7705729166666667 0.9296296296296296 0.0390625 0.06666666666666667
5 0.8127604166666667 0.9518518518518518 0.044270833333333336 0.07407407407407407
7 0.3893229166666667 0.9537037037037037 0.04114583333333333 0.07407407407407407
7 0.6731770833333334 0.1037037037037037 0.05260416666666667 0.09259259259259259
0 0.28619791666666666 0.10740740740740741 0.0421875 0.07037037037037037
0 0.56015625 0.11296296296296296 0.0390625 0.07037037037037037
4 0.7528645833333333 0.11574074074074074 0.0453125 0.07222222222222222
2 0.7169270833333333 0.12314814814814815 0.05260416666666667 0.09074074074074075
0 0.46588541666666666 0.14537037037037037 0.03802083333333333 0.07222222222222222
6 0.5466145833333333 0.17685185185185184 0.03697916666666667 0.07222222222222222
8 0.6033854166666667 0.17777777777777778 0.050520833333333334 0.09259259259259259
8 0.8091145833333333 0.17962962962962964 0.034895833333333334 0.06666666666666667
4 0.6940104166666666 0.18703703703703703 0.03802083333333333 0.07037037037037037
0 0.6591145833333333 0.19907407407407407 0.0390625 0.07592592592592592
0 0.29921875 0.21203703703703702 0.050520833333333334 0.08333333333333333
4 0.46588541666666666 0.22037037037037038 0.03802083333333333 0.07407407407407407
1 0.17109375 0.25555555555555554 0.044270833333333336 0.08148148148148149
8 0.3216145833333333 0.28888888888888886 0.04739583333333333 0.08888888888888889
4 0.5908854166666667 0.2935185185185185 0.050520833333333334 0.08703703703703704
4 0.41119791666666666 0.2953703703703704 0.04114583333333333 0.07222222222222222
2 0.80234375 0.30277777777777776 0.044270833333333336 0.07962962962962963
6 0.5325520833333334 0.030555555555555555 0.03697916666666667 0.06111111111111111
4 0.6872395833333333 0.35555555555555557 0.043229166666666666 0.07407407407407407
7 0.75546875 0.36018518518518516 0.04010416666666667 0.07962962962962963
7 0.51171875 0.36666666666666664 0.03177083333333333 0.06666666666666667
4 0.33932291666666664 0.38796296296296295 0.043229166666666666 0.07592592592592592
7 0.7205729166666667 0.4046296296296296 0.0484375 0.08333333333333333
7 0.7763020833333333 0.4101851851851852 0.044270833333333336 0.07222222222222222
4 0.8111979166666666 0.4111111111111111 0.0328125 0.06666666666666667
6 0.46171875 0.44166666666666665 0.0609375 0.10925925925925926
4 0.78984375 0.4583333333333333 0.0296875 0.053703703703703705
4 0.5768229166666666 0.04722222222222222 0.05364583333333333 0.09444444444444444
2 0.81015625 0.49722222222222223 0.04114583333333333 0.06851851851851852
6 0.16328125 0.5009259259259259 0.03697916666666667 0.06111111111111111
4 0.7377604166666667 0.05092592592592592 0.0359375 0.06111111111111111
0 0.70078125 0.05092592592592592 0.0390625 0.06851851851851852
6 0.7684895833333333 0.5425925925925926 0.05572916666666667 0.09259259259259259
1 0.17109375 0.6111111111111112 0.044270833333333336 0.07777777777777778
1 0.77109375 0.6601851851851852 0.04010416666666667 0.07222222222222222
2 0.5533854166666666 0.6972222222222222 0.050520833333333334 0.08703703703703704
0 0.80234375 0.6990740740740741 0.05260416666666667 0.09444444444444444
7 0.81953125 0.7527777777777778 0.030729166666666665 0.046296296296296294
1 0.8091145833333333 0.8092592592592592 0.0390625 0.07037037037037037
8 0.3653645833333333 0.8194444444444444 0.04114583333333333 0.07962962962962963
0 0.66328125 0.8611111111111112 0.0515625 0.08888888888888889
0 0.31536458333333334 0.08703703703703704 0.03697916666666667 0.07407407407407407
0 0.62265625 0.08703703703703704 0.0640625 0.10740740740740741
8 0.77265625 0.8703703703703703 0.0390625 0.06296296296296296
0 0.8096354166666667 0.8759259259259259 0.03802083333333333 0.07037037037037037