7 0.5127604166666667 0.18564814814814815 0.043229166666666666 0.08055555555555556
7 0.5395833333333333 0.25277777777777777 0.042708333333333334 0.07037037037037037
2 0.5877604166666667 0.3537037037037037 0.043229166666666666 0.06851851851851852
0 0.3890625 0.40555555555555556 0.041666666666666664 0.07592592592592592
7 0.6364583333333333 0.43194444444444446 0.057291666666666664 0.08055555555555556
4 0.24036458333333333 0.4550925925925926 0.0359375 0.06018518518518518
4 0.6854166666666667 0.49166666666666664 0.046875 0.07777777777777778
1 0.3390625 0.5037037037037037 0.04583333333333333 0.07222222222222222
8 0.5994791666666667 0.5388888888888889 0.05416666666666667 0.09074074074074075
0 0.3919270833333333 0.5388888888888889 0.043229166666666666 0.08333333333333333
4 0.35833333333333334 0.5740740740740741 0.04479166666666667 0.07222222222222222
2 0.2828125 0.6101851851851852 0.05416666666666667 0.0962962962962963
4 0.4197916666666667 0.6574074074074074 0.042708333333333334 0.07592592592592592
4 0.3065104166666667 0.7078703703703704 0.0515625 0.08055555555555556
0 0.5973958333333333 0.7189814814814814 0.07083333333333333 0.1175925925925926