6 0.6497395833333334 0.11805555555555555 0.04739583333333333 0.06018518518518518
2 0.6403645833333333 0.1837962962962963 0.04114583333333333 0.06944444444444445
7 0.3875 0.1962962962962963 0.030208333333333334 0.05
4 0.5763020833333333 0.25601851851851853 0.04635416666666667 0.06944444444444445
0 0.63125 0.3037037037037037 0.053125 0.08703703703703704
2 0.3109375 0.30787037037037035 0.035416666666666666 0.062037037037037036
0 0.6015625 0.3685185185185185 0.03958333333333333 0.06111111111111111
8 0.49661458333333336 0.37453703703703706 0.03697916666666667 0.062037037037037036
7 0.29010416666666666 0.375 0.03854166666666667 0.07777777777777778
8 0.6299479166666667 0.399537037037037 0.04114583333333333 0.075
4 0.7848958333333333 0.46574074074074073 0.04375 0.07777777777777778
5 0.36328125 0.5962962962962963 0.0578125 0.09444444444444444
2 0.5729166666666666 0.6060185185185185 0.040625 0.062037037037037036
4 0.66953125 0.6509259259259259 0.0578125 0.1
0 0.2984375 0.7287037037037037 0.04583333333333333 0.07777777777777778
4 0.63359375 0.7800925925925926 0.05260416666666667 0.08425925925925926