4 0.4354166666666667 0.9425925925925925 0.036458333333333336 0.06481481481481481
4 0.7825520833333334 0.9481481481481482 0.0578125 0.09444444444444444
4 0.17786458333333333 0.9768518518518519 0.033854166666666664 0.044444444444444446
1 0.4473958333333333 0.12824074074074074 0.0375 0.06574074074074074
0 0.6825520833333333 0.15107407407407408 0.03697916666666667 0.07314814814814814
0 0.42239583333333336 0.20555555555555555 0.05 0.09074074074074075
7 0.7114583333333333 0.20601851851851852 0.04479166666666667 0.08425925925925926
5 0.7640625 0.22130555555555556 0.04791666666666667 0.0962962962962963
0 0.3484375 0.22407407407407406 0.03958333333333333 0.06851851851851852
0 0.6895833333333333 0.28379629629629627 0.040625 0.06574074074074074
0 0.36258854166666665 0.28703703703703703 0.04010416666666667 0.06851851851851852
0 0.26328125 0.29259259259259257 0.04010416666666667 0.07222222222222222
6 0.31449479166666666 0.3010740740740741 0.0640625 0.10648148148148148
6 0.5161458333333333 0.3125 0.041666666666666664 0.075
0 0.66640625 0.35138888888888886 0.059895833333333336 0.10833333333333334
8 0.5515625 0.36203703703703705 0.041666666666666664 0.07407407407407407
4 0.29609895833333333 0.3964444444444445 0.034895833333333334 0.06018518518518518
0 0.44427083333333334 0.4115740740740741 0.03958333333333333 0.06944444444444445
4 0.7052083333333333 0.45416666666666666 0.040625 0.06944444444444445
7 0.43802083333333336 0.47638888888888886 0.03958333333333333 0.062037037037037036
8 0.8033854166666666 0.48935185185185187 0.05364583333333333 0.08796296296296297
0 0.24296875 0.5101851851851852 0.0515625 0.08518518518518518
7 0.4908854166666667 0.5263888888888889 0.0453125 0.07314814814814814
0 0.40703125 0.5333333333333333 0.033854166666666664 0.06851851851851852
0 0.44583333333333336 0.5486111111111112 0.04895833333333333 0.08796296296296297
5 0.5350677083333333 0.5537037037037037 0.040625 0.06851851851851852
0 0.78984375 0.5564814814814815 0.043229166666666666 0.06666666666666667
1 0.34453125 0.5700648148148147 0.0359375 0.06666666666666667
4 0.4754322916666667 0.5729907407407407 0.025520833333333333 0.05277777777777778
8 0.2078125 0.5768518518518518 0.0375 0.05925925925925926
4 0.26796875 0.5842592592592593 0.03697916666666667 0.06296296296296296
1 0.39010416666666664 0.6055555555555555 0.03958333333333333 0.07592592592592592
6 0.5333333333333333 0.6203703703703703 0.03854166666666667 0.06851851851851852
4 0.7252604166666666 0.6203703703703703 0.0390625 0.06851851851851852
0 0.646875 0.6217592592592592 0.059375 0.10462962962962963
2 0.221875 0.6290092592592593 0.040625 0.06851851851851852
4 0.8309895833333333 0.6412037037037037 0.0421875 0.07685185185185185
0 0.75859375 0.6678981481481482 0.049479166666666664 0.08333333333333333
8 0.6911458333333333 0.6699074074074074 0.0375 0.06388888888888888
7 0.19375 0.6875 0.053125 0.09166666666666666
4 0.6583333333333333 0.7053981481481482 0.042708333333333334 0.06574074074074074
2 0.3108541666666667 0.7074074074074074 0.03802083333333333 0.06851851851851852
0 0.8283854166666667 0.7143518518518519 0.049479166666666664 0.08981481481481482
0 0.3546875 0.7277777777777777 0.03958333333333333 0.06851851851851852
4 0.782296875 0.7342592592592593 0.040625 0.08148148148148149
2 0.5046041666666666 0.7487592592592592 0.0296875 0.05740740740740741
7 0.6921875 0.750462962962963 0.041666666666666664 0.06944444444444445
7 0.17864583333333334 0.7518518518518519 0.029166666666666667 0.05
8 0.24296875 0.7583333333333333 0.0515625 0.09259259259259259
6 0.5901041666666667 0.7728333333333333 0.03958333333333333 0.07592592592592592
4 0.6265625 0.775 0.041666666666666664 0.07037037037037037
8 0.20026041666666666 0.7828703703703703 0.03697916666666667 0.06388888888888888
1 0.4359375 0.8185185185185185 0.03958333333333333 0.06481481481481481
4 0.37005208333333334 0.8282407407407407 0.0390625 0.06944444444444445
2 0.76875 0.8351851851851851 0.051041666666666666 0.08703703703703704
4 0.6552083333333333 0.837037037037037 0.040625 0.07222222222222222
8 0.6247395833333333 0.8388888888888889 0.03177083333333333 0.05740740740740741
8 0.5895833333333333 0.8472222222222222 0.04479166666666667 0.06666666666666667
8 0.48880208333333336 0.8490740740740741 0.03697916666666667 0.07407407407407407
0 0.6862864583333333 0.870212962962963 0.03958333333333333 0.06944444444444445
7 0.19427083333333334 0.8962962962962963 0.05416666666666667 0.09444444444444444
2 0.40260416666666665 0.8962962962962963 0.04791666666666667 0.09074074074074075
8 0.8325520833333333 0.9055555555555556 0.05364583333333333 0.09074074074074075
7 0.6010416666666667 0.9092592592592592 0.04479166666666667 0.07222222222222222
7 0.48515625 0.9194444444444444 0.0359375 0.07407407407407407