0 0.6182291666666667 0.9541666666666667 0.05416666666666667 0.08981481481481482
2 0.5127604166666667 0.11851851851851852 0.049479166666666664 0.09259259259259259
2 0.47109375 0.15462962962962962 0.0390625 0.07592592592592592
6 0.19921875 0.20462962962962963 0.049479166666666664 0.07592592592592592
8 0.4861979166666667 0.22870370370370371 0.03802083333333333 0.07222222222222222
7 0.62890625 0.2898148148148148 0.04010416666666667 0.07222222222222222
2 0.19973958333333333 0.31666666666666665 0.0546875 0.08888888888888889
6 0.60390625 0.34629629629629627 0.03802083333333333 0.07407407407407407
4 0.49921875 0.3592592592592593 0.0390625 0.07037037037037037
4 0.5611979166666666 0.36574074074074076 0.0359375 0.06851851851851852
6 0.83671875 0.3907407407407407 0.0390625 0.06296296296296296
4 0.6033854166666667 0.412962962962963 0.0390625 0.06666666666666667
8 0.48880208333333336 0.42314814814814816 0.04114583333333333 0.07222222222222222
4 0.7127604166666667 0.4305555555555556 0.0390625 0.07592592592592592
4 0.6361979166666667 0.4361111111111111 0.03802083333333333 0.06851851851851852
7 0.7419270833333333 0.4398148148148148 0.04114583333333333 0.07962962962962963
6 0.4393229166666667 0.44907407407407407 0.0609375 0.10925925925925926
0 0.6768229166666667 0.4638888888888889 0.0421875 0.06481481481481481
0 0.5638020833333334 0.4685185185185185 0.0578125 0.1111111111111111
1 0.5174479166666667 0.4703703703703704 0.04010416666666667 0.07037037037037037
0 0.6111979166666667 0.475 0.03697916666666667 0.06481481481481481
8 0.8346354166666666 0.48055555555555557 0.0390625 0.07222222222222222
5 0.36276041666666664 0.49166666666666664 0.06197916666666667 0.11666666666666667
7 0.38359895833333335 0.05 0.05572916666666667 0.08888888888888889
0 0.64609375 0.5083333333333333 0.0515625 0.08333333333333333
8 0.6888020833333334 0.524074074074074 0.0390625 0.07037037037037037
0 0.4627604166666667 0.5268518518518519 0.0328125 0.06481481481481481
8 0.4986979166666667 0.5287037037037037 0.0421875 0.07222222222222222
7 0.6096354166666667 0.5398148148148149 0.03697916666666667 0.06851851851851852
4 0.2596354166666667 0.5453703703703704 0.044270833333333336 0.06111111111111111
0 0.54140625 0.5462962962962963 0.050520833333333334 0.08888888888888889
4 0.6591145833333333 0.5722222222222222 0.03802083333333333 0.07037037037037037
2 0.5768229166666666 0.5740740740740741 0.04010416666666667 0.07037037037037037
4 0.6966145833333334 0.575925925925926 0.034895833333333334 0.06296296296296296
7 0.48203125 0.5944444444444444 0.03802083333333333 0.07407407407407407
0 0.22890625 0.5972222222222222 0.0546875 0.09074074074074075
4 0.6247395833333333 0.6157407407407407 0.05677083333333333 0.08703703703703704
4 0.5315104166666667 0.6212962962962963 0.04114583333333333 0.06111111111111111
2 0.68671875 0.6305555555555555 0.0328125 0.05740740740740741
4 0.56171875 0.6546296296296297 0.03802083333333333 0.07222222222222222
8 0.6018229166666667 0.6962962962962963 0.050520833333333334 0.09259259259259259
0 0.5091145833333334 0.7083333333333334 0.0484375 0.08703703703703704
2 0.56484375 0.7268518518518519 0.034895833333333334 0.07592592592592592
0 0.6450520833333333 0.7648148148148148 0.05364583333333333 0.0962962962962963
2 0.6877604166666667 0.8175925925925925 0.0453125 0.07222222222222222
5 0.6122395833333333 0.8203703703703704 0.050520833333333334 0.1
4 0.2591145833333333 0.8444444444444444 0.05677083333333333 0.0962962962962963
0 0.57421875 0.8564814814814815 0.04114583333333333 0.07592592592592592
5 0.6559895833333333 0.8648148148148148 0.044270833333333336 0.07407407407407407
7 0.8143229166666667 0.925 0.04635416666666667 0.07222222222222222