7 0.5276041666666667 0.9611111111111111 0.04375 0.07592592592592592
0 0.4231770833333333 0.11990740740740741 0.0390625 0.06759259259259259
2 0.3359375 0.12638888888888888 0.035416666666666666 0.06574074074074074
4 0.39453125 0.14537037037037037 0.0296875 0.05555555555555555
6 0.43515625 0.25555555555555554 0.0484375 0.10185185185185185
0 0.6921875 0.32407407407407407 0.03958333333333333 0.07592592592592592
0 0.4513020833333333 0.033796296296296297 0.03802083333333333 0.06759259259259259
8 0.4046875 0.3912037037037037 0.052083333333333336 0.09166666666666666
2 0.32760416666666664 0.4425925925925926 0.04375 0.07592592592592592
6 0.6638020833333333 0.47129629629629627 0.06614583333333333 0.1
2 0.7822916666666667 0.5111111111111111 0.04479166666666667 0.07592592592592592
7 0.7322916666666667 0.5407407407407407 0.053125 0.09444444444444444
2 0.78046875 0.6300925925925925 0.0390625 0.08055555555555556
2 0.19635416666666666 0.6564814814814814 0.04583333333333333 0.07777777777777778
0 0.36328125 0.7351851851851852 0.044270833333333336 0.08333333333333333
0 0.39817708333333335 0.07824074074074074 0.03697916666666667 0.07314814814814814
1 0.2375 0.8166666666666667 0.03854166666666667 0.06481481481481481