0 0.5919270833333333 0.25 0.0515625 0.07962962962962963
0 0.5333333333333333 0.3282407407407407 0.03854166666666667 0.06759259259259259
7 0.23958333333333334 0.3296296296296296 0.04479166666666667 0.07037037037037037
4 0.5263020833333333 0.3861111111111111 0.0359375 0.05555555555555555
0 0.4518229166666667 0.4351851851851852 0.05260416666666667 0.08333333333333333
6 0.5161458333333333 0.5064814814814815 0.04375 0.07777777777777778
0 0.5822916666666667 0.5087962962962963 0.0375 0.06018518518518518
4 0.4669270833333333 0.5347222222222222 0.0359375 0.075
2 0.6453125 0.5398148148148149 0.04479166666666667 0.06481481481481481
0 0.76328125 0.5722222222222222 0.05677083333333333 0.09259259259259259
7 0.5119791666666667 0.7393518518518518 0.040625 0.06759259259259259
6 0.49114583333333334 0.8976851851851851 0.035416666666666666 0.06944444444444445