6 0.6109375 0.9523148148148148 0.07708333333333334 0.09351851851851851
8 0.6747395833333333 0.23703703703703705 0.0578125 0.0962962962962963
4 0.64609375 0.26666666666666666 0.034895833333333334 0.05925925925925926
0 0.4825520833333333 0.31296296296296294 0.0421875 0.06666666666666667
2 0.56796875 0.3611111111111111 0.04114583333333333 0.08518518518518518
6 0.32369791666666664 0.45555555555555555 0.07239583333333334 0.11851851851851852
2 0.56796875 0.4638888888888889 0.0546875 0.09074074074074075
6 0.32317708333333334 0.04814814814814815 0.07760416666666667 0.0962962962962963
1 0.37578125 0.5351851851851852 0.0453125 0.07777777777777778
2 0.61640625 0.5453703703703704 0.034895833333333334 0.06851851851851852
2 0.5690104166666666 0.5481481481481482 0.04635416666666667 0.08888888888888889
2 0.29921875 0.5925925925925926 0.0484375 0.07777777777777778
0 0.43828125 0.6351851851851852 0.043229166666666666 0.07777777777777778
2 0.53984375 0.6796296296296296 0.04635416666666667 0.07037037037037037
7 0.5716145833333334 0.8074074074074075 0.0515625 0.08518518518518518
2 0.73984375 0.825925925925926 0.04010416666666667 0.07777777777777778