7 0.5286458333333334 0.19166666666666668 0.03958333333333333 0.07222222222222222
1 0.4344635416666666 0.262037037037037 0.0421875 0.07037037037037037
2 0.45859375 0.43333333333333335 0.03802083333333333 0.06481481481481481
0 0.68125 0.4685185185185185 0.03854166666666667 0.07222222222222222
6 0.4986979166666667 0.5143518518518518 0.058854166666666666 0.11203703703703703
6 0.7651041666666667 0.5157407407407407 0.029166666666666667 0.044444444444444446
7 0.22447916666666667 0.5180555555555556 0.04583333333333333 0.06944444444444445
0 0.39791666666666664 0.5462962962962963 0.03854166666666667 0.06481481481481481
6 0.5494791666666666 0.5638888888888889 0.058333333333333334 0.10925925925925926
6 0.59375 0.6074074074074074 0.03333333333333333 0.05925925925925926
8 0.19348958333333333 0.625462962962963 0.04739583333333333 0.0787037037037037
2 0.66484375 0.6425925925925926 0.04114583333333333 0.07222222222222222
0 0.42942708333333335 0.6675925925925926 0.05260416666666667 0.09074074074074075
8 0.5572916666666666 0.08611111111111111 0.05 0.08888888888888889