4 0.6484375 0.11342592592592593 0.03958333333333333 0.075
0 0.575 0.13842592592592592 0.040625 0.07685185185185185
6 0.5877604166666667 0.18703703703703703 0.0359375 0.06296296296296296
7 0.6197916666666666 0.3050925925925926 0.05 0.09537037037037037
8 0.7440104166666667 0.3435185185185185 0.05260416666666667 0.07222222222222222
2 0.79921875 0.4537037037037037 0.043229166666666666 0.06851851851851852
0 0.36744791666666665 0.5282407407407408 0.050520833333333334 0.09722222222222222
6 0.6234375 0.5421296296296296 0.051041666666666666 0.09722222222222222
1 0.5046875 0.6208333333333333 0.040625 0.06574074074074074
4 0.41744791666666664 0.6893518518518519 0.04635416666666667 0.07685185185185185
0 0.7783854166666667 0.7513888888888889 0.05364583333333333 0.09537037037037037