7 0.7479166666666667 0.09259259259259259 0.03854166666666667 0.07222222222222222
7 0.36666666666666664 0.9555555555555556 0.04479166666666667 0.07222222222222222
0 0.7098958333333333 0.09722222222222222 0.0375 0.07777777777777778
7 0.5765625 0.10694444444444444 0.0375 0.08611111111111111
7 0.6662291666666668 0.1111111111111111 0.043229166666666666 0.07222222222222222
6 0.7479166666666667 0.23333333333333334 0.03854166666666667 0.06481481481481481
8 0.3572916666666667 0.24259259259259258 0.042708333333333334 0.08333333333333333
0 0.69609375 0.25092592592592594 0.0390625 0.06666666666666667
0 0.42109375 0.26064814814814813 0.0453125 0.0787037037037037
6 0.26588541666666665 0.287962962962963 0.049479166666666664 0.08888888888888889
4 0.77421875 0.2949074074074074 0.0453125 0.08425925925925926
6 0.6825520833333333 0.3384259259259259 0.049479166666666664 0.09351851851851851
0 0.7421875 0.3523148148148148 0.05 0.08981481481481482
4 0.4986979166666667 0.3819444444444444 0.043229166666666666 0.08981481481481482
4 0.37838541666666664 0.4074074074074074 0.05364583333333333 0.09444444444444444
8 0.42161458333333335 0.41898148148148145 0.044270833333333336 0.08055555555555556
4 0.36640625 0.04861111111111111 0.044270833333333336 0.08425925925925926
0 0.278125 0.5101851851851852 0.046875 0.08148148148148149
5 0.4127604166666667 0.6013888888888889 0.0515625 0.08611111111111111
8 0.2171875 0.6611111111111111 0.04375 0.06111111111111111
0 0.6875 0.8643518518518518 0.04479166666666667 0.0787037037037037