4 0.73046875 0.9268518518518518 0.04635416666666667 0.1037037037037037
1 0.778125 0.9273148148148148 0.03854166666666667 0.06759259259259259
2 0.24322916666666666 0.9384259259259259 0.05625 0.08611111111111111
4 0.2903645833333333 0.9388888888888889 0.0359375 0.07592592592592592
6 0.8315104166666667 0.9393518518518519 0.06614583333333333 0.11944444444444445
0 0.6096354166666667 0.9569444444444445 0.04114583333333333 0.08055555555555556
2 0.18619791666666666 0.9648148148148148 0.03802083333333333 0.06851851851851852
0 0.65 0.9671296296296297 0.053125 0.06388888888888888
0 0.6895833333333333 0.9717592592592592 0.052083333333333336 0.05462962962962963
6 0.5768229166666666 0.11666666666666667 0.0515625 0.08518518518518518
2 0.18984375 0.13703703703703704 0.05572916666666667 0.07407407407407407
4 0.19036458333333334 0.18055555555555555 0.0421875 0.05555555555555555
4 0.6291666666666667 0.21157407407407408 0.05 0.06759259259259259
4 0.55390625 0.21805555555555556 0.04739583333333333 0.06018518518518518
0 0.5151041666666667 0.22083333333333333 0.030208333333333334 0.058333333333333334
2 0.5916666666666667 0.22546296296296298 0.04479166666666667 0.062037037037037036
7 0.19010416666666666 0.24675925925925926 0.06041666666666667 0.06759259259259259
7 0.48151041666666666 0.25277777777777777 0.0453125 0.07407407407407407
4 0.53203125 0.27361111111111114 0.03802083333333333 0.08796296296296297
4 0.57109375 0.29074074074074074 0.05364583333333333 0.09074074074074075
5 0.6619791666666667 0.2967592592592593 0.06979166666666667 0.11574074074074074
7 0.34921875 0.3023148148148148 0.04114583333333333 0.08055555555555556
0 0.4895833333333333 0.32175925925925924 0.04479166666666667 0.06018518518518518
4 0.6049479166666667 0.32546296296296295 0.0515625 0.058333333333333334
2 0.2716145833333333 0.3680555555555556 0.06927083333333334 0.10648148148148148
8 0.39921875 0.3763888888888889 0.04010416666666667 0.0712962962962963
5 0.6489583333333333 0.37824074074074077 0.04895833333333333 0.06759259259259259
2 0.61328125 0.38935185185185184 0.04114583333333333 0.06944444444444445
7 0.484375 0.3921296296296296 0.03854166666666667 0.0712962962962963
2 0.5270833333333333 0.4027777777777778 0.0375 0.07407407407407407
2 0.365625 0.4027777777777778 0.0375 0.07407407407407407
4 0.70859375 0.4083333333333333 0.0578125 0.10925925925925926
7 0.6697916666666667 0.41805555555555557 0.029166666666666667 0.0712962962962963
8 0.42864583333333334 0.42592592592592593 0.05520833333333333 0.09259259259259259
2 0.5893229166666667 0.4305555555555556 0.03697916666666667 0.07407407407407407
0 0.6380208333333334 0.44074074074074077 0.03854166666666667 0.06296296296296296
0 0.32786458333333335 0.4425925925925926 0.043229166666666666 0.08333333333333333
4 0.37916666666666665 0.4587962962962963 0.03958333333333333 0.0787037037037037
1 0.74921875 0.46574074074074073 0.04114583333333333 0.06481481481481481
6 0.7942708333333334 0.4699074074074074 0.06458333333333334 0.125
7 0.48072916666666665 0.4773148148148148 0.04479166666666667 0.06944444444444445
4 0.42161458333333335 0.4930555555555556 0.0484375 0.06018518518518518
2 0.6760416666666667 0.49537037037037035 0.03854166666666667 0.07407407407407407
0 0.7109375 0.5263888888888889 0.05520833333333333 0.08611111111111111
0 0.6341145833333334 0.5421296296296296 0.0515625 0.08796296296296297
0 0.5625 0.5472222222222223 0.05 0.08148148148148149
0 0.37447916666666664 0.5560185185185185 0.071875 0.10648148148148148
8 0.77734375 0.5662037037037037 0.0421875 0.06759259259259259
4 0.7453125 0.5768518518518518 0.029166666666666667 0.05555555555555555
2 0.671875 0.6143518518518518 0.05416666666666667 0.09907407407407408
2 0.7963541666666667 0.6300925925925925 0.04375 0.06018518518518518
4 0.29401041666666666 0.6342592592592593 0.0609375 0.10185185185185185
0 0.5346354166666667 0.6537037037037037 0.04010416666666667 0.06666666666666667
2 0.7291666666666666 0.6625 0.06041666666666667 0.08796296296296297
4 0.5723958333333333 0.6675925925925926 0.04583333333333333 0.07222222222222222
1 0.20130208333333333 0.6875 0.0453125 0.0787037037037037
4 0.321875 0.7050925925925926 0.03958333333333333 0.08611111111111111
4 0.5338541666666666 0.7435185185185185 0.059375 0.09259259259259259
0 0.21901041666666668 0.7583333333333333 0.05260416666666667 0.09074074074074075
7 0.34348958333333335 0.7986111111111112 0.0484375 0.06944444444444445
2 0.184375 0.8162037037037037 0.042708333333333334 0.08055555555555556
0 0.52734375 0.8268518518518518 0.06822916666666666 0.10185185185185185
6 0.22005208333333334 0.8569444444444444 0.0578125 0.08796296296296297
7 0.17526041666666667 0.9018518518518519 0.04010416666666667 0.06666666666666667
0 0.47369791666666666 0.9032407407407408 0.0640625 0.125