7 0.73046875 0.2300925925925926 0.044270833333333336 0.08425925925925926
6 0.44817708333333334 0.2759259259259259 0.05260416666666667 0.09814814814814815
8 0.3413177083333333 0.3242314814814815 0.053125 0.08611111111111111
1 0.47890625 0.35462962962962963 0.0390625 0.07407407407407407
0 0.28411458333333334 0.35694444444444445 0.04114583333333333 0.075
0 0.31276041666666665 0.3888888888888889 0.04010416666666667 0.06481481481481481
7 0.8067708333333333 0.4486111111111111 0.041666666666666664 0.08055555555555556
0 0.5130208333333334 0.45740740740740743 0.041666666666666664 0.07592592592592592
6 0.28151041666666665 0.4888888888888889 0.0484375 0.09444444444444444
2 0.5721354166666667 0.524537037037037 0.0359375 0.06944444444444445
1 0.50078125 0.5430555555555555 0.0390625 0.06944444444444445
5 0.17421875 0.5708333333333333 0.044270833333333336 0.07314814814814814
0 0.31302083333333336 0.6546296296296297 0.03958333333333333 0.06296296296296296
2 0.2734375 0.6615740740740741 0.0375 0.0712962962962963
0 0.3515625 0.7111111111111111 0.04791666666666667 0.08703703703703704
0 0.3 0.7162037037037037 0.040625 0.0712962962962963
0 0.7911458333333333 0.7171296296296297 0.052083333333333336 0.09166666666666666
7 0.7526041666666666 0.7583333333333333 0.041666666666666664 0.07407407407407407
7 0.5244791666666667 0.7675925925925926 0.04375 0.07407407407407407
6 0.8145833333333333 0.7824074074074074 0.03229166666666667 0.06296296296296296
5 0.2721354166666667 0.7944444444444444 0.0671875 0.11296296296296296
7 0.4421875 0.8648148148148148 0.052083333333333336 0.12037037037037036
2 0.5526041666666667 0.9157407407407407 0.0375 0.05925925925925926