6 0.48072916666666665 0.9625 0.041666666666666664 0.07314814814814814
4 0.42421875 0.1259259259259259 0.04739583333333333 0.06666666666666667
0 0.68671875 0.17777777777777778 0.05572916666666667 0.1037037037037037
4 0.31692708333333336 0.19166666666666668 0.04114583333333333 0.07592592592592592
2 0.44244791666666666 0.20462962962962963 0.0484375 0.08703703703703704
0 0.36328125 0.25 0.06510416666666667 0.11481481481481481
8 0.46536458333333336 0.29907407407407405 0.05364583333333333 0.10185185185185185
4 0.6190104166666667 0.30925925925925923 0.049479166666666664 0.1
0 0.7059895833333333 0.3398148148148148 0.04635416666666667 0.08703703703703704
7 0.21796875 0.38333333333333336 0.03697916666666667 0.08148148148148149
2 0.64921875 0.4222222222222222 0.0765625 0.12222222222222222
1 0.24192708333333332 0.612037037037037 0.059895833333333336 0.09074074074074075
7 0.44609375 0.0824074074074074 0.03697916666666667 0.06851851851851852
0 0.6471354166666666 0.08981481481481482 0.0390625 0.08333333333333333