1 0.39505208333333336 0.2023148148148148 0.0453125 0.07685185185185185
6 0.5432291666666667 0.2638888888888889 0.06875 0.12222222222222222
0 0.68359375 0.3226851851851852 0.04739583333333333 0.07314814814814814
2 0.18880208333333334 0.4101851851851852 0.04739583333333333 0.07407407407407407
7 0.7643229166666666 0.4550925925925926 0.044270833333333336 0.0787037037037037
6 0.6890625 0.5148148148148148 0.06458333333333334 0.10925925925925926
6 0.47994791666666664 0.5509259259259259 0.044270833333333336 0.07777777777777778
8 0.39869791666666665 0.5689814814814815 0.044270833333333336 0.06944444444444445
6 0.7213541666666666 0.5986111111111111 0.03125 0.05462962962962963
0 0.49453125 0.6375 0.0484375 0.09537037037037037
2 0.534375 0.6486111111111111 0.036458333333333336 0.06574074074074074
7 0.2908854166666667 0.7833333333333333 0.043229166666666666 0.08333333333333333
0 0.44140625 0.8087962962962963 0.04010416666666667 0.0787037037037037