2 0.7731770833333333 0.9527777777777777 0.033854166666666664 0.06851851851851852
2 0.7841145833333333 0.12407407407407407 0.03697916666666667 0.07037037037037037
2 0.7091145833333333 0.12962962962962962 0.05572916666666667 0.09259259259259259
0 0.3575520833333333 0.16666666666666666 0.06510416666666667 0.12222222222222222
4 0.30755208333333334 0.1787037037037037 0.0359375 0.07962962962962963
7 0.5231770833333333 0.2935185185185185 0.044270833333333336 0.08703703703703704
0 0.59609375 0.32685185185185184 0.04010416666666667 0.07962962962962963
4 0.6690104166666667 0.3824074074074074 0.0546875 0.09444444444444444
2 0.80390625 0.38796296296296295 0.04739583333333333 0.08333333333333333
0 0.5473958333333333 0.4675925925925926 0.042708333333333334 0.08333333333333333
7 0.7283854166666667 0.4685185185185185 0.0484375 0.08148148148148149
6 0.54765625 0.04722222222222222 0.043229166666666666 0.06851851851851852
4 0.6622395833333333 0.5092592592592593 0.04114583333333333 0.07037037037037037
8 0.7466145833333333 0.5555555555555556 0.059895833333333336 0.08888888888888889
4 0.5888020833333333 0.575925925925926 0.0546875 0.09259259259259259
8 0.61171875 0.6351851851851852 0.03697916666666667 0.07037037037037037
0 0.3997395833333333 0.637962962962963 0.0578125 0.09444444444444444
4 0.6658854166666667 0.6388888888888888 0.05260416666666667 0.0962962962962963
4 0.2825520833333333 0.6638888888888889 0.04010416666666667 0.07962962962962963
4 0.8153645833333333 0.6925925925925925 0.030729166666666665 0.05185185185185185
4 0.35494791666666664 0.6981481481481482 0.04114583333333333 0.07407407407407407
2 0.47317708333333336 0.7268518518518519 0.05260416666666667 0.10555555555555556
8 0.5075520833333333 0.7638888888888888 0.043229166666666666 0.07962962962962963
4 0.6096354166666667 0.07685185185185185 0.03802083333333333 0.07592592592592592
6 0.44765625 0.8083333333333333 0.0453125 0.07962962962962963
6 0.65546875 0.08703703703703704 0.0546875 0.08888888888888889
0 0.42578125 0.8888888888888888 0.04114583333333333 0.08148148148148149