0 0.6822916666666666 0.15092592592592594 0.03958333333333333 0.07037037037037037
6 0.73359375 0.21481481481481482 0.0515625 0.09074074074074075
7 0.26875 0.2273148148148148 0.04375 0.06944444444444445
2 0.5278645833333333 0.23657407407407408 0.03802083333333333 0.075
0 0.33541666666666664 0.27175925925925926 0.03854166666666667 0.06759259259259259
7 0.49322916666666666 0.2898148148148148 0.03958333333333333 0.07407407407407407
4 0.4859375 0.3680555555555556 0.03854166666666667 0.06944444444444445
2 0.5510416666666667 0.39444444444444443 0.0375 0.06296296296296296
0 0.3255208333333333 0.4305555555555556 0.040625 0.06481481481481481
4 0.4822916666666667 0.4305555555555556 0.040625 0.06481481481481481
2 0.4479166666666667 0.44814814814814813 0.034375 0.06296296296296296
7 0.196875 0.44907407407407407 0.040625 0.07407407407407407
0 0.4703125 0.4930555555555556 0.03333333333333333 0.05648148148148148
1 0.5080729166666667 0.5074074074074074 0.0359375 0.07037037037037037
1 0.4348958333333333 0.5143518518518518 0.035416666666666666 0.06944444444444445
2 0.47274479166666666 0.5685185185185185 0.035416666666666666 0.07222222222222222
2 0.33697916666666666 0.7092592592592593 0.034375 0.06296296296296296
8 0.5859375 0.08657407407407407 0.053125 0.09351851851851851