0 0.48776041666666664 0.24259259259259258 0.03802083333333333 0.07222222222222222
6 0.43723958333333335 0.3143518518518518 0.0296875 0.058333333333333334
4 0.6380208333333334 0.3773148148148148 0.040625 0.075
2 0.39409895833333336 0.4183611111111111 0.03229166666666667 0.058333333333333334
4 0.7408854166666666 0.4861111111111111 0.043229166666666666 0.07777777777777778
0 0.37786458333333334 0.5106481481481482 0.0421875 0.07685185185185185
8 0.543921875 0.5773148148148148 0.05 0.09537037037037037
1 0.38619791666666664 0.586574074074074 0.03802083333333333 0.06574074074074074
6 0.74921875 0.5930555555555556 0.0671875 0.10648148148148148
0 0.61640625 0.6101851851851852 0.05260416666666667 0.09074074074074075
0 0.44817708333333334 0.6226851851851852 0.03697916666666667 0.06574074074074074
0 0.4119791666666667 0.6324074074074074 0.03854166666666667 0.07407407407407407
7 0.671875 0.6435185185185185 0.040625 0.07407407407407407
2 0.6450520833333333 0.6847222222222222 0.0359375 0.06944444444444445
7 0.74140625 0.6861111111111111 0.0421875 0.07962962962962963
2 0.7729166666666667 0.7125 0.04375 0.06944444444444445
0 0.4002604166666667 0.7416666666666667 0.04739583333333333 0.08888888888888889
7 0.7197916666666667 0.7425925925925926 0.040625 0.07222222222222222
8 0.6041666666666666 0.7486111111111111 0.05 0.09351851851851851
2 0.5157916666666668 0.8401203703703705 0.04375 0.06296296296296296