0 0.5611979166666666 0.9398148148148148 0.0515625 0.09814814814814815
6 0.5072916666666667 0.9625 0.06875 0.07314814814814814
1 0.259375 0.9699074074074074 0.042708333333333334 0.058333333333333334
2 0.29765625 0.2851851851851852 0.043229166666666666 0.07407407407407407
7 0.25494791666666666 0.3074074074074074 0.0453125 0.09259259259259259
4 0.5705729166666667 0.32592592592592595 0.04114583333333333 0.08148148148148149
4 0.61484375 0.3453703703703704 0.0546875 0.09074074074074075
2 0.58046875 0.3962962962962963 0.050520833333333334 0.07777777777777778
2 0.31692708333333336 0.4009259259259259 0.05677083333333333 0.09074074074074075
1 0.6768229166666667 0.48703703703703705 0.043229166666666666 0.08148148148148149
2 0.7221354166666667 0.5407407407407407 0.06302083333333333 0.11851851851851852
2 0.6768229166666667 0.5472222222222223 0.04010416666666667 0.06851851851851852
7 0.28619791666666666 0.06574074074074074 0.043229166666666666 0.07592592592592592
1 0.44140625 0.6611111111111111 0.04114583333333333 0.06666666666666667
8 0.28463541666666664 0.6620370370370371 0.0546875 0.10185185185185185
4 0.73828125 0.687037037037037 0.0328125 0.05555555555555555
0 0.32421875 0.700925925925926 0.03802083333333333 0.07592592592592592
2 0.6184895833333334 0.7583333333333333 0.049479166666666664 0.07222222222222222
4 0.4861979166666667 0.9166666666666666 0.0328125 0.06296296296296296