6 0.43359375 0.42777777777777776 0.06927083333333334 0.11851851851851852
6 0.7502604166666667 0.43425925925925923 0.05677083333333333 0.08703703703703704
5 0.63828125 0.5824074074074074 0.05572916666666667 0.09444444444444444
4 0.4315104166666667 0.5861111111111111 0.03802083333333333 0.06851851851851852
2 0.4044270833333333 0.6324074074074074 0.04114583333333333 0.06111111111111111
7 0.6669270833333333 0.6759259259259259 0.0421875 0.08888888888888889
4 0.3658854166666667 0.6861111111111111 0.04635416666666667 0.07592592592592592
0 0.8013020833333333 0.6962962962962963 0.044270833333333336 0.07777777777777778
0 0.4830729166666667 0.7981481481481482 0.0390625 0.07037037037037037
0 0.5783854166666667 0.8 0.050520833333333334 0.1
8 0.4622395833333333 0.8472222222222222 0.044270833333333336 0.07592592592592592