0 0.20963541666666666 0.10833333333333334 0.0453125 0.07592592592592592
0 0.4752604166666667 0.1638888888888889 0.04114583333333333 0.07222222222222222
4 0.5856770833333333 0.1824074074074074 0.03697916666666667 0.06481481481481481
2 0.62109375 0.23055555555555557 0.04114583333333333 0.06851851851851852
7 0.4700520833333333 0.2361111111111111 0.043229166666666666 0.07962962962962963
2 0.5606770833333333 0.23703703703703705 0.04739583333333333 0.08888888888888889
4 0.6033854166666667 0.33055555555555555 0.03697916666666667 0.06851851851851852
2 0.37057291666666664 0.35648148148148145 0.033854166666666664 0.05740740740740741
8 0.5778645833333333 0.38333333333333336 0.03802083333333333 0.07777777777777778
4 0.61953125 0.3888888888888889 0.03697916666666667 0.05925925925925926
8 0.40390625 0.41203703703703703 0.04635416666666667 0.08703703703703704
0 0.6065104166666667 0.45092592592592595 0.0390625 0.06481481481481481
8 0.4393229166666667 0.45185185185185184 0.0359375 0.06296296296296296
1 0.21380208333333334 0.46574074074074073 0.04114583333333333 0.06851851851851852
4 0.5408854166666667 0.47962962962962963 0.0453125 0.08518518518518518
2 0.7934895833333333 0.5092592592592593 0.0359375 0.07037037037037037
2 0.5747395833333333 0.5324074074074074 0.0421875 0.07592592592592592
4 0.5263020833333333 0.5814814814814815 0.04739583333333333 0.09259259259259259
2 0.47317708333333336 0.6212962962962963 0.0390625 0.06481481481481481
0 0.26328125 0.6509259259259259 0.0671875 0.11666666666666667
7 0.43359375 0.7361111111111112 0.03697916666666667 0.07222222222222222
8 0.47682291666666665 0.7472222222222222 0.0484375 0.09074074074074075
7 0.61640625 0.7592592592592593 0.050520833333333334 0.09259259259259259
2 0.5216145833333333 0.7870370370370371 0.0484375 0.0962962962962963
1 0.36380208333333336 0.7916666666666666 0.043229166666666666 0.07222222222222222
0 0.45390625 0.8462962962962963 0.05260416666666667 0.1