8 0.6028645833333334 0.10833333333333334 0.0421875 0.09074074074074075
1 0.38255208333333335 0.10833333333333334 0.04114583333333333 0.07592592592592592
0 0.6127604166666667 0.26666666666666666 0.0390625 0.06666666666666667
7 0.6434895833333333 0.287962962962963 0.03802083333333333 0.06111111111111111
4 0.6419270833333334 0.37962962962962965 0.03697916666666667 0.07037037037037037
6 0.22786458333333334 0.3851851851851852 0.03177083333333333 0.04814814814814815
2 0.27265625 0.4185185185185185 0.0421875 0.07407407407407407
4 0.66640625 0.42314814814814816 0.0390625 0.06111111111111111
0 0.8096354166666667 0.4324074074074074 0.0515625 0.10185185185185185
0 0.5127604166666667 0.4925925925925926 0.0515625 0.09259259259259259
7 0.60390625 0.5592592592592592 0.044270833333333336 0.06666666666666667
0 0.64296875 0.6064814814814815 0.0515625 0.09074074074074075
2 0.60078125 0.6685185185185185 0.044270833333333336 0.07777777777777778