7 0.83984375 0.9296296296296296 0.0453125 0.1037037037037037
7 0.35130208333333335 0.9435185185185185 0.04739583333333333 0.07592592592592592
0 0.6966145833333334 0.9453703703703704 0.04635416666666667 0.07962962962962963
1 0.44557291666666665 0.9490740740740741 0.04010416666666667 0.07592592592592592
5 0.28229166666666666 0.9643518518518519 0.04479166666666667 0.06944444444444445
8 0.65390625 0.10555555555555556 0.03802083333333333 0.06666666666666667
2 0.49713541666666666 0.10740740740740741 0.04739583333333333 0.1
2 0.5372395833333333 0.1111111111111111 0.0421875 0.08148148148148149
1 0.57890625 0.1259259259259259 0.03802083333333333 0.07407407407407407
2 0.4627604166666667 0.15185185185185185 0.0390625 0.06296296296296296
2 0.49557291666666664 0.18333333333333332 0.04114583333333333 0.06296296296296296
6 0.19661458333333334 0.18425925925925926 0.0484375 0.08703703703703704
2 0.2986979166666667 0.19074074074074074 0.0484375 0.08888888888888889
8 0.46432291666666664 0.2175925925925926 0.04010416666666667 0.06851851851851852
6 0.8361979166666667 0.2361111111111111 0.0359375 0.06111111111111111
7 0.37161458333333336 0.2462962962962963 0.044270833333333336 0.07037037037037037
2 0.20651041666666667 0.26851851851851855 0.05572916666666667 0.08518518518518518
8 0.34140625 0.28703703703703703 0.03802083333333333 0.06666666666666667
6 0.36692708333333335 0.3212962962962963 0.03697916666666667 0.06851851851851852
6 0.30078125 0.3351851851851852 0.06510416666666667 0.1111111111111111
0 0.40546875 0.3388888888888889 0.04114583333333333 0.07037037037037037
0 0.34401041666666665 0.3861111111111111 0.0515625 0.07962962962962963
4 0.3846354166666667 0.39351851851851855 0.043229166666666666 0.06851851851851852
5 0.20390625 0.39814814814814814 0.06510416666666667 0.1037037037037037
0 0.26276041666666666 0.4046296296296296 0.0515625 0.08333333333333333
2 0.29348958333333336 0.45740740740740743 0.03802083333333333 0.06666666666666667
0 0.36640625 0.4648148148148148 0.06197916666666667 0.08518518518518518
8 0.48880208333333336 0.4787037037037037 0.03697916666666667 0.06851851851851852
2 0.6096354166666667 0.4898148148148148 0.0515625 0.09074074074074075
6 0.5596354166666667 0.4925925925925926 0.04739583333333333 0.08518518518518518
4 0.6971354166666667 0.5027777777777778 0.04114583333333333 0.07592592592592592
8 0.6596354166666667 0.5157407407407407 0.04114583333333333 0.07592592592592592
6 0.8018229166666667 0.524074074074074 0.07552083333333333 0.11851851851851852
7 0.3815104166666667 0.05277777777777778 0.05364583333333333 0.09074074074074075
4 0.7450520833333333 0.5407407407407407 0.04010416666666667 0.07037037037037037
8 0.46536458333333336 0.5435185185185185 0.03802083333333333 0.07222222222222222
4 0.21848958333333332 0.5481481481481482 0.0421875 0.07407407407407407
1 0.5794270833333334 0.549074074074074 0.04114583333333333 0.07222222222222222
4 0.5434895833333333 0.5583333333333333 0.03802083333333333 0.06481481481481481
2 0.6955729166666667 0.5601851851851852 0.04635416666666667 0.06851851851851852
2 0.5091145833333334 0.5703703703703704 0.03177083333333333 0.05925925925925926
4 0.19036458333333334 0.5777777777777777 0.0421875 0.06296296296296296
6 0.6606770833333333 0.5814814814814815 0.0453125 0.08518518518518518
4 0.6190104166666667 0.5824074074074074 0.0453125 0.07592592592592592
4 0.77421875 0.5944444444444444 0.03802083333333333 0.06666666666666667
0 0.72890625 0.5972222222222222 0.03802083333333333 0.06851851851851852
4 0.57109375 0.6074074074074074 0.03802083333333333 0.06296296296296296
7 0.61640625 0.06111111111111111 0.04635416666666667 0.08148148148148149
0 0.42265625 0.612037037037037 0.04010416666666667 0.06851851851851852
5 0.8283854166666667 0.6212962962962963 0.05364583333333333 0.10555555555555556
6 0.33046875 0.6222222222222222 0.06614583333333333 0.11851851851851852
0 0.7549479166666667 0.6398148148148148 0.04114583333333333 0.06111111111111111
2 0.2825520833333333 0.6453703703703704 0.04114583333333333 0.07592592592592592
0 0.38203125 0.6527777777777778 0.0546875 0.08703703703703704
7 0.79296875 0.6555555555555556 0.03697916666666667 0.07037037037037037
0 0.5388020833333333 0.6583333333333333 0.0640625 0.10555555555555556
5 0.18776041666666668 0.06666666666666667 0.04114583333333333 0.08148148148148149
2 0.7075520833333333 0.6768518518518518 0.0640625 0.11296296296296296
0 0.61640625 0.6777777777777778 0.06302083333333333 0.1037037037037037
8 0.66640625 0.6787037037037037 0.0421875 0.08703703703703704
8 0.3651041666666667 0.7194444444444444 0.040625 0.07962962962962963
7 0.59609375 0.7481481481481481 0.04114583333333333 0.08148148148148149
0 0.65234375 0.7527777777777778 0.04739583333333333 0.09074074074074075
0 0.38723958333333336 0.7768518518518519 0.0421875 0.06481481481481481
0 0.62265625 0.7962962962962963 0.0359375 0.06296296296296296
2 0.73359375 0.8009259259259259 0.043229166666666666 0.07592592592592592
2 0.6846354166666667 0.8083333333333333 0.03697916666666667 0.07592592592592592
8 0.29609375 0.8185185185185185 0.05572916666666667 0.0962962962962963
4 0.65390625 0.8333333333333334 0.033854166666666664 0.07037037037037037
4 0.59765625 0.8490740740740741 0.0359375 0.07962962962962963
2 0.38776041666666666 0.8490740740740741 0.049479166666666664 0.08333333333333333
2 0.6888020833333334 0.8703703703703703 0.04114583333333333 0.07037037037037037
6 0.43723958333333335 0.875 0.05260416666666667 0.08703703703703704
4 0.8268229166666666 0.08888888888888889 0.0421875 0.07407407407407407
2 0.7247395833333333 0.8916666666666667 0.0453125 0.07592592592592592
4 0.32265625 0.9101851851851852 0.0421875 0.07592592592592592
1 0.6622395833333333 0.9203703703703704 0.04010416666666667 0.07407407407407407
7 0.6205729166666667 0.9212962962962963 0.050520833333333334 0.10185185185185185