0 0.29322916666666665 0.29768518518518516 0.041666666666666664 0.0712962962962963
2 0.6028645833333334 0.3143518518518518 0.0421875 0.075
4 0.25546875 0.4375 0.04739583333333333 0.07685185185185185
2 0.49453125 0.4740740740740741 0.04010416666666667 0.07222222222222222
1 0.5190104166666667 0.5259259259259259 0.0390625 0.06481481481481481
2 0.47552083333333334 0.5615740740740741 0.03958333333333333 0.0712962962962963
0 0.3580729166666667 0.5638888888888889 0.0546875 0.08518518518518518
4 0.55703125 0.587037037037037 0.050520833333333334 0.09074074074074075
7 0.2752604166666667 0.5925925925925926 0.05572916666666667 0.10555555555555556
0 0.43984375 0.6152777777777778 0.034895833333333334 0.06574074074074074
1 0.49557291666666664 0.625 0.0421875 0.06666666666666667
6 0.4015625 0.6328703703703704 0.03333333333333333 0.05648148148148148
2 0.5817708333333333 0.6666666666666666 0.04375 0.07592592592592592
2 0.42109375 0.6726851851851852 0.030729166666666665 0.062037037037037036
4 0.48515625 0.675 0.033854166666666664 0.05185185185185185
6 0.2591145833333333 0.7194444444444444 0.06510416666666667 0.11481481481481481
7 0.46380208333333334 0.7425925925925926 0.04114583333333333 0.07592592592592592
2 0.3846354166666667 0.8050925925925926 0.04114583333333333 0.0712962962962963
4 0.23411458333333332 0.8055555555555556 0.044270833333333336 0.07592592592592592