0 0.6997395833333333 0.9592592592592593 0.04114583333333333 0.07407407407407407
7 0.63828125 0.2916666666666667 0.04114583333333333 0.06851851851851852
4 0.34140625 0.29814814814814816 0.043229166666666666 0.07407407407407407
2 0.72109375 0.36203703703703705 0.0421875 0.07592592592592592
8 0.33932291666666664 0.3851851851851852 0.03697916666666667 0.07037037037037037
8 0.40651041666666665 0.4046296296296296 0.0484375 0.08703703703703704
8 0.31692708333333336 0.4351851851851852 0.043229166666666666 0.06666666666666667
2 0.25703125 0.45185185185185184 0.0515625 0.09259259259259259
0 0.54609375 0.4777777777777778 0.06510416666666667 0.10740740740740741
8 0.7356770833333334 0.5009259259259259 0.044270833333333336 0.07222222222222222
1 0.38046875 0.5074074074074074 0.04635416666666667 0.08888888888888889
0 0.31692708333333336 0.512962962962963 0.050520833333333334 0.0962962962962963
2 0.7825520833333334 0.562037037037037 0.0359375 0.06111111111111111
4 0.56953125 0.7194444444444444 0.03697916666666667 0.06851851851851852
2 0.66953125 0.7444444444444445 0.04114583333333333 0.08148148148148149
4 0.5247395833333334 0.8435185185185186 0.04114583333333333 0.08703703703703704