7 0.41848958333333336 0.9361111111111111 0.04114583333333333 0.07592592592592592
8 0.5841145833333333 0.937037037037037 0.0453125 0.07407407407407407
2 0.6455729166666667 0.11481481481481481 0.03697916666666667 0.07407407407407407
2 0.4596354166666667 0.14814814814814814 0.050520833333333334 0.08148148148148149
0 0.67578125 0.1537037037037037 0.043229166666666666 0.06296296296296296
0 0.6158854166666666 0.17962962962962964 0.06510416666666667 0.1
6 0.5236979166666667 0.18333333333333332 0.059895833333333336 0.10740740740740741
0 0.39296875 0.21388888888888888 0.058854166666666666 0.12037037037037036
4 0.6783854166666666 0.21388888888888888 0.033854166666666664 0.06481481481481481
0 0.18932291666666667 0.2212962962962963 0.049479166666666664 0.08703703703703704
2 0.4557291666666667 0.2222222222222222 0.028125 0.05925925925925926
4 0.58671875 0.2490740740740741 0.0359375 0.06481481481481481
2 0.31223958333333335 0.2537037037037037 0.0390625 0.06666666666666667
8 0.7591145833333334 0.2537037037037037 0.0390625 0.07037037037037037
4 0.6424479166666667 0.26296296296296295 0.0390625 0.07407407407407407
2 0.51796875 0.26666666666666666 0.033854166666666664 0.07407407407407407
4 0.24765625 0.26944444444444443 0.03697916666666667 0.06481481481481481
2 0.36276041666666664 0.27685185185185185 0.04010416666666667 0.06481481481481481
0 0.20651041666666667 0.2777777777777778 0.04114583333333333 0.06666666666666667
7 0.6127604166666667 0.2953703703703704 0.0484375 0.08703703703703704
7 0.41484375 0.3212962962962963 0.03802083333333333 0.07962962962962963
5 0.5393229166666667 0.32222222222222224 0.0515625 0.08888888888888889
8 0.71796875 0.33425925925925926 0.0546875 0.09444444444444444
0 0.28046875 0.3398148148148148 0.044270833333333336 0.07592592592592592
1 0.21640625 0.3453703703703704 0.043229166666666666 0.07592592592592592
6 0.35963541666666665 0.37407407407407406 0.05260416666666667 0.09259259259259259
4 0.58046875 0.3962962962962963 0.03802083333333333 0.08148148148148149
8 0.49921875 0.4046296296296296 0.0421875 0.06851851851851852
4 0.27265625 0.4111111111111111 0.028645833333333332 0.05185185185185185
4 0.8091145833333333 0.4185185185185185 0.04739583333333333 0.07777777777777778
8 0.17473958333333334 0.42962962962962964 0.04114583333333333 0.07037037037037037
7 0.7466145833333333 0.43425925925925923 0.04114583333333333 0.07222222222222222
4 0.20911458333333333 0.4583333333333333 0.0453125 0.07592592592592592
0 0.6794270833333333 0.046296296296296294 0.04010416666666667 0.07407407407407407
4 0.2669270833333333 0.4648148148148148 0.0421875 0.06296296296296296
0 0.6377604166666667 0.04722222222222222 0.0515625 0.08703703703703704
0 0.16640625 0.49907407407407406 0.04114583333333333 0.06851851851851852
2 0.56328125 0.05 0.0390625 0.06296296296296296
0 0.29765625 0.5046296296296297 0.04114583333333333 0.06851851851851852
1 0.50078125 0.5055555555555555 0.0390625 0.07777777777777778
0 0.24296875 0.5111111111111111 0.0484375 0.0962962962962963
0 0.3502604166666667 0.5574074074074075 0.033854166666666664 0.06666666666666667
4 0.16640625 0.5592592592592592 0.043229166666666666 0.06296296296296296
5 0.28463541666666664 0.5666666666666667 0.04635416666666667 0.07037037037037037
7 0.23567708333333334 0.5879629629629629 0.04635416666666667 0.08333333333333333
4 0.19505208333333332 0.612037037037037 0.0359375 0.07222222222222222
4 0.16380208333333332 0.6194444444444445 0.03802083333333333 0.06851851851851852
4 0.26901041666666664 0.6527777777777778 0.05260416666666667 0.09814814814814815
4 0.72109375 0.06574074074074074 0.04114583333333333 0.07592592592592592
0 0.35130208333333335 0.6583333333333333 0.03802083333333333 0.06851851851851852
8 0.21067708333333332 0.6648148148148149 0.03802083333333333 0.07407407407407407
0 0.5315104166666667 0.6685185185185185 0.03802083333333333 0.07037037037037037
6 0.41015625 0.675 0.04739583333333333 0.08703703703703704
8 0.17421875 0.675 0.043229166666666666 0.06481481481481481
4 0.3575520833333333 0.06851851851851852 0.0421875 0.07407407407407407
1 0.7361979166666667 0.7101851851851851 0.0453125 0.07222222222222222
0 0.20286458333333332 0.725 0.050520833333333334 0.07592592592592592
0 0.5893229166666667 0.7277777777777777 0.04739583333333333 0.1
4 0.5497395833333333 0.7398148148148148 0.034895833333333334 0.06851851851851852
0 0.32317708333333334 0.7407407407407407 0.04010416666666667 0.07777777777777778
0 0.24557291666666667 0.7527777777777778 0.05364583333333333 0.10185185185185185
6 0.17630208333333333 0.7574074074074074 0.0609375 0.11851851851851852
2 0.5013020833333334 0.7759259259259259 0.058854166666666666 0.1037037037037037
4 0.20286458333333332 0.8212962962962963 0.0453125 0.08703703703703704
1 0.5434895833333333 0.8527777777777777 0.049479166666666664 0.08333333333333333
8 0.22734375 0.875 0.0359375 0.07592592592592592
2 0.59609375 0.08888888888888889 0.03802083333333333 0.07407407407407407