2 0.7690104166666667 0.9425925925925925 0.058854166666666666 0.08888888888888889
8 0.2903645833333333 0.14722222222222223 0.04114583333333333 0.07222222222222222
1 0.35859375 0.15 0.03802083333333333 0.07777777777777778
2 0.6544270833333333 0.15925925925925927 0.05677083333333333 0.09259259259259259
4 0.42161458333333335 0.1824074074074074 0.043229166666666666 0.08703703703703704
4 0.3796875 0.2101851851851852 0.03958333333333333 0.06851851851851852
4 0.19765625 0.21388888888888888 0.0390625 0.06851851851851852
2 0.30026041666666664 0.23148148148148148 0.0421875 0.07777777777777778
4 0.2513020833333333 0.25277777777777777 0.04010416666666667 0.06851851851851852
2 0.34348958333333335 0.27037037037037037 0.0515625 0.08518518518518518
4 0.5958333333333333 0.27314814814814814 0.022916666666666665 0.04259259259259259
7 0.3768229166666667 0.275 0.024479166666666666 0.046296296296296294
4 0.49296875 0.2916666666666667 0.03802083333333333 0.06851851851851852
0 0.42682291666666666 0.2962962962962963 0.049479166666666664 0.08518518518518518
4 0.29609375 0.3101851851851852 0.04010416666666667 0.06851851851851852
4 0.24817708333333333 0.3194444444444444 0.0421875 0.06851851851851852
4 0.42161458333333335 0.032407407407407406 0.04739583333333333 0.06481481481481481
4 0.5846354166666666 0.32592592592592595 0.04635416666666667 0.07407407407407407
0 0.17630208333333333 0.33796296296296297 0.0421875 0.06481481481481481
4 0.34765625 0.3527777777777778 0.0390625 0.06481481481481481
2 0.3028645833333333 0.38425925925925924 0.05572916666666667 0.08703703703703704
5 0.24505208333333334 0.3861111111111111 0.03802083333333333 0.07222222222222222
2 0.39348958333333334 0.38796296296296295 0.06197916666666667 0.10925925925925926
0 0.4856770833333333 0.3907407407407407 0.04635416666666667 0.08518518518518518
6 0.44192708333333336 0.4064814814814815 0.0484375 0.08333333333333333
0 0.5419270833333333 0.43425925925925923 0.0359375 0.06481481481481481
0 0.33151041666666664 0.44814814814814813 0.050520833333333334 0.09259259259259259
1 0.2747395833333333 0.4546296296296296 0.04114583333333333 0.08333333333333333
4 0.5106770833333333 0.4546296296296296 0.04010416666666667 0.07222222222222222
0 0.22630208333333332 0.4703703703703704 0.06302083333333333 0.1
0 0.6981770833333333 0.49907407407407406 0.0546875 0.09444444444444444
4 0.5049479166666667 0.5138888888888888 0.0453125 0.06851851851851852
2 0.77109375 0.5796296296296296 0.033854166666666664 0.06296296296296296
8 0.17890625 0.5861111111111111 0.05364583333333333 0.09814814814814815
1 0.7341145833333333 0.5981481481481481 0.03697916666666667 0.06666666666666667
6 0.16432291666666668 0.8333333333333334 0.034895833333333334 0.06666666666666667
2 0.22109375 0.8398148148148148 0.0390625 0.08333333333333333
2 0.7424479166666667 0.8592592592592593 0.0390625 0.05555555555555555
2 0.26276041666666666 0.8611111111111112 0.05260416666666667 0.1
0 0.7106770833333333 0.9009259259259259 0.04635416666666667 0.07222222222222222