0 0.37734375 0.13055555555555556 0.03802083333333333 0.07222222222222222
4 0.3919270833333333 0.1925925925925926 0.03802083333333333 0.07407407407407407
0 0.31692708333333336 0.2722222222222222 0.03802083333333333 0.07037037037037037
8 0.5247395833333334 0.275 0.05364583333333333 0.09444444444444444
8 0.7497395833333333 0.29907407407407405 0.0515625 0.08333333333333333
4 0.8002604166666667 0.32222222222222224 0.050520833333333334 0.07407407407407407
7 0.55546875 0.32222222222222224 0.044270833333333336 0.06666666666666667
7 0.32005208333333335 0.32407407407407407 0.0296875 0.044444444444444446
6 0.67578125 0.38425925925925924 0.059895833333333336 0.12407407407407407
4 0.78515625 0.387037037037037 0.0453125 0.07407407407407407
4 0.30807291666666664 0.47129629629629627 0.0453125 0.08333333333333333
2 0.37473958333333335 0.47962962962962963 0.0515625 0.1
2 0.5934895833333333 0.5203703703703704 0.0453125 0.07407407407407407
0 0.64609375 0.5435185185185185 0.0484375 0.07592592592592592
5 0.2674479166666667 0.5555555555555556 0.0390625 0.07037037037037037
4 0.7190104166666667 0.562962962962963 0.04114583333333333 0.06296296296296296
6 0.7033854166666667 0.7777777777777778 0.0609375 0.1