4 0.35182291666666665 0.1476851851851852 0.05260416666666667 0.09537037037037037
8 0.48072916666666665 0.34814814814814815 0.03958333333333333 0.07037037037037037
4 0.2828125 0.41759259259259257 0.04479166666666667 0.07222222222222222
1 0.7440104166666667 0.5342592592592592 0.04635416666666667 0.07777777777777778
7 0.5354166666666667 0.5564814814814815 0.03958333333333333 0.07222222222222222
0 0.6044270833333333 0.5796296296296296 0.0421875 0.07222222222222222
7 0.32204687499999995 0.6 0.05 0.08333333333333333
6 0.48932291666666666 0.6027777777777777 0.058854166666666666 0.10925925925925926
4 0.3536458333333333 0.6439814814814815 0.03854166666666667 0.06574074074074074
7 0.29453125 0.6671296296296296 0.0421875 0.075
1 0.33255208333333336 0.6967592592592593 0.04114583333333333 0.06944444444444445
6 0.62109375 0.7027777777777777 0.0421875 0.07222222222222222
7 0.58125 0.7319444444444444 0.05 0.08425925925925926
6 0.5174479166666667 0.7384259259259259 0.0515625 0.09351851851851851
4 0.4231770833333333 0.7509259259259259 0.04010416666666667 0.07222222222222222
4 0.5533854166666666 0.8032407407407407 0.03802083333333333 0.06944444444444445