2 0.6388020833333333 0.12685185185185185 0.0390625 0.07222222222222222
7 0.23203125 0.17222222222222222 0.04635416666666667 0.08888888888888889
6 0.6815104166666667 0.25833333333333336 0.0640625 0.11666666666666667
2 0.62890625 0.34074074074074073 0.04010416666666667 0.07037037037037037
0 0.75859375 0.4351851851851852 0.043229166666666666 0.07407407407407407
2 0.4049479166666667 0.49074074074074076 0.04010416666666667 0.07037037037037037
8 0.7606770833333333 0.5157407407407407 0.0515625 0.09814814814814815
1 0.6877604166666667 0.562037037037037 0.0359375 0.07592592592592592
4 0.6549479166666666 0.5768518518518518 0.03802083333333333 0.08703703703703704
7 0.42890625 0.6361111111111111 0.058854166666666666 0.09074074074074075
4 0.31223958333333335 0.6592592592592592 0.0296875 0.06296296296296296
7 0.6309895833333333 0.6824074074074075 0.05260416666666667 0.09814814814814815
6 0.45026041666666666 0.6981481481481482 0.043229166666666666 0.08148148148148149
5 0.6700520833333333 0.7981481481481482 0.0640625 0.12222222222222222
0 0.24557291666666667 0.8074074074074075 0.044270833333333336 0.08148148148148149
2 0.22109375 0.8638888888888889 0.03697916666666667 0.05
1 0.26223958333333336 0.8814814814814815 0.0453125 0.07037037037037037