2 0.45729166666666665 0.2777777777777778 0.03854166666666667 0.07222222222222222
6 0.49114583333333334 0.3236111111111111 0.025 0.04537037037037037
0 0.5270833333333333 0.34120370370370373 0.03854166666666667 0.06944444444444445
7 0.49713541666666666 0.37916666666666665 0.04114583333333333 0.06944444444444445
5 0.4078125 0.38472222222222224 0.05416666666666667 0.08981481481481482
0 0.37473958333333335 0.4527777777777778 0.0453125 0.07222222222222222
0 0.7166666666666667 0.4532407407407407 0.040625 0.06388888888888888
6 0.5356770833333333 0.5092592592592593 0.0515625 0.09074074074074075
2 0.6765625 0.5092592592592593 0.0375 0.06851851851851852
0 0.7380208333333333 0.5175925925925926 0.05 0.08518518518518518
0 0.7067708333333333 0.5782407407407407 0.03958333333333333 0.07314814814814814
0 0.4744791666666667 0.624537037037037 0.052083333333333336 0.09907407407407408
7 0.22708333333333333 0.6504629629629629 0.05520833333333333 0.09907407407407408
8 0.7114583333333333 0.6675925925925926 0.053125 0.0962962962962963
7 0.5421875 0.6847222222222222 0.052083333333333336 0.09351851851851851
5 0.359375 0.7064814814814815 0.059375 0.10740740740740741
4 0.26328125 0.799537037037037 0.04635416666666667 0.075
2 0.7145833333333333 0.8050925925925926 0.04479166666666667 0.0787037037037037
6 0.33828125 0.8180555555555555 0.06510416666666667 0.11944444444444445
1 0.4719583333333333 0.8586481481481482 0.033854166666666664 0.06481481481481481
4 0.4354166666666667 0.912962962962963 0.03958333333333333 0.07407407407407407