2 0.6229166666666667 0.9518518518518518 0.05520833333333333 0.09444444444444444
8 0.7520833333333333 0.26666666666666666 0.042708333333333334 0.07962962962962963
5 0.715625 0.5634259259259259 0.046875 0.07314814814814814
2 0.33984375 0.6111111111111112 0.044270833333333336 0.07222222222222222
4 0.5966145833333333 0.674537037037037 0.0453125 0.07685185185185185
5 0.31979166666666664 0.6791666666666667 0.04479166666666667 0.0787037037037037
4 0.49973958333333335 0.7078703703703704 0.0390625 0.06944444444444445
8 0.6880208333333333 0.725 0.04583333333333333 0.07407407407407407
8 0.63671875 0.7347222222222223 0.0421875 0.0712962962962963
6 0.265015625 0.7475277777777778 0.05572916666666667 0.09814814814814815
2 0.6440104166666667 0.8060185185185185 0.04010416666666667 0.06944444444444445
0 0.48541666666666666 0.8078703703703703 0.040625 0.07314814814814814
0 0.3072916666666667 0.825462962962963 0.051041666666666666 0.08796296296296297
0 0.47578125 0.8925925925925926 0.04114583333333333 0.07962962962962963