6 0.36666666666666664 0.1550925925925926 0.04479166666666667 0.06944444444444445
8 0.30807291666666664 0.19212962962962962 0.0421875 0.0787037037037037
4 0.6541666666666667 0.21388888888888888 0.07395833333333333 0.1037037037037037
8 0.5401041666666667 0.28379629629629627 0.05416666666666667 0.08981481481481482
8 0.5708333333333333 0.3824074074074074 0.03229166666666667 0.07407407407407407
6 0.396875 0.43425925925925923 0.075 0.12222222222222222
4 0.71796875 0.47824074074074074 0.05572916666666667 0.08981481481481482
4 0.26953125 0.5680555555555555 0.05677083333333333 0.09907407407407408
7 0.39114583333333336 0.6347222222222222 0.05 0.0787037037037037
0 0.6145833333333334 0.7106481481481481 0.04375 0.08796296296296297
8 0.5614583333333333 0.7592592592592593 0.04791666666666667 0.08333333333333333