6 0.37942708333333336 0.09768518518518518 0.0640625 0.11574074074074074
8 0.42578125 0.19768518518518519 0.03697916666666667 0.06574074074074074
8 0.32040104166666666 0.306787037037037 0.0515625 0.09259259259259259
8 0.7223958333333333 0.31450925925925927 0.042708333333333334 0.07962962962962963
4 0.35234375 0.3537037037037037 0.03697916666666667 0.06296296296296296
4 0.5964427083333333 0.37021296296296297 0.04635416666666667 0.09537037037037037
2 0.8190104166666666 0.0375 0.05260416666666667 0.075
1 0.6442708333333333 0.4050925925925926 0.042708333333333334 0.06944444444444445
8 0.3223958333333333 0.45925925925925926 0.04375 0.07037037037037037
2 0.5346354166666667 0.5746944444444444 0.06197916666666667 0.12777777777777777
8 0.7096354166666666 0.7023148148148148 0.03697916666666667 0.075
0 0.2513020833333333 0.7152777777777778 0.043229166666666666 0.06574074074074074
0 0.2520833333333333 0.7824074074074074 0.03958333333333333 0.07037037037037037