2 0.31354166666666666 0.9490740740740741 0.05520833333333333 0.1
4 0.5200520833333333 0.9601851851851851 0.044270833333333336 0.07777777777777778
7 0.81328125 0.9685185185185186 0.04114583333333333 0.06111111111111111
7 0.5869791666666667 0.9685185185185186 0.05625 0.06111111111111111
1 0.45703125 0.9722222222222222 0.04739583333333333 0.053703703703703705
2 0.75078125 0.9777777777777777 0.0453125 0.04259259259259259
2 0.46119791666666665 0.11342592592592593 0.04114583333333333 0.08055555555555556
4 0.3138020833333333 0.16712962962962963 0.0421875 0.07314814814814814
0 0.44140625 0.19305555555555556 0.0515625 0.09166666666666666
4 0.2994791666666667 0.23842592592592593 0.046875 0.075
0 0.34427083333333336 0.3162037037037037 0.06458333333333334 0.11203703703703703
4 0.26927083333333335 0.3449074074074074 0.03958333333333333 0.06574074074074074
7 0.3046875 0.37175925925925923 0.042708333333333334 0.0787037037037037
6 0.21666666666666667 0.37962962962962965 0.06354166666666666 0.11296296296296296
8 0.48072916666666665 0.4074074074074074 0.04375 0.07222222222222222
4 0.6919270833333333 0.4439814814814815 0.04635416666666667 0.0712962962962963
4 0.16796875 0.4666666666666667 0.04635416666666667 0.07962962962962963
5 0.3296875 0.4703703703703704 0.05416666666666667 0.08703703703703704
0 0.56015625 0.49675925925925923 0.06614583333333333 0.11018518518518519
6 0.6294270833333333 0.5074074074074074 0.05260416666666667 0.09444444444444444
0 0.16744791666666667 0.5287037037037037 0.04114583333333333 0.07037037037037037
4 0.2791666666666667 0.5296296296296297 0.05520833333333333 0.08703703703703704
4 0.35182291666666665 0.549074074074074 0.0390625 0.06666666666666667
4 0.5278645833333333 0.5527777777777778 0.04114583333333333 0.06666666666666667
4 0.16380208333333332 0.5893518518518519 0.03802083333333333 0.07314814814814814
0 0.45625 0.5898148148148148 0.042708333333333334 0.07777777777777778
0 0.41380208333333335 0.5990740740740741 0.04635416666666667 0.08888888888888889
8 0.37057291666666664 0.6023148148148149 0.0390625 0.06574074074074074
7 0.6393229166666666 0.6078703703703704 0.043229166666666666 0.06944444444444445
5 0.19088541666666667 0.6194444444444445 0.0484375 0.07407407407407407
8 0.2942708333333333 0.6518518518518519 0.041666666666666664 0.07962962962962963
5 0.5236979166666667 0.6518518518518519 0.06197916666666667 0.10925925925925926
7 0.38046875 0.6680555555555555 0.050520833333333334 0.08796296296296297
4 0.16276041666666666 0.675 0.044270833333333336 0.07777777777777778
0 0.62109375 0.6791666666666667 0.0421875 0.0712962962962963
2 0.6747395833333333 0.6981481481481482 0.03697916666666667 0.07592592592592592
0 0.4239583333333333 0.7041666666666667 0.04895833333333333 0.08796296296296297
0 0.25 0.7046296296296296 0.046875 0.07962962962962963
6 0.20494791666666667 0.711574074074074 0.049479166666666664 0.09537037037037037
2 0.3625 0.7375 0.042708333333333334 0.07314814814814814
1 0.6432291666666666 0.7435185185185185 0.04375 0.07037037037037037
6 0.47421875 0.7509259259259259 0.06197916666666667 0.10740740740740741
8 0.6744791666666666 0.7791666666666667 0.04375 0.0712962962962963
7 0.40182291666666664 0.7902777777777777 0.05572916666666667 0.09351851851851851
6 0.6169270833333333 0.7953703703703704 0.033854166666666664 0.05925925925925926
2 0.6494791666666667 0.8226851851851852 0.035416666666666666 0.06388888888888888
4 0.5848958333333333 0.8407407407407408 0.04375 0.07962962962962963
8 0.61171875 0.8907407407407407 0.04010416666666667 0.07222222222222222
2 0.5731770833333333 0.9166666666666666 0.04010416666666667 0.07222222222222222