6 0.41171875 0.20324074074074075 0.04114583333333333 0.07685185185185185
2 0.36666666666666664 0.22268518518518518 0.05416666666666667 0.09722222222222222
7 0.22135416666666666 0.22453703703703703 0.04583333333333333 0.075
8 0.20989583333333334 0.3023148148148148 0.05416666666666667 0.09537037037037037
0 0.7361979166666667 0.30648148148148147 0.05677083333333333 0.10925925925925926
0 0.7783854166666667 0.3143518518518518 0.0484375 0.06759259259259259
4 0.28151041666666665 0.3449074074074074 0.04114583333333333 0.075
7 0.5890625 0.5578703703703703 0.03333333333333333 0.06574074074074074
2 0.43828125 0.5962962962962963 0.06197916666666667 0.11481481481481481
4 0.6153645833333333 0.6643518518518519 0.0421875 0.075
1 0.22482812500000002 0.7075648148148148 0.05625 0.10277777777777777
4 0.3546875 0.7518518518518519 0.051041666666666666 0.09074074074074075