0 0.22838541666666667 0.18472222222222223 0.06302083333333333 0.10462962962962963
0 0.36354166666666665 0.24259259259259258 0.03958333333333333 0.07222222222222222
4 0.2786458333333333 0.275 0.04479166666666667 0.07407407407407407
2 0.7440104166666667 0.2865740740740741 0.04114583333333333 0.06759259259259259
0 0.5591145833333333 0.3175925925925926 0.0359375 0.06481481481481481
2 0.6729166666666667 0.3560185185185185 0.04375 0.0787037037037037
2 0.5713541666666667 0.37592592592592594 0.040625 0.07037037037037037
4 0.3046875 0.3925925925925926 0.03958333333333333 0.07222222222222222
4 0.26067708333333334 0.4310185185185185 0.050520833333333334 0.075
7 0.37213541666666666 0.4532407407407407 0.04010416666666667 0.0787037037037037
8 0.6815104166666667 0.46574074074074073 0.0515625 0.09259259259259259
6 0.3260416666666667 0.5231481481481481 0.05416666666666667 0.08333333333333333
0 0.6033854166666667 0.5504629629629629 0.04739583333333333 0.08611111111111111
4 0.28125 0.5583333333333333 0.04479166666666667 0.07407407407407407
1 0.45859375 0.5652777777777778 0.0578125 0.08796296296296297
8 0.7453125 0.07453703703703704 0.05 0.08796296296296297