0 0.7216145833333333 0.10416666666666667 0.0421875 0.0787037037037037
2 0.3984375 0.1111111111111111 0.034375 0.06851851851851852
7 0.7354166666666667 0.1763888888888889 0.040625 0.0787037037037037
8 0.7950520833333333 0.2324074074074074 0.043229166666666666 0.07037037037037037
4 0.5515625 0.23472222222222222 0.051041666666666666 0.09537037037037037
2 0.30130208333333336 0.27824074074074073 0.04114583333333333 0.075
0 0.3046875 0.39166666666666666 0.04479166666666667 0.07962962962962963
2 0.58515625 0.39444444444444443 0.04114583333333333 0.06296296296296296
6 0.70546875 0.44907407407407407 0.05364583333333333 0.08888888888888889
2 0.5421875 0.46944444444444444 0.034375 0.05555555555555555
2 0.33203125 0.4949074074074074 0.034895833333333334 0.06759259259259259
5 0.5135416666666667 0.5074074074074074 0.03958333333333333 0.06111111111111111
1 0.75 0.5111111111111111 0.03958333333333333 0.07222222222222222
4 0.27369791666666665 0.5356481481481481 0.0421875 0.07685185185185185
0 0.5455729166666666 0.5587962962962963 0.0421875 0.06759259259259259
0 0.5458333333333333 0.6560185185185186 0.034375 0.06574074074074074