2 0.20598958333333334 0.1388888888888889 0.06197916666666667 0.0962962962962963
7 0.2955729166666667 0.18981481481481483 0.03697916666666667 0.07592592592592592
8 0.46953125 0.24814814814814815 0.04114583333333333 0.08148148148148149
0 0.6908854166666667 0.2611111111111111 0.0546875 0.08148148148148149
4 0.42473958333333334 0.3074074074074074 0.0515625 0.08888888888888889
4 0.32317708333333334 0.3194444444444444 0.044270833333333336 0.09814814814814815
2 0.6091145833333333 0.34074074074074073 0.0515625 0.08888888888888889
0 0.7294270833333333 0.37037037037037035 0.06510416666666667 0.11481481481481481
1 0.34348958333333335 0.4203703703703704 0.049479166666666664 0.08888888888888889
7 0.29140625 0.4305555555555556 0.04114583333333333 0.08703703703703704
2 0.52421875 0.5962962962962963 0.0796875 0.12962962962962962
8 0.66796875 0.6212962962962963 0.044270833333333336 0.07222222222222222
4 0.7861979166666667 0.6583333333333333 0.043229166666666666 0.08703703703703704
4 0.6721354166666667 0.7092592592592593 0.06302083333333333 0.1111111111111111