6 0.6315104166666666 0.36064814814814816 0.0640625 0.11203703703703703
7 0.6111979166666667 0.04212962962962963 0.0546875 0.08425925925925926
4 0.6604166666666667 0.4861111111111111 0.040625 0.07407407407407407
4 0.78515625 0.4925925925925926 0.0421875 0.07222222222222222
7 0.7255208333333333 0.5120370370370371 0.04375 0.07407407407407407
0 0.25364583333333335 0.5467592592592593 0.041666666666666664 0.062037037037037036
0 0.3033854166666667 0.5574074074074075 0.04114583333333333 0.07592592592592592
8 0.7041666666666667 0.6111111111111112 0.042708333333333334 0.08333333333333333
4 0.27369791666666665 0.6462962962962963 0.0421875 0.07962962962962963
6 0.42526041666666664 0.7726851851851851 0.049479166666666664 0.09166666666666666
0 0.3738697916666667 0.8126666666666666 0.0515625 0.08888888888888889
2 0.46041666666666664 0.8805555555555555 0.040625 0.07407407407407407