0 0.8166666666666667 0.9333333333333333 0.04583333333333333 0.08333333333333333
8 0.6109375 0.9523148148148148 0.05625 0.08611111111111111
8 0.16171875 0.9523148148148148 0.06614583333333333 0.09351851851851851
6 0.7294270833333333 0.9569444444444445 0.0796875 0.08425925925925926
0 0.3690104166666667 0.9578703703703704 0.0453125 0.0824074074074074
7 0.20260416666666667 0.9671296296296297 0.052083333333333336 0.06388888888888888
6 0.23828125 0.17824074074074073 0.09322916666666667 0.16203703703703703
4 0.3828125 0.2013888888888889 0.05 0.0787037037037037
1 0.6221354166666667 0.20601851851851852 0.0578125 0.08796296296296297
5 0.45651041666666664 0.21203703703703702 0.06302083333333333 0.1037037037037037
8 0.20885416666666667 0.022222222222222223 0.05 0.044444444444444446
5 0.6822916666666666 0.24444444444444444 0.06458333333333334 0.09444444444444444
6 0.5083333333333333 0.26990740740740743 0.04791666666666667 0.08981481481481482
0 0.2908854166666667 0.27870370370370373 0.05260416666666667 0.06666666666666667
2 0.6783854166666666 0.3106481481481482 0.04635416666666667 0.06944444444444445
0 0.5630208333333333 0.3106481481481482 0.06875 0.10648148148148148
5 0.63828125 0.34305555555555556 0.06927083333333334 0.125
4 0.28489583333333335 0.34629629629629627 0.04895833333333333 0.06296296296296296
1 0.51875 0.350462962962963 0.051041666666666666 0.07685185185185185
2 0.25078125 0.3527777777777778 0.04635416666666667 0.07222222222222222
0 0.4005208333333333 0.36666666666666664 0.07604166666666666 0.12222222222222222
0 0.6864583333333333 0.3763888888888889 0.058333333333333334 0.09907407407407408
4 0.5453125 0.38287037037037036 0.05520833333333333 0.06759259259259259
6 0.5856770833333333 0.39861111111111114 0.04635416666666667 0.08796296296296297
2 0.27057291666666666 0.4027777777777778 0.04114583333333333 0.06481481481481481
8 0.18463541666666666 0.4287037037037037 0.0421875 0.07407407407407407
8 0.23359375 0.43194444444444446 0.0515625 0.08055555555555556
7 0.3606770833333333 0.44537037037037036 0.04739583333333333 0.08148148148148149
1 0.5700520833333333 0.4476851851851852 0.0421875 0.07685185185185185
4 0.21171875 0.45185185185185184 0.03177083333333333 0.05555555555555555
2 0.2703125 0.475 0.042708333333333334 0.07407407407407407
6 0.29140625 0.48055555555555557 0.04114583333333333 0.07592592592592592
4 0.16848958333333333 0.4824074074074074 0.04114583333333333 0.08148148148148149
4 0.2078125 0.49444444444444446 0.04375 0.08148148148148149
2 0.6619791666666667 0.5069444444444444 0.058333333333333334 0.09722222222222222
7 0.24192708333333332 0.5231481481481481 0.05260416666666667 0.09259259259259259
2 0.28203125 0.5444444444444444 0.04635416666666667 0.06481481481481481
0 0.3997395833333333 0.5462962962962963 0.0515625 0.08333333333333333
0 0.31953125 0.55 0.0421875 0.07222222222222222
0 0.5010416666666667 0.5671296296296297 0.03854166666666667 0.08796296296296297
4 0.7880208333333333 0.5810185185185185 0.071875 0.10648148148148148
8 0.21536458333333333 0.5921296296296297 0.06822916666666666 0.09537037037037037
0 0.16875 0.6074074074074074 0.059375 0.11851851851851852
1 0.609375 0.6356481481481482 0.03854166666666667 0.0712962962962963
0 0.7046875 0.6439814814814815 0.06354166666666666 0.10648148148148148
2 0.5783854166666667 0.6671296296296296 0.043229166666666666 0.0787037037037037
7 0.47890625 0.6837962962962963 0.0421875 0.08611111111111111
4 0.16666145833333335 0.6902777777777778 0.06041666666666667 0.08333333333333333
1 0.7138020833333333 0.7208333333333333 0.04010416666666667 0.0712962962962963
1 0.40078125 0.7212962962962963 0.05677083333333333 0.11296296296296296
2 0.7984375 0.7231481481481481 0.042708333333333334 0.07592592592592592
0 0.5239583333333333 0.7291666666666666 0.06145833333333333 0.09722222222222222
7 0.20182291666666666 0.7300925925925926 0.0515625 0.09907407407407408
8 0.234375 0.7393518518518518 0.03854166666666667 0.08055555555555556
8 0.16145833333333334 0.7481481481481481 0.04375 0.07407407407407407
0 0.5921875 0.7550925925925925 0.04375 0.0787037037037037
0 0.7671875 0.7731481481481481 0.06354166666666666 0.10185185185185185
4 0.62734375 0.7777777777777778 0.04114583333333333 0.07407407407407407
2 0.27734375 0.7805555555555556 0.0671875 0.1388888888888889
0 0.8138020833333334 0.7916666666666666 0.04635416666666667 0.06481481481481481
8 0.3575520833333333 0.7925925925925926 0.04739583333333333 0.08518518518518518
7 0.20911458333333333 0.8 0.04635416666666667 0.09074074074074075
0 0.5596354166666667 0.8032407407407407 0.03697916666666667 0.06944444444444445
6 0.16588541666666667 0.8162037037037037 0.06197916666666667 0.11388888888888889
8 0.32526041666666666 0.8388888888888889 0.04635416666666667 0.08518518518518518
8 0.59765625 0.8550925925925926 0.06302083333333333 0.10462962962962963
6 0.8143229166666667 0.8564814814814815 0.0453125 0.08333333333333333
4 0.23229166666666667 0.8569444444444444 0.04479166666666667 0.06944444444444445
6 0.6604166666666667 0.8592592592592593 0.058333333333333334 0.10185185185185185
0 0.7619791666666667 0.8597222222222223 0.05625 0.09537037037037037
4 0.3645833333333333 0.8763888888888889 0.065625 0.10462962962962963
7 0.46458333333333335 0.8912037037037037 0.04375 0.08796296296296297
2 0.2794270833333333 0.8916666666666667 0.04114583333333333 0.07407407407407407
7 0.15572916666666667 0.8935185185185185 0.03854166666666667 0.09259259259259259
4 0.21432291666666667 0.9078703703703703 0.0421875 0.0787037037037037
4 0.5283854166666667 0.924537037037037 0.0515625 0.09907407407407408