6 0.4825520833333333 0.9277777777777778 0.034895833333333334 0.07037037037037037
4 0.7518229166666667 0.9342592592592592 0.04010416666666667 0.08703703703703704
2 0.2643229166666667 0.937962962962963 0.0484375 0.08703703703703704
7 0.64296875 0.95 0.049479166666666664 0.09259259259259259
0 0.45338541666666665 0.9574074074074074 0.05364583333333333 0.07407407407407407
2 0.1953125 0.9578703703703704 0.05416666666666667 0.0824074074074074
0 0.409375 0.975462962962963 0.051041666666666666 0.04722222222222222
5 0.7828125 0.9810185185185185 0.04583333333333333 0.03611111111111111
2 0.3341145833333333 0.14351851851851852 0.0484375 0.07222222222222222
4 0.3893229166666667 0.14907407407407408 0.03802083333333333 0.05
8 0.34140625 0.21481481481481482 0.0484375 0.07037037037037037
1 0.27109375 0.24814814814814815 0.04739583333333333 0.06666666666666667
0 0.29609375 0.32407407407407407 0.05364583333333333 0.09259259259259259
7 0.25026041666666665 0.33425925925925926 0.0515625 0.07962962962962963
4 0.61015625 0.36574074074074076 0.04635416666666667 0.08333333333333333
0 0.53671875 0.38981481481481484 0.07447916666666667 0.09814814814814815
0 0.19973958333333333 0.39444444444444443 0.06302083333333333 0.08888888888888889
4 0.4393229166666667 0.39444444444444443 0.0421875 0.07407407407407407
0 0.72578125 0.42592592592592593 0.06510416666666667 0.12222222222222222
7 0.6700520833333333 0.43703703703703706 0.0265625 0.05925925925925926
4 0.4856770833333333 0.44907407407407407 0.034895833333333334 0.06851851851851852
4 0.19505208333333332 0.46574074074074073 0.049479166666666664 0.06481481481481481
6 0.5549479166666667 0.47314814814814815 0.05364583333333333 0.08333333333333333
6 0.6830729166666667 0.49537037037037035 0.0578125 0.10185185185185185
0 0.4044270833333333 0.4981481481481482 0.059895833333333336 0.11481481481481481
2 0.46536458333333336 0.5296296296296297 0.0609375 0.11851851851851852
2 0.18828125 0.5444444444444444 0.04739583333333333 0.08148148148148149
6 0.74140625 0.5592592592592592 0.058854166666666666 0.12222222222222222
1 0.54140625 0.5722222222222222 0.04635416666666667 0.07407407407407407
8 0.23098958333333333 0.5824074074074074 0.0578125 0.08703703703703704
4 0.37890625 0.6092592592592593 0.0484375 0.08148148148148149
0 0.4830729166666667 0.6101851851851852 0.04010416666666667 0.06851851851851852
7 0.70234375 0.6157407407407407 0.03697916666666667 0.06851851851851852
0 0.41692708333333334 0.6287037037037037 0.043229166666666666 0.07222222222222222
7 0.6513020833333333 0.6342592592592593 0.05572916666666667 0.10555555555555556
4 0.77578125 0.6342592592592593 0.0546875 0.10185185185185185
2 0.5825520833333333 0.6388888888888888 0.0390625 0.1
1 0.19244791666666666 0.6444444444444445 0.049479166666666664 0.06666666666666667
7 0.4830729166666667 0.675 0.044270833333333336 0.07222222222222222
4 0.3653645833333333 0.7111111111111111 0.044270833333333336 0.08148148148148149
7 0.23046875 0.7175925925925926 0.04635416666666667 0.06481481481481481
4 0.7424479166666667 0.7194444444444444 0.04635416666666667 0.10555555555555556
2 0.18984375 0.7240740740740741 0.0453125 0.08518518518518518
4 0.5315104166666667 0.7277777777777777 0.04114583333333333 0.07407407407407407
0 0.47213541666666664 0.7277777777777777 0.0390625 0.07037037037037037
6 0.58046875 0.7324074074074074 0.06822916666666666 0.12407407407407407
4 0.78203125 0.7444444444444445 0.03177083333333333 0.08518518518518518
5 0.41953125 0.762962962962963 0.058854166666666666 0.11851851851851852
6 0.8283854166666667 0.7833333333333333 0.08072916666666667 0.12222222222222222
4 0.3763020833333333 0.7888888888888889 0.0453125 0.08518518518518518
4 0.5018229166666667 0.8203703703703704 0.05677083333333333 0.0962962962962963
2 0.4466145833333333 0.8342592592592593 0.04010416666666667 0.07962962962962963
2 0.5705729166666667 0.8407407407407408 0.0546875 0.08148148148148149
6 0.32369791666666664 0.85 0.058854166666666666 0.1
4 0.40130208333333334 0.8574074074074074 0.043229166666666666 0.08888888888888889
4 0.83828125 0.8648148148148148 0.0421875 0.08888888888888889
6 0.19661458333333334 0.8666666666666667 0.0578125 0.1111111111111111