7 0.5505208333333333 0.35555555555555557 0.040625 0.07222222222222222
0 0.3346354166666667 0.39305555555555555 0.05260416666666667 0.09722222222222222
0 0.6513020833333333 0.5842592592592593 0.03697916666666667 0.07037037037037037
0 0.7184010416666666 0.6334907407407407 0.03854166666666667 0.06018518518518518
0 0.6143229166666667 0.6398148148148148 0.0515625 0.08148148148148149
7 0.681421875 0.6611111111111111 0.040625 0.07222222222222222
2 0.4046875 0.6694444444444444 0.03854166666666667 0.07962962962962963
0 0.5354166666666667 0.7125 0.05 0.08611111111111111
7 0.7143229166666667 0.725462962962963 0.043229166666666666 0.075
7 0.6799479166666667 0.7689814814814815 0.05260416666666667 0.08796296296296297
2 0.7408854166666666 0.8356481481481481 0.0421875 0.0787037037037037