7 0.7284739583333334 0.16450925925925924 0.042708333333333334 0.08148148148148149
1 0.278125 0.19907407407407407 0.04479166666666667 0.07037037037037037
2 0.47109375 0.2199074074074074 0.03697916666666667 0.075
7 0.3854166666666667 0.3277777777777778 0.051041666666666666 0.1
0 0.20911458333333333 0.4203703703703704 0.04635416666666667 0.07222222222222222
0 0.6091145833333333 0.45787037037037037 0.0421875 0.0787037037037037
0 0.68046875 0.5087962962962963 0.0359375 0.06759259259259259
0 0.53984375 0.5111111111111111 0.03697916666666667 0.07222222222222222
6 0.7137135416666667 0.5748425925925926 0.06041666666666667 0.10648148148148148
2 0.5885416666666666 0.6074074074074074 0.03229166666666667 0.06296296296296296
2 0.19557291666666668 0.6546296296296297 0.043229166666666666 0.08148148148148149
6 0.72890625 0.6773148148148148 0.05260416666666667 0.09537037037037037
4 0.5832447916666667 0.6853425925925926 0.05260416666666667 0.09351851851851851
2 0.6638020833333333 0.6893518518518519 0.03697916666666667 0.06759259259259259