0 0.6875 0.22361111111111112 0.0375 0.06759259259259259
2 0.5611979166666666 0.2652777777777778 0.050520833333333334 0.09166666666666666
2 0.35234375 0.33796296296296297 0.0515625 0.08703703703703704
1 0.62734375 0.35509259259259257 0.04010416666666667 0.06759259259259259
2 0.6276041666666666 0.4550925925925926 0.03958333333333333 0.07685185185185185
5 0.2859375 0.5810185185185185 0.04479166666666667 0.0787037037037037
4 0.3333333333333333 0.6527777777777778 0.040625 0.07037037037037037
0 0.45 0.7101851851851851 0.03854166666666667 0.07407407407407407
8 0.190625 0.7412037037037037 0.040625 0.0787037037037037
7 0.43411458333333336 0.8740740740740741 0.0359375 0.07222222222222222
8 0.39895833333333336 0.9004629629629629 0.035416666666666666 0.06944444444444445