2 0.7666666666666667 0.9444444444444444 0.040625 0.06481481481481481
7 0.32760416666666664 0.1325648148148148 0.04583333333333333 0.07685185185185185
7 0.4401041666666667 0.20694444444444443 0.052083333333333336 0.08981481481481482
0 0.7838541666666666 0.2796296296296296 0.041666666666666664 0.06851851851851852
0 0.7903645833333334 0.35138888888888886 0.0515625 0.0787037037037037
4 0.31354166666666666 0.05648148148148148 0.040625 0.07037037037037037
6 0.7572916666666667 0.5837962962962963 0.065625 0.11388888888888889
0 0.5919270833333333 0.7046296296296296 0.04010416666666667 0.07407407407407407
5 0.35572916666666665 0.7083333333333334 0.052083333333333336 0.09259259259259259
4 0.5424479166666667 0.7129629629629629 0.0390625 0.07592592592592592
6 0.14817708333333332 0.7226851851851852 0.0359375 0.058333333333333334
6 0.3723958333333333 0.8287037037037037 0.0625 0.11481481481481481
2 0.32265625 0.8345648148148148 0.043229166666666666 0.07592592592592592
2 0.7885416666666667 0.8861111111111111 0.04479166666666667 0.07407407407407407
0 0.53671875 0.8912037037037037 0.050520833333333334 0.09166666666666666