0 0.5388020833333333 0.9574074074074074 0.05260416666666667 0.08333333333333333
6 0.77578125 0.17685185185185184 0.0546875 0.0962962962962963
7 0.6380208333333334 0.3888888888888889 0.04375 0.07962962962962963
8 0.22213541666666667 0.4615740740740741 0.034895833333333334 0.062037037037037036
5 0.26119791666666664 0.4777777777777778 0.05260416666666667 0.07962962962962963
0 0.6277760416666667 0.5444444444444444 0.051041666666666666 0.09444444444444444
0 0.39453125 0.5462962962962963 0.06302083333333333 0.09814814814814815
7 0.246875 0.5615740740740741 0.051041666666666666 0.09907407407407408
0 0.44427083333333334 0.5689814814814815 0.03958333333333333 0.08055555555555556
4 0.27178645833333337 0.6185185185185185 0.0453125 0.07222222222222222
4 0.4044270833333333 0.6402777777777777 0.043229166666666666 0.075
4 0.19453125 0.6421296296296296 0.044270833333333336 0.075
8 0.6515625 0.6509259259259259 0.04583333333333333 0.07777777777777778
1 0.5411458333333333 0.06620370370370371 0.041666666666666664 0.06388888888888888
4 0.38029166666666664 0.7345648148148148 0.0421875 0.07222222222222222