6 0.55234375 0.2898148148148148 0.050520833333333334 0.10185185185185185
4 0.5283854166666667 0.35555555555555557 0.033854166666666664 0.07777777777777778
0 0.34713541666666664 0.36018518518518516 0.0796875 0.13148148148148148
7 0.56484375 0.3731481481481482 0.04635416666666667 0.07962962962962963
4 0.47942708333333334 0.37407407407407406 0.04739583333333333 0.07407407407407407
8 0.5080729166666667 0.41944444444444445 0.0484375 0.10185185185185185
4 0.49765625 0.5277777777777778 0.0453125 0.08888888888888889
8 0.7544270833333333 0.5462962962962963 0.06822916666666666 0.07777777777777778
6 0.5903645833333333 0.5574074074074075 0.059895833333333336 0.1259259259259259
0 0.44453125 0.5657407407407408 0.0453125 0.08703703703703704
4 0.20651041666666667 0.5944444444444444 0.050520833333333334 0.07777777777777778
0 0.5424479166666667 0.6027777777777777 0.0421875 0.07592592592592592
2 0.23880208333333333 0.6398148148148148 0.04010416666666667 0.08703703703703704
4 0.17317708333333334 0.675 0.059895833333333336 0.10185185185185185
2 0.38828125 0.7240740740740741 0.043229166666666666 0.07777777777777778
2 0.5153645833333333 0.7731481481481481 0.05364583333333333 0.08703703703703704