2 0.41744791666666664 0.14537037037037037 0.03697916666666667 0.06111111111111111
0 0.67578125 0.23425925925925925 0.04739583333333333 0.07962962962962963
8 0.3502604166666667 0.23796296296296296 0.0546875 0.09444444444444444
1 0.37786458333333334 0.3990740740740741 0.0390625 0.07592592592592592
7 0.27421875 0.5083333333333333 0.0421875 0.07962962962962963
7 0.40390625 0.5166666666666667 0.04114583333333333 0.07407407407407407
7 0.55546875 0.5472222222222223 0.04010416666666667 0.06851851851851852
8 0.46953125 0.5546296296296296 0.04739583333333333 0.08703703703703704
0 0.24140625 0.5555555555555556 0.0390625 0.07037037037037037
0 0.5236979166666667 0.5638888888888889 0.03697916666666667 0.07592592592592592
8 0.7408854166666666 0.6138888888888889 0.03802083333333333 0.06851851851851852
2 0.19817708333333334 0.6425925925925926 0.0421875 0.07777777777777778
6 0.57890625 0.6472222222222223 0.07447916666666667 0.11666666666666667
4 0.7809895833333333 0.6611111111111111 0.04739583333333333 0.07777777777777778
6 0.21484375 0.6768518518518518 0.03802083333333333 0.06111111111111111
2 0.7815104166666667 0.7444444444444445 0.04635416666666667 0.07777777777777778
2 0.44036458333333334 0.08333333333333333 0.0328125 0.06666666666666667
0 0.55234375 0.8601851851851852 0.044270833333333336 0.09814814814814815
0 0.48723958333333334 0.875 0.04114583333333333 0.07592592592592592