8 0.20130208333333333 0.9351851851851852 0.05260416666666667 0.10555555555555556
2 0.440625 0.9592592592592593 0.042708333333333334 0.07962962962962963
2 0.24270833333333333 0.9629629629629629 0.053125 0.07222222222222222
7 0.48359375 0.9643518518518519 0.0515625 0.06944444444444445
7 0.8153645833333333 0.9685185185185186 0.05364583333333333 0.06111111111111111
4 0.46189062499999994 0.30108333333333337 0.04114583333333333 0.06944444444444445
4 0.37057291666666664 0.3236111111111111 0.043229166666666666 0.0824074074074074
2 0.51953125 0.33287037037037037 0.03697916666666667 0.0712962962962963
6 0.28515625 0.37222222222222223 0.0640625 0.10555555555555556
0 0.5390625 0.3888888888888889 0.052083333333333336 0.08703703703703704
0 0.29340104166666664 0.45200000000000007 0.034375 0.06759259259259259
4 0.56171875 0.45416666666666666 0.04010416666666667 0.06944444444444445
4 0.21953125 0.45432407407407416 0.04739583333333333 0.07962962962962963
1 0.359375 0.46296296296296297 0.03854166666666667 0.06481481481481481
7 0.48854166666666665 0.4671296296296296 0.04479166666666667 0.07314814814814814
4 0.31744791666666666 0.49722222222222223 0.04114583333333333 0.07777777777777778
5 0.26848958333333334 0.5050925925925925 0.043229166666666666 0.075
7 0.4049479166666667 0.5074074074074074 0.05364583333333333 0.10185185185185185
5 0.5190104166666667 0.5513888888888889 0.0546875 0.08981481481481482
4 0.17421875 0.5662037037037037 0.0421875 0.0787037037037037
8 0.22005208333333334 0.6050925925925926 0.03802083333333333 0.0787037037037037
4 0.3328125 0.6078703703703704 0.05416666666666667 0.09907407407407408
4 0.25703125 0.6356481481481482 0.043229166666666666 0.07685185185185185
8 0.3015625 0.7129629629629629 0.035416666666666666 0.07592592592592592
6 0.20572916666666666 0.7546296296296297 0.05 0.1
4 0.16223958333333333 0.774074074074074 0.04114583333333333 0.08333333333333333
4 0.3455729166666667 0.7902777777777777 0.043229166666666666 0.0787037037037037
8 0.5330729166666667 0.7981481481481482 0.04739583333333333 0.08333333333333333
2 0.4080729166666667 0.8101851851851852 0.0390625 0.07777777777777778
6 0.3015625 0.8555555555555555 0.052083333333333336 0.09444444444444444
0 0.17578125 0.8708333333333333 0.05364583333333333 0.09537037037037037
2 0.5275156249999999 0.8867314814814814 0.034895833333333334 0.06666666666666667
1 0.3424479166666667 0.8967592592592593 0.04114583333333333 0.08055555555555556
8 0.4828125 0.8976851851851851 0.03958333333333333 0.0787037037037037