6 0.62421875 0.9388888888888889 0.06927083333333334 0.11666666666666667
0 0.37135416666666665 0.13842592592592592 0.04375 0.0712962962962963
6 0.15833333333333333 0.1412037037037037 0.030208333333333334 0.058333333333333334
1 0.2015625 0.18935185185185185 0.0375 0.07314814814814814
5 0.27447916666666666 0.19212962962962962 0.05625 0.10462962962962963
0 0.39166666666666666 0.30416666666666664 0.04479166666666667 0.08796296296296297
5 0.7065104166666667 0.3125 0.06510416666666667 0.11944444444444445
7 0.7778645833333333 0.38333333333333336 0.05572916666666667 0.09074074074074075
0 0.31328125 0.4199074074074074 0.05364583333333333 0.08981481481481482
7 0.31302083333333336 0.5064814814814815 0.05416666666666667 0.0962962962962963
2 0.3885416666666667 0.5342592592592592 0.040625 0.08518518518518518
6 0.7341145833333333 0.5638888888888889 0.0578125 0.08518518518518518
7 0.22291666666666668 0.5925925925925926 0.046875 0.06851851851851852
7 0.6354166666666666 0.6333333333333333 0.053125 0.08703703703703704
4 0.803125 0.6444444444444445 0.040625 0.07962962962962963
0 0.5869791666666667 0.6777777777777778 0.052083333333333336 0.08703703703703704
1 0.51640625 0.6916666666666667 0.04114583333333333 0.06296296296296296
1 0.65703125 0.7305555555555555 0.043229166666666666 0.07037037037037037
7 0.5768229166666666 0.7425925925925926 0.043229166666666666 0.07592592592592592
4 0.56953125 0.8791666666666667 0.0453125 0.0787037037037037
4 0.3190104166666667 0.8921296296296296 0.0484375 0.0824074074074074