4 0.52890625 0.2601851851851852 0.04739583333333333 0.08703703703703704
7 0.7815104166666667 0.2759259259259259 0.050520833333333334 0.08518518518518518
0 0.28567708333333336 0.2833333333333333 0.050520833333333334 0.09259259259259259
0 0.24453125 0.30648148148148147 0.04114583333333333 0.07962962962962963
0 0.7419270833333333 0.3490740740740741 0.04010416666666667 0.06481481481481481
8 0.7794270833333333 0.3675925925925926 0.05677083333333333 0.10185185185185185
2 0.70234375 0.37962962962962965 0.05677083333333333 0.08148148148148149
4 0.7263020833333333 0.4527777777777778 0.0515625 0.07962962962962963
0 0.44088541666666664 0.45740740740740743 0.06510416666666667 0.12222222222222222
6 0.5080729166666667 0.45740740740740743 0.0390625 0.05925925925925926
7 0.40234375 0.5638888888888889 0.0421875 0.07592592592592592
4 0.5278645833333333 0.5907407407407408 0.049479166666666664 0.1
1 0.77421875 0.7111111111111111 0.0546875 0.1