8 0.67109375 0.16203703703703703 0.04114583333333333 0.06851851851851852
4 0.29453125 0.16666666666666666 0.0546875 0.0962962962962963
0 0.5877604166666667 0.18703703703703703 0.04114583333333333 0.07037037037037037
7 0.6861979166666666 0.20277777777777778 0.0296875 0.05740740740740741
4 0.75234375 0.22407407407407406 0.0515625 0.0962962962962963
4 0.23984375 0.2351851851851852 0.0453125 0.07407407407407407
4 0.62734375 0.2361111111111111 0.0453125 0.07962962962962963
4 0.35598958333333336 0.30925925925925923 0.0421875 0.07407407407407407
2 0.20651041666666667 0.31296296296296294 0.04114583333333333 0.06666666666666667
2 0.19036458333333334 0.36666666666666664 0.03802083333333333 0.05925925925925926
4 0.68515625 0.42777777777777776 0.0359375 0.07407407407407407
4 0.18984375 0.43333333333333335 0.034895833333333334 0.06296296296296296
0 0.7138020833333333 0.44814814814814813 0.03697916666666667 0.06666666666666667
4 0.68828125 0.5194444444444445 0.03802083333333333 0.06851851851851852
4 0.7653645833333333 0.5203703703703704 0.0421875 0.07777777777777778
2 0.8091145833333333 0.524074074074074 0.0421875 0.07777777777777778
0 0.42109375 0.75 0.0390625 0.06666666666666667
8 0.52265625 0.8648148148148148 0.0421875 0.07037037037037037