6 0.5856770833333333 0.9648148148148148 0.06614583333333333 0.06851851851851852
6 0.7984375 0.19722222222222222 0.04583333333333333 0.07037037037037037
8 0.625 0.23796296296296296 0.059375 0.1
1 0.7434895833333334 0.03287037037037037 0.050520833333333334 0.06574074074074074
2 0.6044270833333333 0.37777777777777777 0.0390625 0.07962962962962963
2 0.6864583333333333 0.39675925925925926 0.042708333333333334 0.07685185185185185
0 0.28046875 0.49074074074074076 0.04114583333333333 0.08333333333333333
7 0.6619791666666667 0.5421296296296296 0.05 0.0824074074074074
2 0.5618072916666667 0.5745370370370371 0.03854166666666667 0.08055555555555556
2 0.7846354166666667 0.5787037037037037 0.04114583333333333 0.07037037037037037
0 0.5276041666666667 0.5986111111111111 0.04375 0.07685185185185185
4 0.6362864583333334 0.6410462962962963 0.05416666666666667 0.1037037037037037
2 0.5088541666666667 0.6555555555555556 0.04375 0.07962962962962963
4 0.5333333333333333 0.7245370370370371 0.042708333333333334 0.08055555555555556
1 0.6294270833333333 0.7319444444444444 0.043229166666666666 0.07685185185185185
2 0.4205729166666667 0.7361111111111112 0.03802083333333333 0.07037037037037037
7 0.36796875 0.7421296296296296 0.05364583333333333 0.10092592592592593
4 0.5057291666666667 0.7875 0.04583333333333333 0.07685185185185185
4 0.61484375 0.85 0.034895833333333334 0.06111111111111111