4 0.596875 0.31296296296296294 0.04479166666666667 0.07592592592592592
5 0.43984375 0.3388888888888889 0.05572916666666667 0.09074074074074075
6 0.5859375 0.37824074074074077 0.027083333333333334 0.05092592592592592
1 0.7137135416666667 0.38411111111111107 0.0375 0.06388888888888888
0 0.5466145833333333 0.38935185185185184 0.03802083333333333 0.06944444444444445
0 0.66796875 0.39675925925925926 0.05364583333333333 0.08796296296296297
0 0.44114583333333335 0.4115740740740741 0.041666666666666664 0.06574074074074074
0 0.60625 0.43163888888888896 0.04895833333333333 0.08611111111111111
2 0.49453125 0.4375 0.04010416666666667 0.07314814814814814
1 0.68046875 0.4685185185185185 0.03697916666666667 0.06851851851851852
7 0.7739583333333333 0.47824074074074074 0.04479166666666667 0.08055555555555556
5 0.45390625 0.49074074074074076 0.058854166666666666 0.11296296296296296
7 0.4921875 0.5791666666666667 0.052083333333333336 0.0787037037037037
7 0.24036458333333333 0.625 0.0609375 0.1
7 0.5825520833333333 0.6356481481481482 0.04114583333333333 0.06944444444444445
0 0.6502604166666667 0.637962962962963 0.04739583333333333 0.07407407407407407
7 0.53515625 0.6851851851851852 0.05677083333333333 0.09814814814814815
4 0.22604166666666667 0.7148148148148148 0.042708333333333334 0.06481481481481481
1 0.4747395833333333 0.7240740740740741 0.04010416666666667 0.07222222222222222
6 0.2830729166666667 0.7685185185185185 0.0671875 0.11666666666666667
4 0.6208333333333333 0.8185185185185185 0.046875 0.07962962962962963
4 0.5700520833333333 0.8314814814814815 0.04114583333333333 0.07592592592592592