6 0.6205729166666667 0.09768518518518518 0.0640625 0.11574074074074074
8 0.57421875 0.19768518518518519 0.03697916666666667 0.06574074074074074
8 0.6795989583333333 0.306787037037037 0.0515625 0.09259259259259259
8 0.27760416666666665 0.31450925925925927 0.042708333333333334 0.07962962962962963
4 0.64765625 0.3537037037037037 0.03697916666666667 0.06296296296296296
4 0.40355729166666665 0.37021296296296297 0.04635416666666667 0.09537037037037037
2 0.18098958333333334 0.0375 0.05260416666666667 0.075
1 0.35572916666666665 0.4050925925925926 0.042708333333333334 0.06944444444444445
8 0.6776041666666667 0.45925925925925926 0.04375 0.07037037037037037
2 0.46536458333333336 0.5746944444444444 0.06197916666666667 0.12777777777777777
8 0.2903645833333333 0.7023148148148148 0.03697916666666667 0.075
0 0.7486979166666666 0.7152777777777778 0.043229166666666666 0.06574074074074074
0 0.7479166666666667 0.7824074074074074 0.03958333333333333 0.07037037037037037