7 0.36484375 0.9546296296296296 0.04739583333333333 0.07777777777777778
7 0.45208333333333334 0.21296296296296297 0.051041666666666666 0.09074074074074075
8 0.35442708333333334 0.24444444444444444 0.043229166666666666 0.07222222222222222
4 0.21953125 0.24675925925925926 0.0484375 0.08425925925925926
8 0.621875 0.35509259259259257 0.05520833333333333 0.09351851851851851
0 0.6940104166666666 0.03657407407407407 0.059895833333333336 0.07314814814814814
4 0.3567708333333333 0.3662037037037037 0.05625 0.09351851851851851
5 0.43359375 0.37175925925925923 0.04739583333333333 0.08981481481481482
0 0.6825520833333333 0.39305555555555555 0.049479166666666664 0.07685185185185185
0 0.5552083333333333 0.41898148148148145 0.03854166666666667 0.08796296296296297
6 0.33151041666666664 0.4305555555555556 0.049479166666666664 0.07777777777777778
4 0.61875 0.5564814814814815 0.042708333333333334 0.08148148148148149
0 0.4200520833333333 0.5777777777777777 0.04739583333333333 0.07962962962962963
8 0.559375 0.5782407407407407 0.04479166666666667 0.07314814814814814
8 0.36223958333333334 0.5990740740740741 0.04635416666666667 0.08148148148148149
0 0.49661458333333336 0.825925925925926 0.044270833333333336 0.07962962962962963