8 0.6752604166666667 0.28194444444444444 0.05677083333333333 0.09722222222222222
2 0.46484375 0.40879629629629627 0.0421875 0.06759259259259259
0 0.540625 0.49953703703703706 0.03958333333333333 0.07314814814814814
0 0.66484375 0.5236111111111111 0.04114583333333333 0.06944444444444445
7 0.3893229166666667 0.525 0.04010416666666667 0.06851851851851852
6 0.2903645833333333 0.5476851851851852 0.0609375 0.11388888888888889
1 0.34765625 0.5537037037037037 0.03697916666666667 0.07407407407407407
7 0.6924479166666667 0.5680555555555555 0.043229166666666666 0.06759259259259259
6 0.43046875 0.5740740740740741 0.06197916666666667 0.10740740740740741
0 0.7731770833333333 0.5819444444444445 0.05364583333333333 0.08611111111111111
8 0.8046875 0.6328703703703704 0.04479166666666667 0.08425925925925926
6 0.5848958333333333 0.6949074074074074 0.03958333333333333 0.06944444444444445
6 0.48515625 0.7625 0.027604166666666666 0.05648148148148148
2 0.2674479166666667 0.8009259259259259 0.0421875 0.07407407407407407