0 0.2794270833333333 0.10740740740740741 0.0484375 0.07777777777777778
7 0.26848958333333334 0.17777777777777778 0.0484375 0.07037037037037037
8 0.20703125 0.22962962962962963 0.050520833333333334 0.07777777777777778
0 0.5033854166666667 0.2740740740740741 0.0390625 0.08148148148148149
2 0.6794270833333333 0.3314814814814815 0.043229166666666666 0.08148148148148149
4 0.5450520833333333 0.37222222222222223 0.05364583333333333 0.08888888888888889
0 0.4747395833333333 0.3824074074074074 0.03802083333333333 0.07592592592592592
2 0.6252604166666667 0.4027777777777778 0.0328125 0.06111111111111111
0 0.69140625 0.40370370370370373 0.044270833333333336 0.06666666666666667
6 0.2955729166666667 0.4462962962962963 0.0546875 0.09259259259259259
5 0.5502604166666667 0.45092592592592595 0.043229166666666666 0.06851851851851852
2 0.68984375 0.46574074074074073 0.0390625 0.05740740740740741
2 0.57734375 0.5046296296296297 0.043229166666666666 0.07222222222222222
1 0.24869791666666666 0.5138888888888888 0.0484375 0.07222222222222222
4 0.7377604166666667 0.5666666666666667 0.059895833333333336 0.0962962962962963
2 0.38828125 0.8166666666666667 0.0484375 0.08518518518518518