0 0.6385416666666667 0.9685185185185186 0.04895833333333333 0.06111111111111111
2 0.68046875 0.9777777777777777 0.044270833333333336 0.04259259259259259
6 0.459375 0.1162037037037037 0.046875 0.0712962962962963
6 0.60703125 0.14953703703703702 0.06197916666666667 0.11574074074074074
6 0.4114583333333333 0.20833333333333334 0.06145833333333333 0.10740740740740741
7 0.20755208333333333 0.21342592592592594 0.0484375 0.08425925925925926
6 0.3265625 0.23287037037037037 0.06875 0.11944444444444445
4 0.44453125 0.26157407407407407 0.04114583333333333 0.07685185185185185
0 0.5723958333333333 0.26342592592592595 0.06458333333333334 0.11018518518518519
6 0.6984375 0.2638888888888889 0.05416666666666667 0.1
6 0.459375 0.3162037037037037 0.040625 0.0712962962962963
2 0.5268229166666667 0.31712962962962965 0.03697916666666667 0.07314814814814814
2 0.42239583333333336 0.35 0.0375 0.07592592592592592
8 0.6401041666666667 0.35138888888888886 0.041666666666666664 0.0787037037037037
2 0.5372395833333333 0.37453703703703706 0.0390625 0.06944444444444445
4 0.5763020833333333 0.3768518518518518 0.0359375 0.06666666666666667
2 0.2903645833333333 0.38055555555555554 0.049479166666666664 0.08888888888888889
4 0.37057291666666664 0.4027777777777778 0.043229166666666666 0.06666666666666667
7 0.3375 0.43287037037037035 0.03854166666666667 0.075
2 0.7145833333333333 0.43472222222222223 0.053125 0.09722222222222222
8 0.7703125 0.44675925925925924 0.04375 0.06944444444444445
0 0.6044270833333333 0.45601851851851855 0.03802083333333333 0.07314814814814814
4 0.6763020833333333 0.4722222222222222 0.04010416666666667 0.06851851851851852
4 0.37552083333333336 0.4787037037037037 0.05416666666666667 0.09259259259259259
4 0.42291666666666666 0.4842592592592593 0.030208333333333334 0.04814814814814815
4 0.3104166666666667 0.4949074074074074 0.042708333333333334 0.06944444444444445
4 0.42473958333333334 0.5407407407407407 0.04739583333333333 0.07962962962962963
7 0.7583333333333333 0.5421296296296296 0.05520833333333333 0.09351851851851851
0 0.3809895833333333 0.5504629629629629 0.034895833333333334 0.06944444444444445
4 0.16354166666666667 0.5523148148148148 0.03229166666666667 0.06574074074074074
4 0.28098958333333335 0.5736111111111111 0.05572916666666667 0.08981481481481482
2 0.7138020833333333 0.5768518518518518 0.04010416666666667 0.08518518518518518
0 0.4401041666666667 0.05925925925925926 0.04375 0.07222222222222222
0 0.41067708333333336 0.6060185185185185 0.05260416666666667 0.09166666666666666
7 0.66953125 0.6078703703703704 0.05572916666666667 0.09537037037037037
7 0.5471354166666667 0.6162037037037037 0.04010416666666667 0.075
5 0.3260416666666667 0.6180555555555556 0.05520833333333333 0.10092592592592593
2 0.5911458333333334 0.6268518518518519 0.04791666666666667 0.0962962962962963
7 0.49322916666666666 0.638425925925926 0.03958333333333333 0.0712962962962963
0 0.70859375 0.6546296296296297 0.0546875 0.0962962962962963
2 0.36640625 0.6703703703703704 0.0609375 0.10925925925925926
4 0.19166666666666668 0.6726851851851852 0.046875 0.09166666666666666
5 0.52734375 0.675 0.04635416666666667 0.09259259259259259
2 0.6716145833333333 0.6856481481481481 0.0390625 0.07314814814814814
2 0.2713541666666667 0.6912037037037037 0.05416666666666667 0.09907407407407408
0 0.5830729166666667 0.0699074074074074 0.04114583333333333 0.06759259259259259
0 0.4625 0.6986111111111111 0.059375 0.10648148148148148
7 0.5658854166666667 0.725925925925926 0.0359375 0.06481481481481481
8 0.6651041666666667 0.7486111111111111 0.041666666666666664 0.06574074074074074
4 0.3453125 0.7652777777777777 0.052083333333333336 0.09907407407407408
8 0.43828125 0.8037037037037037 0.0453125 0.08703703703703704
7 0.536890625 0.8148148148148148 0.04114583333333333 0.07222222222222222
8 0.62578125 0.8222222222222222 0.05364583333333333 0.09444444444444444
0 0.67734375 0.8305555555555556 0.050520833333333334 0.08888888888888889
0 0.4895833333333333 0.8527777777777777 0.065625 0.12222222222222222
7 0.39114583333333336 0.8634259259259259 0.04375 0.08055555555555556
4 0.21041666666666667 0.874537037037037 0.05520833333333333 0.09537037037037037
2 0.6536458333333334 0.9 0.03958333333333333 0.06481481481481481
4 0.38177083333333334 0.9231481481481482 0.041666666666666664 0.07407407407407407