2 0.6197916666666666 0.9671296296296297 0.040625 0.06388888888888888
6 0.5158854166666667 0.2574074074074074 0.0578125 0.10740740740740741
2 0.2903645833333333 0.27870370370370373 0.05260416666666667 0.08703703703703704
1 0.5825520833333333 0.30277777777777776 0.043229166666666666 0.07222222222222222
0 0.5440104166666667 0.32037037037037036 0.03697916666666667 0.05185185185185185
2 0.32578125 0.32037037037037036 0.04010416666666667 0.07407407407407407
4 0.4513020833333333 0.35648148148148145 0.04114583333333333 0.06851851851851852
0 0.28359375 0.3574074074074074 0.05364583333333333 0.09259259259259259
4 0.69296875 0.36574074074074076 0.0453125 0.07222222222222222
8 0.4825520833333333 0.3787037037037037 0.043229166666666666 0.06851851851851852
0 0.41015625 0.387037037037037 0.033854166666666664 0.07777777777777778
1 0.64375 0.39351851851851855 0.040625 0.07222222222222222
0 0.54140625 0.3990740740740741 0.0609375 0.10185185185185185
0 0.7388020833333333 0.4009259259259259 0.049479166666666664 0.09444444444444444
7 0.43307291666666664 0.42685185185185187 0.033854166666666664 0.053703703703703705
8 0.19505208333333332 0.43796296296296294 0.04114583333333333 0.07962962962962963
2 0.22317708333333333 0.4388888888888889 0.0390625 0.07407407407407407
1 0.4830729166666667 0.44074074074074077 0.050520833333333334 0.08888888888888889
8 0.70390625 0.4601851851851852 0.050520833333333334 0.08703703703703704
4 0.3893229166666667 0.4675925925925926 0.0359375 0.06481481481481481
5 0.6481770833333333 0.4787037037037037 0.04114583333333333 0.08333333333333333
2 0.5143229166666666 0.48703703703703705 0.04010416666666667 0.07037037037037037
2 0.43046875 0.4888888888888889 0.04739583333333333 0.08888888888888889
6 0.5549479166666667 0.4898148148148148 0.04635416666666667 0.08333333333333333
0 0.3184895833333333 0.49722222222222223 0.0546875 0.08333333333333333
4 0.35442708333333334 0.5111111111111111 0.0390625 0.06666666666666667
0 0.72734375 0.5222222222222223 0.04114583333333333 0.07037037037037037
4 0.8377604166666667 0.5342592592592592 0.0328125 0.05740740740740741
7 0.49140625 0.5342592592592592 0.04010416666666667 0.06851851851851852
0 0.7596354166666667 0.5601851851851852 0.0390625 0.06851851851851852
4 0.29973958333333334 0.5666666666666667 0.04010416666666667 0.06666666666666667
0 0.45546875 0.5675925925925925 0.049479166666666664 0.09074074074074075
0 0.38828125 0.5712962962962963 0.04010416666666667 0.07222222222222222
1 0.7002604166666667 0.5722222222222222 0.043229166666666666 0.07037037037037037
7 0.33828125 0.5916666666666667 0.0546875 0.09074074074074075
8 0.5315104166666667 0.6 0.049479166666666664 0.08888888888888889
7 0.19453125 0.6037037037037037 0.058854166666666666 0.10740740740740741
2 0.48932291666666666 0.6064814814814815 0.033854166666666664 0.06111111111111111
1 0.6721354166666667 0.6101851851851852 0.04114583333333333 0.07592592592592592
5 0.71953125 0.649074074074074 0.06927083333333334 0.11296296296296296
6 0.5424479166666667 0.6712962962962963 0.0421875 0.06851851851851852
6 0.4856770833333333 0.687037037037037 0.059895833333333336 0.11851851851851852
4 0.63828125 0.6898148148148148 0.0421875 0.07222222222222222
8 0.3528645833333333 0.7194444444444444 0.0421875 0.07592592592592592
0 0.39088541666666665 0.7287037037037037 0.04114583333333333 0.07222222222222222
0 0.5877604166666667 0.7620370370370371 0.0515625 0.08703703703703704
5 0.49765625 0.7851851851851852 0.0484375 0.0962962962962963
7 0.5486979166666667 0.7898148148148149 0.04635416666666667 0.08333333333333333
7 0.35963541666666665 0.8222222222222222 0.04114583333333333 0.08518518518518518
1 0.39869791666666665 0.8222222222222222 0.04010416666666667 0.07037037037037037
2 0.7221354166666667 0.8314814814814815 0.0578125 0.1
2 0.6309895833333333 0.8805555555555555 0.06510416666666667 0.12037037037037036