7 0.6130208333333333 0.13703703703703704 0.04375 0.09259259259259259
0 0.5494791666666666 0.25787037037037036 0.059375 0.08981481481481482
0 0.6861979166666666 0.3662037037037037 0.0671875 0.09722222222222222
4 0.2950520833333333 0.37083333333333335 0.04635416666666667 0.0787037037037037
7 0.40286458333333336 0.3736111111111111 0.0578125 0.12685185185185185
0 0.33932291666666664 0.38101851851851853 0.04739583333333333 0.08055555555555556
2 0.7971354166666667 0.4824074074074074 0.05364583333333333 0.07592592592592592
5 0.38671875 0.5773148148148148 0.0578125 0.08981481481481482
0 0.43828125 0.6027777777777777 0.05260416666666667 0.08518518518518518
8 0.6067708333333334 0.649074074074074 0.04479166666666667 0.07592592592592592
1 0.803125 0.6513888888888889 0.05520833333333333 0.0712962962962963
6 0.6588541666666666 0.675 0.059375 0.1037037037037037
1 0.6958333333333333 0.09027777777777778 0.04791666666666667 0.06944444444444445