8 0.6489583333333333 0.09305555555555556 0.040625 0.07314814814814814
4 0.6106770833333334 0.12453703703703704 0.0390625 0.06759259259259259
4 0.5638020833333334 0.15462962962962962 0.04114583333333333 0.06666666666666667
7 0.7815104166666667 0.15648148148148147 0.04739583333333333 0.07777777777777778
1 0.21302083333333333 0.18333333333333332 0.04375 0.08333333333333333
4 0.20833333333333334 0.25972222222222224 0.042708333333333334 0.08055555555555556
8 0.7109375 0.26805555555555555 0.03958333333333333 0.06018518518518518
2 0.43359375 0.27037037037037037 0.049479166666666664 0.09444444444444444
4 0.2546875 0.2828703703703704 0.052083333333333336 0.09722222222222222
7 0.7089427083333334 0.3209814814814815 0.0328125 0.05740740740740741
4 0.4010416666666667 0.3476851851851852 0.042708333333333334 0.0712962962962963
8 0.58125 0.3726851851851852 0.034375 0.06944444444444445
2 0.5473958333333333 0.3888888888888889 0.03958333333333333 0.06481481481481481
7 0.3776041666666667 0.3939814814814815 0.035416666666666666 0.06388888888888888
4 0.7425312500000001 0.42515740740740743 0.04375 0.08055555555555556
4 0.30546875 0.46620370370370373 0.04114583333333333 0.0824074074074074
1 0.3421875 0.4671296296296296 0.03958333333333333 0.08055555555555556
0 0.5835052083333333 0.5663611111111111 0.04583333333333333 0.07407407407407407
2 0.41744791666666664 0.6509259259259259 0.0421875 0.07037037037037037
0 0.5864583333333333 0.07824074074074074 0.040625 0.07314814814814814