2 0.48880208333333336 0.9694444444444444 0.0390625 0.05925925925925926
0 0.6518229166666667 0.27314814814814814 0.04114583333333333 0.07407407407407407
7 0.68359375 0.35694444444444445 0.04010416666666667 0.075
8 0.6197916666666666 0.4671296296296296 0.04479166666666667 0.0787037037037037
6 0.31744791666666666 0.47962962962962963 0.06302083333333333 0.10740740740740741
4 0.6557291666666667 0.49074074074074076 0.03854166666666667 0.07037037037037037
4 0.63828125 0.5430555555555555 0.04010416666666667 0.06759259259259259
6 0.6578125 0.620212962962963 0.053125 0.09537037037037037
6 0.27421875 0.6773148148148148 0.0515625 0.09537037037037037
0 0.19947916666666668 0.725 0.040625 0.07037037037037037
4 0.2875 0.812962962962963 0.04479166666666667 0.07407407407407407
0 0.4596354166666667 0.924537037037037 0.05260416666666667 0.08611111111111111