0 0.5664225941422594 0.18470149253731344 0.038702928870292884 0.061567164179104475
4 0.3250523012552301 0.2248134328358209 0.04131799163179916 0.07276119402985075
2 0.5423640167364017 0.23523320895522384 0.0397489539748954 0.06996268656716417
0 0.6574267782426778 0.24766791044776118 0.03556485355648536 0.06996268656716417
8 0.7188807531380753 0.2826492537313433 0.038179916317991634 0.061567164179104475
1 0.7444194560669456 0.3306902985074627 0.0397489539748954 0.07369402985074627
6 0.5444560669456067 0.3880597014925373 0.043933054393305436 0.0708955223880597
0 0.4382845188284519 0.46875 0.05543933054393305 0.09235074626865672
1 0.4972123430962343 0.5051305970149254 0.03556485355648536 0.06809701492537314
6 0.33368200836820083 0.5139925373134329 0.038702928870292884 0.0708955223880597
5 0.5358263598326359 0.5331156716417911 0.04864016736401674 0.08675373134328358
4 0.39173640167364016 0.5699626865671642 0.04288702928870293 0.08208955223880597
4 0.7092050209205021 0.596240671641791 0.04602510460251046 0.07929104477611941
4 0.3002092050209205 0.7005597014925373 0.05439330543933055 0.10074626865671642