8 0.5028645833333333 0.17314814814814813 0.049479166666666664 0.09444444444444444
7 0.45859375 0.19166666666666668 0.04635416666666667 0.08703703703703704
6 0.44036458333333334 0.275 0.06197916666666667 0.10185185185185185
0 0.7888020833333333 0.32407407407407407 0.044270833333333336 0.07407407407407407
2 0.2981770833333333 0.35555555555555557 0.0359375 0.07407407407407407
2 0.3731770833333333 0.37962962962962965 0.03802083333333333 0.06666666666666667
4 0.40703125 0.387037037037037 0.03697916666666667 0.06666666666666667
6 0.37838541666666664 0.5148148148148148 0.0484375 0.1
6 0.21015625 0.5148148148148148 0.05364583333333333 0.09259259259259259
4 0.3888020833333333 0.6944444444444444 0.0296875 0.04814814814814815
6 0.42421875 0.7333333333333333 0.058854166666666666 0.11851851851851852
0 0.36484375 0.7574074074074074 0.0484375 0.09259259259259259
2 0.42265625 0.8657407407407407 0.04114583333333333 0.07222222222222222
0 0.7690104166666667 0.8787037037037037 0.050520833333333334 0.09444444444444444
2 0.44296875 0.924074074074074 0.0421875 0.07037037037037037