1 0.6143229166666667 0.11574074074074074 0.0578125 0.09444444444444444
2 0.2565104166666667 0.1935185185185185 0.0671875 0.09814814814814815
4 0.57109375 0.3398148148148148 0.0640625 0.10185185185185185
6 0.7690104166666667 0.3907407407407407 0.05260416666666667 0.1037037037037037
0 0.21067708333333332 0.475 0.07135416666666666 0.10925925925925926
0 0.40963541666666664 0.5185185185185185 0.06927083333333334 0.1259259259259259
0 0.32369791666666664 0.562962962962963 0.0640625 0.09259259259259259
6 0.22890625 0.5731481481481482 0.06197916666666667 0.11296296296296296
8 0.75703125 0.5731481481481482 0.0609375 0.09074074074074075
7 0.40859375 0.6333333333333333 0.06510416666666667 0.0962962962962963
4 0.7606770833333333 0.7814814814814814 0.06197916666666667 0.08888888888888889