5 0.61328125 0.35185185185185186 0.0546875 0.13703703703703704
0 0.5643229166666667 0.412962962962963 0.050520833333333334 0.1037037037037037
8 0.45703125 0.45740740740740743 0.0359375 0.07407407407407407
8 0.53828125 0.48148148148148145 0.04635416666666667 0.08148148148148149
6 0.5846354166666666 0.5157407407407407 0.05572916666666667 0.10185185185185185
8 0.39609375 0.5259259259259259 0.06197916666666667 0.0962962962962963
0 0.29609375 0.5435185185185185 0.06302083333333333 0.10185185185185185
7 0.6283854166666667 0.5805555555555556 0.06302083333333333 0.09444444444444444
2 0.19869791666666667 0.5879629629629629 0.04010416666666667 0.07592592592592592
6 0.211203125 0.7064814814814815 0.04635416666666667 0.09444444444444444
0 0.46067708333333335 0.7490740740740741 0.043229166666666666 0.09444444444444444
4 0.41640625 0.7620370370370371 0.050520833333333334 0.08703703703703704
0 0.21640625 0.812962962962963 0.05260416666666667 0.0962962962962963