4 0.64609375 0.14583333333333334 0.04635416666666667 0.0712962962962963
0 0.23359375 0.1486111111111111 0.05677083333333333 0.09907407407407408
4 0.36640625 0.2 0.0390625 0.07962962962962963
0 0.34869791666666666 0.25972222222222224 0.03697916666666667 0.06944444444444445
5 0.30572916666666666 0.27175925925925926 0.05416666666666667 0.09722222222222222
0 0.37734375 0.2828703703703704 0.0359375 0.06759259259259259
4 0.7619791666666667 0.30972222222222223 0.03958333333333333 0.06944444444444445
7 0.5078125 0.5046296296296297 0.03958333333333333 0.06296296296296296
4 0.375 0.052314814814814814 0.051041666666666666 0.08796296296296297
8 0.5419270833333333 0.5189814814814815 0.04010416666666667 0.08055555555555556
7 0.490625 0.5578703703703703 0.06145833333333333 0.062037037037037036
4 0.5158854166666667 0.6074074074074074 0.04010416666666667 0.06851851851851852
4 0.5661458333333333 0.612037037037037 0.03958333333333333 0.07407407407407407
0 0.4270833333333333 0.6337962962962963 0.059375 0.1175925925925926
0 0.4708333333333333 0.6537037037037037 0.03854166666666667 0.07222222222222222
4 0.5158854166666667 0.6912037037037037 0.0421875 0.06944444444444445
2 0.4361979166666667 0.7398148148148148 0.03697916666666667 0.07037037037037037
0 0.78203125 0.7541666666666667 0.05572916666666667 0.09166666666666666