0 0.26979166666666665 0.30277777777777776 0.0375 0.06296296296296296
1 0.6065104166666667 0.3106481481481482 0.03802083333333333 0.06944444444444445
0 0.3106770833333333 0.32731481481481484 0.0515625 0.075
7 0.3463541666666667 0.36157407407407405 0.05 0.08425925925925926
0 0.3875 0.3800925925925926 0.04895833333333333 0.08796296296296297
1 0.6721354166666667 0.425462962962963 0.0421875 0.06018518518518518
6 0.42604166666666665 0.4583333333333333 0.04791666666666667 0.08333333333333333
2 0.7924479166666667 0.5032407407407408 0.03802083333333333 0.06759259259259259
5 0.521875 0.5157407407407407 0.04895833333333333 0.08148148148148149
0 0.70625 0.525 0.03958333333333333 0.07222222222222222
7 0.38828125 0.5958333333333333 0.04010416666666667 0.06574074074074074
8 0.33880208333333334 0.6833333333333333 0.04010416666666667 0.06481481481481481
4 0.73125 0.8407407407407408 0.04583333333333333 0.08333333333333333