2 0.6716145833333333 0.11018518518518519 0.06510416666666667 0.11666666666666667
0 0.31328125 0.16944444444444445 0.0421875 0.06851851851851852
2 0.6341145833333334 0.1935185185185185 0.04010416666666667 0.06851851851851852
0 0.26171875 0.2777777777777778 0.05364583333333333 0.0962962962962963
1 0.60390625 0.2962962962962963 0.0484375 0.07407407407407407
7 0.37578125 0.3138888888888889 0.033854166666666664 0.06111111111111111
4 0.76796875 0.3416666666666667 0.049479166666666664 0.08703703703703704
4 0.32526041666666666 0.3472222222222222 0.049479166666666664 0.08703703703703704
8 0.21015625 0.4203703703703704 0.0421875 0.07407407407407407
8 0.5377604166666666 0.4398148148148148 0.043229166666666666 0.06481481481481481
7 0.68984375 0.5361111111111111 0.030729166666666665 0.06481481481481481
2 0.5481770833333334 0.5518518518518518 0.0515625 0.09259259259259259
4 0.21328125 0.6592592592592592 0.044270833333333336 0.06666666666666667
4 0.43359375 0.850925925925926 0.0390625 0.07962962962962963