4 0.18880208333333334 0.1361111111111111 0.04010416666666667 0.07962962962962963
1 0.5361979166666667 0.29259259259259257 0.03697916666666667 0.06666666666666667
7 0.7341145833333333 0.30185185185185187 0.0453125 0.07037037037037037
7 0.33541666666666664 0.3138888888888889 0.040625 0.08333333333333333
6 0.6924479166666667 0.33611111111111114 0.0359375 0.06481481481481481
0 0.5205729166666667 0.3592592592592593 0.0390625 0.07407407407407407
2 0.47421875 0.38055555555555554 0.04635416666666667 0.07592592592592592
8 0.2794270833333333 0.42777777777777776 0.0546875 0.09259259259259259
6 0.42109375 0.5157407407407407 0.058854166666666666 0.10185185185185185
8 0.5653645833333333 0.5277777777777778 0.034895833333333334 0.07777777777777778
1 0.3966145833333333 0.5990740740740741 0.04114583333333333 0.06851851851851852
4 0.55859375 0.7222222222222222 0.050520833333333334 0.08888888888888889
2 0.22265625 0.7453703703703703 0.043229166666666666 0.08703703703703704
0 0.37161458333333336 0.9194444444444444 0.06197916666666667 0.11296296296296296