4 0.41796875 0.9472222222222222 0.04114583333333333 0.06666666666666667
7 0.8190104166666666 0.29398148148148145 0.05572916666666667 0.10092592592592593
8 0.6588541666666666 0.3240648148148148 0.05625 0.09074074074074075
8 0.27682291666666664 0.4013888888888889 0.0421875 0.06759259259259259
0 0.64375 0.43194444444444446 0.051041666666666666 0.08796296296296297
0 0.2598958333333333 0.5694444444444444 0.05 0.09259259259259259
0 0.60546875 0.5703703703703704 0.04114583333333333 0.07222222222222222
2 0.19479166666666667 0.5851851851851851 0.046875 0.07222222222222222
8 0.41640625 0.6722222222222223 0.044270833333333336 0.08333333333333333
6 0.20520833333333333 0.7083333333333334 0.034375 0.06666666666666667
0 0.45859375 0.7763888888888889 0.0515625 0.09166666666666666
0 0.2140625 0.8143518518518519 0.05416666666666667 0.08981481481481482
5 0.37439062500000003 0.8469074074074073 0.05260416666666667 0.09444444444444444