7 0.7684895833333333 0.1 0.049479166666666664 0.07777777777777778
0 0.6278645833333333 0.22962962962962963 0.0484375 0.08888888888888889
7 0.7080729166666667 0.23981481481481481 0.049479166666666664 0.06481481481481481
6 0.22786458333333334 0.3787037037037037 0.043229166666666666 0.046296296296296294
2 0.27109375 0.4203703703703704 0.0453125 0.08148148148148149
2 0.6986979166666667 0.45925925925925926 0.04635416666666667 0.09259259259259259
0 0.6138020833333333 0.475 0.06197916666666667 0.10185185185185185
0 0.37473958333333335 0.5527777777777778 0.06614583333333333 0.10185185185185185
8 0.20703125 0.687037037037037 0.04635416666666667 0.1037037037037037
1 0.71328125 0.07037037037037037 0.04010416666666667 0.06666666666666667
4 0.46901041666666665 0.7314814814814815 0.0515625 0.07777777777777778
0 0.69296875 0.7824074074074074 0.06197916666666667 0.09444444444444444
4 0.44453125 0.8074074074074075 0.05260416666666667 0.08148148148148149