8 0.26119791666666664 0.9351851851851852 0.043229166666666666 0.06296296296296296
4 0.7799479166666666 0.9462962962962963 0.04010416666666667 0.08148148148148149
2 0.22369791666666666 0.9472222222222222 0.0421875 0.07962962962962963
6 0.5859375 0.9569444444444445 0.06041666666666667 0.08425925925925926
7 0.33697916666666666 0.9583333333333334 0.03958333333333333 0.06851851851851852
5 0.5432291666666667 0.9606481481481481 0.04791666666666667 0.07685185185185185
4 0.709375 0.9634259259259259 0.042708333333333334 0.0712962962962963
0 0.6744791666666666 0.9671296296296297 0.03958333333333333 0.06388888888888888
8 0.8088541666666667 0.9726851851851852 0.035416666666666666 0.05277777777777778
4 0.8447916666666667 0.9745370370370371 0.04583333333333333 0.049074074074074076
7 0.7044270833333334 0.19907407407407407 0.0578125 0.08703703703703704
5 0.7674479166666667 0.2222222222222222 0.050520833333333334 0.0962962962962963
0 0.69296875 0.2796296296296296 0.04114583333333333 0.06666666666666667
4 0.5028645833333333 0.2796296296296296 0.03177083333333333 0.05185185185185185
0 0.20026041666666666 0.3388888888888889 0.043229166666666666 0.06666666666666667
8 0.5544270833333333 0.34074074074074073 0.0390625 0.07777777777777778
4 0.8356770833333333 0.3425925925925926 0.04739583333333333 0.07777777777777778
4 0.8315104166666667 0.3453703703703704 0.0390625 0.06851851851851852
8 0.7908854166666667 0.3472222222222222 0.0515625 0.08703703703703704
0 0.6674479166666667 0.35648148148148145 0.0609375 0.10555555555555556
6 0.5934895833333333 0.3712962962962963 0.04635416666666667 0.08333333333333333
0 0.5263020833333333 0.4027777777777778 0.0453125 0.07592592592592592
7 0.39557291666666666 0.4111111111111111 0.044270833333333336 0.08148148148148149
0 0.23151041666666666 0.412962962962963 0.04114583333333333 0.07037037037037037
6 0.35859375 0.4166666666666667 0.034895833333333334 0.07037037037037037
4 0.6419270833333334 0.4212962962962963 0.0390625 0.07222222222222222
0 0.8263020833333333 0.4212962962962963 0.049479166666666664 0.08703703703703704
8 0.6091145833333333 0.46111111111111114 0.050520833333333334 0.09259259259259259
8 0.49661458333333336 0.46296296296296297 0.04010416666666667 0.06666666666666667
0 0.6872395833333333 0.4666666666666667 0.0421875 0.05925925925925926
8 0.4205729166666667 0.47129629629629627 0.05260416666666667 0.08703703703703704
0 0.34296875 0.48518518518518516 0.049479166666666664 0.09259259259259259
0 0.8153645833333333 0.4888888888888889 0.04635416666666667 0.06296296296296296
6 0.20338541666666668 0.49722222222222223 0.06197916666666667 0.09814814814814815
4 0.6669270833333333 0.5212962962962963 0.04010416666666667 0.07222222222222222
4 0.62265625 0.5324074074074074 0.03802083333333333 0.07592592592592592
0 0.40286458333333336 0.5462962962962963 0.06302083333333333 0.1
0 0.82578125 0.55 0.0484375 0.08148148148148149
5 0.35078125 0.5555555555555556 0.04010416666666667 0.07037037037037037
4 0.47421875 0.575 0.03802083333333333 0.07592592592592592
7 0.6388020833333333 0.5842592592592593 0.043229166666666666 0.07592592592592592
4 0.6018229166666667 0.5888888888888889 0.0359375 0.07037037037037037
4 0.67890625 0.5981481481481481 0.049479166666666664 0.09259259259259259
4 0.7216145833333333 0.6027777777777777 0.03697916666666667 0.07962962962962963
1 0.7622395833333333 0.6166666666666667 0.0390625 0.06666666666666667
5 0.37265625 0.6240740740740741 0.06302083333333333 0.10740740740740741
4 0.49453125 0.6342592592592593 0.04010416666666667 0.07962962962962963
4 0.5778645833333333 0.6564814814814814 0.043229166666666666 0.06481481481481481
6 0.54296875 0.6666666666666666 0.034895833333333334 0.06666666666666667
2 0.42942708333333335 0.6675925925925926 0.04114583333333333 0.053703703703703705
6 0.3268229166666667 0.674074074074074 0.03802083333333333 0.08148148148148149
7 0.7549479166666667 0.675 0.04010416666666667 0.06851851851851852
2 0.8268229166666666 0.6805555555555556 0.05677083333333333 0.09444444444444444
4 0.45390625 0.7101851851851851 0.04114583333333333 0.07962962962962963
0 0.36953125 0.7157407407407408 0.04010416666666667 0.06851851851851852
0 0.41015625 0.7222222222222222 0.0390625 0.06296296296296296
7 0.27578125 0.7287037037037037 0.0421875 0.06851851851851852
8 0.7278645833333334 0.7361111111111112 0.0421875 0.06851851851851852
2 0.48880208333333336 0.7444444444444445 0.044270833333333336 0.06666666666666667
7 0.6736979166666667 0.7462962962962963 0.05260416666666667 0.1
7 0.7638020833333333 0.7472222222222222 0.0390625 0.07962962962962963
0 0.23567708333333334 0.7490740740740741 0.049479166666666664 0.09814814814814815
7 0.8393229166666667 0.7564814814814815 0.033854166666666664 0.06111111111111111
0 0.30703125 0.7574074074074074 0.0453125 0.06666666666666667
6 0.80390625 0.7657407407407407 0.04635416666666667 0.07962962962962963
0 0.43046875 0.774074074074074 0.03802083333333333 0.07777777777777778
4 0.55859375 0.7768518518518519 0.0390625 0.07222222222222222
1 0.33880208333333334 0.7888888888888889 0.04114583333333333 0.06296296296296296
1 0.3815104166666667 0.7907407407407407 0.04739583333333333 0.09259259259259259
1 0.29765625 0.8203703703703704 0.03802083333333333 0.05925925925925926
8 0.83671875 0.8231481481481482 0.04739583333333333 0.09444444444444444
8 0.6028645833333334 0.8277777777777777 0.0421875 0.07037037037037037
7 0.6466145833333333 0.8314814814814815 0.03802083333333333 0.07777777777777778
0 0.79453125 0.8407407407407408 0.04010416666666667 0.07037037037037037
7 0.33046875 0.8740740740740741 0.05572916666666667 0.09259259259259259
2 0.77578125 0.8787037037037037 0.0359375 0.05740740740740741
0 0.24348958333333334 0.8787037037037037 0.04635416666666667 0.07592592592592592
1 0.4200520833333333 0.8814814814814815 0.0390625 0.07777777777777778
1 0.58515625 0.8842592592592593 0.03802083333333333 0.06111111111111111
8 0.18723958333333332 0.9037037037037037 0.04010416666666667 0.07407407407407407
1 0.6622395833333333 0.9046296296296297 0.0453125 0.06481481481481481
4 0.8315104166666667 0.9055555555555556 0.05572916666666667 0.08888888888888889
4 0.6190104166666667 0.9083333333333333 0.0421875 0.07222222222222222