4 0.2604166666666667 0.9828703703703704 0.03229166666666667 0.032407407407407406
6 0.6544270833333333 0.16666666666666666 0.06197916666666667 0.10740740740740741
4 0.5236979166666667 0.31296296296296294 0.0421875 0.08148148148148149
2 0.6744791666666666 0.03518518518518519 0.04375 0.06481481481481481
2 0.73125 0.35648148148148145 0.03958333333333333 0.08333333333333333
2 0.65390625 0.42962962962962964 0.030729166666666665 0.06666666666666667
0 0.6005208333333333 0.43657407407407406 0.04375 0.0712962962962963
0 0.21822916666666667 0.46805555555555556 0.042708333333333334 0.06944444444444445
1 0.24401041666666667 0.6166666666666667 0.03697916666666667 0.07407407407407407
0 0.63984375 0.6203703703703703 0.04739583333333333 0.07777777777777778
2 0.7802083333333333 0.6263888888888889 0.04375 0.08055555555555556
2 0.19088541666666667 0.6555555555555556 0.04739583333333333 0.06666666666666667
0 0.6200520833333333 0.7273148148148149 0.04114583333333333 0.0787037037037037
6 0.67734375 0.7416666666666667 0.0515625 0.10185185185185185
7 0.44817708333333334 0.7537037037037037 0.05364583333333333 0.1
8 0.72109375 0.7833333333333333 0.0484375 0.10740740740740741