0 0.5802083333333333 0.1925925925925926 0.05416666666666667 0.08888888888888889
4 0.5192708333333333 0.27824074074074073 0.04583333333333333 0.075
0 0.29739583333333336 0.3263888888888889 0.06041666666666667 0.10648148148148148
8 0.39947916666666666 0.3541666666666667 0.04791666666666667 0.075
0 0.5052083333333334 0.3712962962962963 0.040625 0.07037037037037037
7 0.2109375 0.38472222222222224 0.04791666666666667 0.075
1 0.8026041666666667 0.42916666666666664 0.04479166666666667 0.06759259259259259
4 0.50390625 0.4375 0.0421875 0.075
0 0.24270833333333333 0.48194444444444445 0.05520833333333333 0.09351851851851851
8 0.8028645833333333 0.5009259259259259 0.04114583333333333 0.07222222222222222
4 0.6729166666666667 0.6032407407407407 0.04375 0.07314814814814814
4 0.8046875 0.6449074074074074 0.051041666666666666 0.07685185185185185
0 0.48541666666666666 0.7226851851851852 0.04895833333333333 0.08796296296296297
7 0.7526041666666666 0.8277777777777777 0.051041666666666666 0.11851851851851852
5 0.6519947916666666 0.9178981481481481 0.05260416666666667 0.10185185185185185