6 0.5950520833333334 0.3111111111111111 0.05364583333333333 0.08518518518518518
7 0.5231770833333333 0.3296296296296296 0.0515625 0.09259259259259259
0 0.38984375 0.3453703703703704 0.05364583333333333 0.09814814814814815
7 0.6033854166666667 0.38796296296296295 0.034895833333333334 0.07222222222222222
5 0.26328125 0.03888888888888889 0.04635416666666667 0.06296296296296296
2 0.56640625 0.4027777777777778 0.050520833333333334 0.09074074074074075
7 0.47890625 0.44722222222222224 0.04635416666666667 0.10185185185185185
1 0.51484375 0.4962962962962963 0.03697916666666667 0.06296296296296296
0 0.7174479166666666 0.5138888888888888 0.03802083333333333 0.06851851851851852
7 0.42942708333333335 0.5481481481481482 0.034895833333333334 0.06666666666666667
2 0.5096354166666667 0.562037037037037 0.0390625 0.06851851851851852
4 0.58359375 0.575 0.0390625 0.06481481481481481
0 0.6221354166666667 0.6148148148148148 0.049479166666666664 0.08888888888888889
1 0.23046875 0.06296296296296296 0.0390625 0.06296296296296296
4 0.49921875 0.6824074074074075 0.04739583333333333 0.06851851851851852
2 0.50546875 0.7694444444444445 0.0640625 0.10555555555555556