5 0.44609375 0.9560185185185185 0.04114583333333333 0.075
1 0.6671875 0.16064814814814815 0.03854166666666667 0.06574074074074074
8 0.20598958333333334 0.2337962962962963 0.04635416666666667 0.075
1 0.56640625 0.2865740740740741 0.04010416666666667 0.07685185185185185
0 0.478125 0.35833333333333334 0.040625 0.07222222222222222
2 0.70703125 0.39814814814814814 0.04010416666666667 0.07037037037037037
2 0.5739583333333333 0.4148148148148148 0.03229166666666667 0.05555555555555555
0 0.7010416666666667 0.4638888888888889 0.04375 0.07037037037037037
0 0.65859375 0.49027777777777776 0.03697916666666667 0.06944444444444445
2 0.6239583333333333 0.5087962962962963 0.03229166666666667 0.058333333333333334
2 0.6455729166666667 0.5587962962962963 0.04010416666666667 0.075
2 0.6122395833333333 0.5805555555555556 0.0359375 0.06481481481481481
4 0.6833333333333333 0.5864166666666667 0.05520833333333333 0.08888888888888889
7 0.28072916666666664 0.6435185185185185 0.03958333333333333 0.07037037037037037
0 0.19635416666666666 0.6537037037037037 0.04479166666666667 0.07962962962962963
6 0.70859375 0.7245370370370371 0.0515625 0.09351851851851851
4 0.7375 0.7896574074074074 0.04375 0.0787037037037037