2 0.47421875 0.9388888888888889 0.030729166666666665 0.06666666666666667
0 0.6393229166666666 0.2814814814814815 0.0296875 0.04814814814814815
0 0.35078125 0.42407407407407405 0.04010416666666667 0.07037037037037037
0 0.36223958333333334 0.5259259259259259 0.0609375 0.10740740740740741
8 0.41953125 0.5268518518518519 0.04010416666666667 0.06481481481481481
8 0.72421875 0.5351851851851852 0.0515625 0.09259259259259259
0 0.19557291666666668 0.55 0.04635416666666667 0.07777777777777778
0 0.32057291666666665 0.5675925925925925 0.0359375 0.06851851851851852
0 0.4393229166666667 0.575 0.044270833333333336 0.06481481481481481
0 0.56015625 0.5962962962962963 0.03802083333333333 0.06666666666666667
8 0.4075520833333333 0.6027777777777777 0.03697916666666667 0.06481481481481481
0 0.75390625 0.6462962962962963 0.0546875 0.08888888888888889
2 0.49713541666666666 0.6787037037037037 0.0328125 0.06481481481481481
0 0.5372395833333333 0.7425925925925926 0.04010416666666667 0.06666666666666667
0 0.35130208333333335 0.7453703703703703 0.04114583333333333 0.07592592592592592
0 0.6497395833333334 0.8694444444444445 0.0359375 0.07592592592592592
0 0.53671875 0.9185185185185185 0.03697916666666667 0.07407407407407407