1 0.5760416666666667 0.17916666666666667 0.03854166666666667 0.06574074074074074
6 0.5916666666666667 0.2765462962962963 0.04895833333333333 0.08333333333333333
2 0.5559895833333334 0.36064814814814816 0.05260416666666667 0.08611111111111111
0 0.7591145833333334 0.44305555555555554 0.03802083333333333 0.06574074074074074
5 0.6500833333333332 0.44722222222222224 0.03802083333333333 0.07037037037037037
2 0.5671875 0.4564814814814815 0.040625 0.07037037037037037
7 0.55546875 0.5254629629629629 0.03802083333333333 0.06574074074074074
4 0.73515625 0.6097222222222223 0.043229166666666666 0.075
8 0.31640625 0.6231481481481481 0.04010416666666667 0.07037037037037037
6 0.5638020833333334 0.6898148148148148 0.0484375 0.09259259259259259
8 0.8 0.7064814814814815 0.03958333333333333 0.06481481481481481
2 0.7510416666666667 0.7986111111111112 0.04375 0.075