2 0.45703125 0.9333333333333333 0.043229166666666666 0.07407407407407407
8 0.42682291666666666 0.9592592592592593 0.04114583333333333 0.07037037037037037
6 0.23463541666666668 0.3175925925925926 0.0671875 0.12037037037037036
4 0.16901041666666666 0.32407407407407407 0.050520833333333334 0.07407407407407407
7 0.3221354166666667 0.3277777777777778 0.044270833333333336 0.07407407407407407
2 0.49713541666666666 0.37037037037037035 0.03802083333333333 0.07777777777777778
4 0.19348958333333333 0.37962962962962965 0.0453125 0.06666666666666667
8 0.5643229166666667 0.3824074074074074 0.0515625 0.08333333333333333
8 0.30911458333333336 0.39351851851851855 0.0453125 0.07962962962962963
0 0.7361979166666667 0.4064814814814815 0.043229166666666666 0.06851851851851852
2 0.6236979166666666 0.425 0.05364583333333333 0.09074074074074075
5 0.16848958333333333 0.42685185185185187 0.0453125 0.07962962962962963
2 0.3966145833333333 0.4425925925925926 0.04739583333333333 0.08148148148148149
0 0.7111979166666667 0.4740740740740741 0.0390625 0.06666666666666667
1 0.5330729166666667 0.475 0.03697916666666667 0.07222222222222222
4 0.59296875 0.487962962962963 0.044270833333333336 0.06851851851851852
8 0.23255208333333333 0.5009259259259259 0.04635416666666667 0.07962962962962963
6 0.27265625 0.5074074074074074 0.0515625 0.09259259259259259
4 0.64140625 0.5074074074074074 0.05364583333333333 0.0962962962962963
0 0.44557291666666665 0.5101851851851852 0.049479166666666664 0.09444444444444444
0 0.6809895833333334 0.5212962962962963 0.0453125 0.06851851851851852
4 0.2947916666666667 0.5722222222222222 0.04583333333333333 0.06666666666666667
4 0.23203125 0.5888888888888889 0.0453125 0.07777777777777778
8 0.62734375 0.5990740740740741 0.05260416666666667 0.09074074074074075
0 0.6815104166666667 0.6462962962962963 0.04010416666666667 0.07037037037037037
0 0.22942708333333334 0.6620370370370371 0.06927083333333334 0.08703703703703704
7 0.8065104166666667 0.6712962962962963 0.04635416666666667 0.07962962962962963
6 0.8044270833333333 0.7351851851851852 0.0421875 0.06666666666666667
2 0.8106770833333333 0.7907407407407407 0.04010416666666667 0.05555555555555555
0 0.5486979166666667 0.812962962962963 0.049479166666666664 0.0962962962962963
4 0.42109375 0.8907407407407407 0.050520833333333334 0.08518518518518518