4 0.35546875 0.11435185185185186 0.03802083333333333 0.06759259259259259
0 0.4244791666666667 0.13518518518518519 0.04583333333333333 0.07037037037037037
6 0.4125 0.1824074074074074 0.03958333333333333 0.06296296296296296
0 0.5796875 0.32037037037037036 0.05416666666666667 0.09074074074074075
8 0.25885416666666666 0.3439814814814815 0.05 0.08611111111111111
2 0.199828125 0.4564814814814815 0.04479166666666667 0.07037037037037037
7 0.40546875 0.5087962962962963 0.0515625 0.08796296296296297
1 0.43359375 0.6689814814814815 0.03697916666666667 0.06574074074074074
4 0.5403645833333334 0.712037037037037 0.0421875 0.07222222222222222
0 0.22265625 0.75 0.05364583333333333 0.09259259259259259
6 0.4734375 0.7935185185185185 0.04895833333333333 0.09259259259259259