0 0.32526041666666666 0.2351851851851852 0.043229166666666666 0.07037037037037037
8 0.7091145833333333 0.3537037037037037 0.05260416666666667 0.1
1 0.5044270833333333 0.38055555555555554 0.04114583333333333 0.06851851851851852
0 0.5450520833333333 0.39537037037037037 0.034895833333333334 0.07222222222222222
2 0.5205729166666667 0.44166666666666665 0.0359375 0.07222222222222222
4 0.19192708333333333 0.4777777777777778 0.0390625 0.08518518518518518
7 0.22994791666666667 0.5064814814814815 0.04010416666666667 0.06481481481481481
2 0.29296875 0.5203703703703704 0.03697916666666667 0.07037037037037037
0 0.6346354166666667 0.525 0.049479166666666664 0.09074074074074075
0 0.32890625 0.5370370370370371 0.04010416666666667 0.08148148148148149
6 0.45598958333333334 0.5435185185185185 0.0359375 0.07592592592592592
0 0.41796875 0.5444444444444444 0.04114583333333333 0.07037037037037037
4 0.20182291666666666 0.5574074074074075 0.044270833333333336 0.08888888888888889
7 0.28619791666666666 0.5861111111111111 0.0421875 0.07962962962962963
6 0.4231770833333333 0.6388888888888888 0.059895833333333336 0.11851851851851852
2 0.8018229166666667 0.6444444444444445 0.0359375 0.06296296296296296
8 0.550265625 0.6944444444444444 0.049479166666666664 0.1037037037037037
7 0.45807291666666666 0.7037037037037037 0.0484375 0.08518518518518518
2 0.21744791666666666 0.7388888888888889 0.04010416666666667 0.07777777777777778
8 0.34765625 0.8194444444444444 0.0359375 0.06851851851851852