2 0.6856770833333333 0.9287037037037037 0.06302083333333333 0.11851851851851852
4 0.5510416666666667 0.9361111111111111 0.046875 0.08518518518518518
4 0.15755208333333334 0.9430555555555555 0.03177083333333333 0.07685185185185185
6 0.20182291666666666 0.09583333333333334 0.03697916666666667 0.06388888888888888
0 0.8098958333333334 0.9592592592592593 0.05416666666666667 0.07962962962962963
2 0.18854166666666666 0.9648148148148148 0.040625 0.06851851851851852
8 0.7643229166666666 0.9740740740740741 0.043229166666666666 0.05
2 0.6872395833333333 0.10324074074074074 0.043229166666666666 0.06759259259259259
7 0.6963541666666667 0.1736111111111111 0.041666666666666664 0.0787037037037037
8 0.6596354166666667 0.17453703703703705 0.04010416666666667 0.06944444444444445
2 0.7427083333333333 0.18101851851851852 0.04895833333333333 0.09351851851851851
6 0.8052083333333333 0.18194444444444444 0.040625 0.08055555555555556
2 0.67109375 0.24259259259259258 0.0359375 0.06851851851851852
8 0.7072916666666667 0.24351851851851852 0.03854166666666667 0.07037037037037037
2 0.6333333333333333 0.2523148148148148 0.04479166666666667 0.08425925925925926
2 0.8015625 0.25972222222222224 0.04791666666666667 0.09166666666666666
6 0.7513020833333334 0.2722222222222222 0.0609375 0.11296296296296296
8 0.6859375 0.30925925925925923 0.041666666666666664 0.07592592592592592
6 0.7192708333333333 0.31157407407407406 0.0375 0.06574074074074074
7 0.30807291666666664 0.31666666666666665 0.043229166666666666 0.07592592592592592
4 0.40520833333333334 0.33240740740740743 0.040625 0.07777777777777778
0 0.36223958333333334 0.3337962962962963 0.0515625 0.09537037037037037
4 0.43802083333333336 0.33611111111111114 0.0375 0.07777777777777778
5 0.7973958333333333 0.36203703703703705 0.06041666666666667 0.11481481481481481
2 0.26458333333333334 0.37546296296296294 0.03854166666666667 0.06759259259259259
7 0.61484375 0.0412037037037037 0.0546875 0.0824074074074074
8 0.23567708333333334 0.4310185185185185 0.0515625 0.09166666666666666
4 0.6171875 0.43333333333333335 0.04583333333333333 0.07962962962962963
2 0.8091145833333333 0.43703703703703706 0.04010416666666667 0.06666666666666667
0 0.48020833333333335 0.4587962962962963 0.034375 0.06018518518518518
6 0.18203125 0.46064814814814814 0.06197916666666667 0.12314814814814815
2 0.6578125 0.047685185185185185 0.03958333333333333 0.0712962962962963
2 0.5075520833333333 0.4976851851851852 0.0359375 0.06944444444444445
0 0.8020833333333334 0.5074074074074074 0.053125 0.08703703703703704
2 0.60703125 0.5087962962962963 0.0515625 0.09351851851851851
2 0.38645833333333335 0.5157407407407407 0.042708333333333334 0.06666666666666667
4 0.1734375 0.5574074074074075 0.03958333333333333 0.07592592592592592
7 0.7658854166666667 0.5634259259259259 0.05260416666666667 0.09537037037037037
0 0.3841145833333333 0.5962962962962963 0.049479166666666664 0.09444444444444444
1 0.42552083333333335 0.6023148148148149 0.0375 0.06944444444444445
0 0.57734375 0.6046296296296296 0.0421875 0.07037037037037037
4 0.7940104166666667 0.6199074074074075 0.0421875 0.0787037037037037
5 0.17291666666666666 0.6240740740740741 0.051041666666666666 0.09074074074074075
0 0.7654322916666667 0.6566018518518518 0.06458333333333334 0.11388888888888889
0 0.4973958333333333 0.6574074074074074 0.05416666666666667 0.09074074074074075
1 0.6354166666666666 0.6578703703703703 0.04479166666666667 0.06944444444444445
5 0.8130208333333333 0.0699074074074074 0.041666666666666664 0.08611111111111111
7 0.16875 0.7050925925925926 0.05520833333333333 0.08981481481481482
7 0.26484375 0.7240740740740741 0.049479166666666664 0.10740740740740741
7 0.72265625 0.7282407407407407 0.0390625 0.07685185185185185
6 0.8015625 0.7449074074074075 0.06458333333333334 0.11018518518518519
0 0.5356770833333333 0.7527777777777778 0.0421875 0.06666666666666667
0 0.3421875 0.7564814814814815 0.0625 0.11851851851851852
0 0.49713541666666666 0.7689814814814815 0.033854166666666664 0.06944444444444445
7 0.746875 0.7763888888888889 0.042708333333333334 0.07685185185185185
8 0.30052083333333335 0.7907407407407407 0.03333333333333333 0.07592592592592592
4 0.4708333333333333 0.8226851851851852 0.05520833333333333 0.10277777777777777
6 0.5325520833333334 0.8268518518518518 0.0546875 0.0962962962962963
2 0.8127604166666667 0.8342592592592593 0.0421875 0.07037037037037037
8 0.7721354166666666 0.8407407407407408 0.0359375 0.06481481481481481
2 0.60234375 0.8453703703703703 0.03802083333333333 0.08148148148148149
4 0.17291666666666666 0.08611111111111111 0.042708333333333334 0.07777777777777778
2 0.5549479166666667 0.08703703703703704 0.05364583333333333 0.09814814814814815
7 0.19453125 0.8805555555555555 0.05364583333333333 0.1
4 0.25703125 0.8888888888888888 0.04114583333333333 0.07592592592592592
4 0.79296875 0.8981481481481481 0.04010416666666667 0.06851851851851852
7 0.7471354166666667 0.9185185185185185 0.05260416666666667 0.09444444444444444
2 0.6375 0.9194444444444444 0.036458333333333336 0.06666666666666667