0 0.8143229166666667 0.9328703703703703 0.0453125 0.06944444444444445
0 0.6536458333333334 0.9555555555555556 0.04375 0.08703703703703704
6 0.2635416666666667 0.31805555555555554 0.05520833333333333 0.10833333333333334
2 0.47760416666666666 0.38333333333333336 0.03854166666666667 0.06666666666666667
2 0.6 0.42916666666666664 0.04375 0.08055555555555556
0 0.32473958333333336 0.43657407407407406 0.0421875 0.0712962962962963
5 0.23307291666666666 0.45601851851851855 0.05677083333333333 0.10648148148148148
0 0.434375 0.46111111111111114 0.06041666666666667 0.12037037037037036
8 0.5354166666666667 0.4689814814814815 0.06875 0.08981481481481482
2 0.4005208333333333 0.5037037037037037 0.03854166666666667 0.06666666666666667
4 0.6486979166666667 0.5120370370370371 0.0609375 0.10185185185185185
2 0.26614583333333336 0.5175925925925926 0.05520833333333333 0.1037037037037037
4 0.35911458333333335 0.5305555555555556 0.06197916666666667 0.10185185185185185
2 0.546875 0.5416666666666666 0.03854166666666667 0.07407407407407407
2 0.4328125 0.549074074074074 0.03958333333333333 0.07407407407407407
2 0.2752604166666667 0.6 0.0578125 0.08333333333333333
4 0.5002604166666667 0.6111111111111112 0.04010416666666667 0.08333333333333333
0 0.6403645833333333 0.612037037037037 0.04114583333333333 0.06666666666666667
0 0.3390625 0.6134259259259259 0.04479166666666667 0.0787037037037037
7 0.2328125 0.6300925925925925 0.05520833333333333 0.06944444444444445
0 0.6 0.6689814814814815 0.07083333333333333 0.13425925925925927
7 0.30130208333333336 0.6787037037037037 0.06197916666666667 0.07407407407407407
0 0.428125 0.6925925925925925 0.04895833333333333 0.10185185185185185
6 0.3953125 0.7037037037037037 0.029166666666666667 0.046296296296296294
0 0.484375 0.7375 0.06458333333333334 0.10833333333333334
4 0.35104166666666664 0.7685185185185185 0.04479166666666667 0.08333333333333333
0 0.17317708333333334 0.7837962962962963 0.0515625 0.08981481481481482
0 0.5872395833333334 0.8018518518518518 0.04635416666666667 0.07592592592592592
4 0.2994791666666667 0.8245370370370371 0.04479166666666667 0.09722222222222222
7 0.55859375 0.8638888888888889 0.05260416666666667 0.09259259259259259
6 0.25729166666666664 0.887962962962963 0.03958333333333333 0.07592592592592592
0 0.77109375 0.9037037037037037 0.0609375 0.11296296296296296
0 0.7106770833333333 0.9180555555555555 0.06822916666666666 0.09907407407407408