4 0.4 0.24861111111111112 0.0375 0.075
2 0.7416666666666667 0.2902777777777778 0.03854166666666667 0.06574074074074074
4 0.47630208333333335 0.30092592592592593 0.03802083333333333 0.07037037037037037
0 0.6322916666666667 0.3300925925925926 0.040625 0.06759259259259259
2 0.6752604166666667 0.362962962962963 0.0359375 0.07222222222222222
6 0.29140625 0.36712962962962964 0.04635416666666667 0.09166666666666666
2 0.6442708333333333 0.4023148148148148 0.04375 0.06759259259259259
8 0.68203125 0.4685185185185185 0.0515625 0.08888888888888889
0 0.33151041666666664 0.4699074074074074 0.05677083333333333 0.11203703703703703
4 0.64453125 0.49537037037037035 0.03802083333333333 0.06111111111111111
1 0.5729166666666666 0.5935185185185186 0.05 0.08148148148148149
0 0.7106770833333333 0.6013888888888889 0.04010416666666667 0.06388888888888888
7 0.7539895833333333 0.7225277777777778 0.04375 0.07222222222222222
8 0.74375 0.0787037037037037 0.04479166666666667 0.06851851851851852
4 0.3484375 0.8342592592592593 0.04895833333333333 0.08148148148148149
0 0.75625 0.861574074074074 0.04375 0.0787037037037037