7 0.5348958333333333 0.9675925925925926 0.035416666666666666 0.06296296296296296
7 0.6559895833333333 0.4773148148148148 0.034895833333333334 0.0712962962962963
7 0.6927083333333334 0.5263888888888889 0.05520833333333333 0.09166666666666666
4 0.5700520833333333 0.5819444444444445 0.04635416666666667 0.08796296296296297
4 0.5208333333333334 0.6199074074074075 0.04895833333333333 0.075
4 0.4671875 0.6220740740740741 0.041666666666666664 0.07685185185185185
6 0.5420989583333333 0.697675925925926 0.06822916666666666 0.11203703703703703
0 0.46510416666666665 0.7143518518518519 0.0375 0.0787037037037037
2 0.41354166666666664 0.7527777777777778 0.04895833333333333 0.1037037037037037
2 0.6421875 0.7962962962962963 0.041666666666666664 0.08703703703703704
0 0.5302083333333333 0.8425925925925926 0.03854166666666667 0.07592592592592592