4 0.28880208333333335 0.9416666666666667 0.04114583333333333 0.07222222222222222
0 0.7809895833333333 0.12916666666666668 0.05572916666666667 0.09166666666666666
4 0.35572916666666665 0.1726851851851852 0.035416666666666666 0.06759259259259259
4 0.23203125 0.27314814814814814 0.0515625 0.08888888888888889
1 0.8307291666666666 0.2763888888888889 0.04479166666666667 0.07685185185185185
1 0.19947916666666668 0.3162037037037037 0.04583333333333333 0.06759259259259259
2 0.25807291666666665 0.37175925925925923 0.04114583333333333 0.07314814814814814
0 0.7078125 0.3763888888888889 0.07083333333333333 0.11018518518518519
2 0.20494791666666667 0.3962962962962963 0.0515625 0.08888888888888889
2 0.43411458333333336 0.41388888888888886 0.03802083333333333 0.07407407407407407
1 0.38177083333333334 0.45601851851851855 0.035416666666666666 0.06018518518518518
0 0.68984375 0.4583333333333333 0.050520833333333334 0.08333333333333333
7 0.4270833333333333 0.49953703703703706 0.03958333333333333 0.07685185185185185
4 0.8463541666666666 0.5328703703703703 0.034375 0.075
2 0.39140625 0.5388888888888889 0.03697916666666667 0.05925925925925926
4 0.30859375 0.6018518518518519 0.0484375 0.06481481481481481
1 0.6750885416666667 0.6435185185185185 0.04010416666666667 0.07962962962962963
7 0.36666666666666664 0.6544722222222222 0.04375 0.07685185185185185
0 0.21875 0.6712962962962963 0.040625 0.06481481481481481
6 0.7002604166666667 0.7157407407407408 0.05260416666666667 0.08888888888888889
2 0.5494791666666666 0.08950925925925927 0.034375 0.06111111111111111