0 0.62265625 0.13055555555555556 0.03802083333333333 0.07222222222222222
4 0.6080729166666666 0.1925925925925926 0.03802083333333333 0.07407407407407407
0 0.6830729166666667 0.2722222222222222 0.03802083333333333 0.07037037037037037
8 0.4752604166666667 0.275 0.05364583333333333 0.09444444444444444
8 0.25026041666666665 0.29907407407407405 0.0515625 0.08333333333333333
4 0.19973958333333333 0.32222222222222224 0.050520833333333334 0.07407407407407407
7 0.44453125 0.32222222222222224 0.044270833333333336 0.06666666666666667
7 0.6799479166666667 0.32407407407407407 0.0296875 0.044444444444444446
6 0.32421875 0.38425925925925924 0.059895833333333336 0.12407407407407407
4 0.21484375 0.387037037037037 0.0453125 0.07407407407407407
4 0.6919270833333333 0.47129629629629627 0.0453125 0.08333333333333333
2 0.6252604166666667 0.47962962962962963 0.0515625 0.1
2 0.40651041666666665 0.5203703703703704 0.0453125 0.07407407407407407
0 0.35390625 0.5435185185185185 0.0484375 0.07592592592592592
5 0.7325520833333333 0.5555555555555556 0.0390625 0.07037037037037037
4 0.28098958333333335 0.562962962962963 0.04114583333333333 0.06296296296296296
6 0.29661458333333335 0.7777777777777778 0.0609375 0.1