4 0.8299479166666667 0.13148148148148148 0.044270833333333336 0.08333333333333333
0 0.7114583333333333 0.2773148148148148 0.040625 0.075
7 0.34140625 0.35138888888888886 0.03177083333333333 0.05648148148148148
4 0.4717864583333334 0.3765462962962963 0.0515625 0.08703703703703704
2 0.37109375 0.425462962962963 0.0640625 0.10462962962962963
2 0.7265625 0.5023148148148148 0.04583333333333333 0.07685185185185185
4 0.3763020833333333 0.052314814814814814 0.043229166666666666 0.07685185185185185
2 0.3640625 0.5287037037037037 0.041666666666666664 0.06296296296296296
4 0.5229166666666667 0.5300925925925926 0.042708333333333334 0.07314814814814814
0 0.4613697916666667 0.5424351851851852 0.043229166666666666 0.07314814814814814
2 0.21119791666666668 0.5569444444444445 0.0359375 0.06388888888888888
4 0.3770833333333333 0.5884259259259259 0.04479166666666667 0.06759259259259259
8 0.3140625 0.6189814814814815 0.04583333333333333 0.07314814814814814
8 0.6794270833333333 0.6296296296296297 0.0390625 0.07222222222222222
4 0.40598958333333335 0.6532407407407408 0.03802083333333333 0.075
4 0.2736927083333333 0.6564814814814814 0.0546875 0.0962962962962963
0 0.44140625 0.6592592592592592 0.03802083333333333 0.07222222222222222
4 0.5356770833333333 0.6657407407407407 0.043229166666666666 0.07407407407407407
4 0.18177083333333333 0.8101851851851852 0.03333333333333333 0.05555555555555555
8 0.5481770833333334 0.8842592592592593 0.043229166666666666 0.07037037037037037