2 0.5802083333333333 0.3023148148148148 0.053125 0.09166666666666666
6 0.4895833333333333 0.30416666666666664 0.06770833333333333 0.1175925925925926
0 0.6270833333333333 0.4125 0.06145833333333333 0.10833333333333334
7 0.40598958333333335 0.4217592592592593 0.06510416666666667 0.08611111111111111
0 0.44991145833333335 0.42345370370370367 0.049479166666666664 0.09444444444444444
7 0.48151041666666666 0.5078703703703704 0.05572916666666667 0.09537037037037037
0 0.5768229166666666 0.5370370370370371 0.04010416666666667 0.06851851851851852
0 0.29348958333333336 0.6106481481481482 0.04635416666666667 0.075
0 0.20546875 0.06666666666666667 0.059895833333333336 0.10185185185185185
4 0.57421875 0.6726851851851852 0.0453125 0.07685185185185185
0 0.6932291666666667 0.6782407407407407 0.058333333333333334 0.11018518518518519
2 0.33046875 0.687962962962963 0.03697916666666667 0.07037037037037037
4 0.3497395833333333 0.7481481481481481 0.04635416666666667 0.07222222222222222
8 0.4940104166666667 0.9060185185185186 0.0515625 0.10648148148148148