4 0.8434895833333333 0.11481481481481481 0.03802083333333333 0.05185185185185185
2 0.44505208333333335 0.16111111111111112 0.043229166666666666 0.07777777777777778
2 0.48932291666666666 0.16296296296296298 0.044270833333333336 0.06666666666666667
0 0.6721354166666667 0.17037037037037037 0.04114583333333333 0.07407407407407407
7 0.41328125 0.27685185185185185 0.0359375 0.06851851851851852
7 0.5153645833333333 0.287962962962963 0.058854166666666666 0.09814814814814815
6 0.44973958333333336 0.33796296296296297 0.06510416666666667 0.11296296296296296
2 0.6971354166666667 0.34814814814814815 0.0453125 0.06666666666666667
7 0.50703125 0.37962962962962965 0.0546875 0.08888888888888889
6 0.55546875 0.4287037037037037 0.06510416666666667 0.11296296296296296
0 0.3893229166666667 0.4398148148148148 0.04010416666666667 0.08333333333333333
8 0.22421875 0.4722222222222222 0.05572916666666667 0.0962962962962963
4 0.33307291666666666 0.5342592592592592 0.0484375 0.07592592592592592
5 0.55859375 0.5953703703703703 0.06197916666666667 0.11296296296296296
2 0.46015625 0.6601851851851852 0.0359375 0.06481481481481481
6 0.41068229166666664 0.6990740740740741 0.0453125 0.07962962962962963
1 0.51640625 0.7157407407407408 0.043229166666666666 0.06851851851851852
1 0.45546875 0.7305555555555555 0.0421875 0.06851851851851852
2 0.19973958333333333 0.7546296296296297 0.03802083333333333 0.06851851851851852
8 0.4674479166666667 0.8074074074074075 0.050520833333333334 0.0962962962962963