2 0.25807291666666665 0.9462962962962963 0.043229166666666666 0.07222222222222222
7 0.7783854166666667 0.9583333333333334 0.04010416666666667 0.06666666666666667
5 0.16901041666666666 0.9611111111111111 0.044270833333333336 0.07592592592592592
8 0.5065104166666666 0.975925925925926 0.0421875 0.046296296296296294
2 0.6419270833333334 0.1476851851851852 0.0421875 0.0824074074074074
2 0.6328125 0.2152777777777778 0.03958333333333333 0.07314814814814814
0 0.18776041666666668 0.22175925925925927 0.05260416666666667 0.08981481481481482
6 0.5708333333333333 0.26296296296296295 0.06145833333333333 0.11296296296296296
6 0.5963541666666666 0.027314814814814816 0.05 0.05462962962962963
0 0.22291666666666668 0.28194444444444444 0.042708333333333334 0.06574074074074074
4 0.2825520833333333 0.2972222222222222 0.04635416666666667 0.08518518518518518
2 0.334375 0.3050925925925926 0.03854166666666667 0.0712962962962963
2 0.37265625 0.30787037037037035 0.0390625 0.06574074074074074
2 0.5109375 0.3296296296296296 0.05 0.08703703703703704
0 0.4270833333333333 0.3763888888888889 0.034375 0.06574074074074074
0 0.384375 0.3763888888888889 0.04479166666666667 0.09166666666666666
1 0.34375 0.3921296296296296 0.034375 0.0712962962962963
4 0.45416666666666666 0.41388888888888886 0.034375 0.07407407407407407
0 0.68046875 0.043055555555555555 0.04010416666666667 0.06944444444444445
0 0.5450520833333333 0.4287037037037037 0.0609375 0.1111111111111111
6 0.49114583333333334 0.43287037037037035 0.04583333333333333 0.09351851851851851
8 0.1835052083333333 0.45046296296296295 0.04583333333333333 0.07685185185185185
0 0.39479166666666665 0.45787037037037037 0.04479166666666667 0.09166666666666666
4 0.3033854166666667 0.46296296296296297 0.0421875 0.08333333333333333
0 0.6963541666666667 0.46805555555555556 0.0625 0.11203703703703703
0 0.6372395833333333 0.04814814814814815 0.049479166666666664 0.07962962962962963
0 0.5315104166666667 0.5069444444444444 0.04010416666666667 0.06388888888888888
4 0.57265625 0.5148148148148148 0.0390625 0.07962962962962963
5 0.48463541666666665 0.5157407407407407 0.0421875 0.07407407407407407
7 0.27239583333333334 0.5287037037037037 0.052083333333333336 0.08888888888888889
8 0.7614583333333333 0.5435185185185185 0.051041666666666666 0.09259259259259259
7 0.37395833333333334 0.5699074074074074 0.040625 0.075
0 0.5260416666666666 0.5699074074074074 0.03854166666666667 0.06018518518518518
4 0.30416666666666664 0.6222222222222222 0.05520833333333333 0.09444444444444444
4 0.6630208333333333 0.6226851851851852 0.03333333333333333 0.058333333333333334
0 0.16796875 0.625 0.0421875 0.06666666666666667
8 0.80625 0.6259259259259259 0.036458333333333336 0.06111111111111111
4 0.35703125 0.6526203703703705 0.049479166666666664 0.08981481481481482
4 0.22795312500000003 0.6535462962962963 0.0375 0.08055555555555556
1 0.4427083333333333 0.6601851851851852 0.04895833333333333 0.08518518518518518
4 0.72109375 0.06666666666666667 0.0421875 0.07962962962962963
8 0.26189583333333327 0.6671296296296296 0.04114583333333333 0.07314814814814814
0 0.7234375 0.6837962962962963 0.0375 0.07685185185185185
4 0.80625 0.6875 0.04479166666666667 0.07314814814814814
4 0.16067708333333333 0.6884259259259259 0.0421875 0.0712962962962963
4 0.35911458333333335 0.0699074074074074 0.049479166666666664 0.0787037037037037
4 0.76875 0.6986111111111111 0.042708333333333334 0.062037037037037036
0 0.27708333333333335 0.7185185185185186 0.03854166666666667 0.07222222222222222
0 0.23723958333333334 0.7287037037037037 0.043229166666666666 0.07407407407407407
4 0.8145833333333333 0.7328703703703704 0.040625 0.06018518518518518
4 0.171875 0.7458333333333333 0.04479166666666667 0.0712962962962963
4 0.7174479166666666 0.7472222222222222 0.04114583333333333 0.06666666666666667
2 0.75234375 0.7523148148148148 0.03802083333333333 0.07314814814814814
4 0.5919270833333333 0.7620370370370371 0.0421875 0.07777777777777778
8 0.20564583333333328 0.7657407407407407 0.0390625 0.07037037037037037
7 0.8057291666666667 0.8023148148148148 0.052083333333333336 0.09166666666666666
7 0.2942708333333333 0.8041574074074074 0.041666666666666664 0.06574074074074074
2 0.71484375 0.8083333333333333 0.03802083333333333 0.05925925925925926
0 0.6338541666666667 0.8138888888888889 0.05416666666666667 0.0962962962962963
2 0.5765625 0.0824074074074074 0.040625 0.07962962962962963
6 0.17604166666666668 0.8305555555555556 0.06145833333333333 0.1111111111111111
7 0.23697916666666666 0.8523148148148149 0.03333333333333333 0.06574074074074074
8 0.7924479166666667 0.8837962962962963 0.0546875 0.0824074074074074
0 0.41953125 0.9009259259259259 0.04114583333333333 0.07407407407407407
8 0.20729166666666668 0.9037037037037037 0.036458333333333336 0.06481481481481481
4 0.15911458333333334 0.9078703703703703 0.043229166666666666 0.06944444444444445
8 0.3536458333333333 0.9166666666666666 0.03958333333333333 0.06851851851851852