2 0.665625 0.9324074074074075 0.040625 0.07777777777777778
2 0.70625 0.9398148148148148 0.042708333333333334 0.08148148148148149
4 0.46640625 0.9555555555555556 0.0421875 0.08333333333333333
4 0.5580729166666667 0.9601851851851851 0.0421875 0.07777777777777778
7 0.246875 0.9685185185185186 0.04479166666666667 0.06111111111111111
7 0.4192708333333333 0.10555555555555556 0.04375 0.07592592592592592
0 0.2 0.1162037037037037 0.05520833333333333 0.08611111111111111
2 0.7958333333333333 0.13194444444444445 0.051041666666666666 0.09166666666666666
7 0.5135416666666667 0.13657407407407407 0.04479166666666667 0.0824074074074074
0 0.6432291666666666 0.16620370370370371 0.05416666666666667 0.10092592592592593
2 0.19296875 0.18101851851851852 0.043229166666666666 0.075
1 0.7104166666666667 0.2537037037037037 0.03854166666666667 0.06481481481481481
8 0.19791666666666666 0.25555555555555554 0.05520833333333333 0.08703703703703704
0 0.7643229166666666 0.26805555555555555 0.050520833333333334 0.08981481481481482
4 0.246875 0.2800925925925926 0.042708333333333334 0.07685185185185185
2 0.35859375 0.2810185185185185 0.0453125 0.0787037037037037
0 0.8299479166666667 0.28425925925925927 0.04010416666666667 0.06666666666666667
6 0.50078125 0.03009259259259259 0.0546875 0.06018518518518518
6 0.18984375 0.31851851851851853 0.04114583333333333 0.07222222222222222
4 0.7231770833333333 0.32222222222222224 0.04739583333333333 0.07592592592592592
4 0.8174479166666667 0.3347222222222222 0.0359375 0.06388888888888888
0 0.6408854166666667 0.33935185185185185 0.04114583333333333 0.07685185185185185
1 0.7799479166666666 0.34814814814814815 0.0484375 0.08703703703703704
5 0.22057291666666667 0.37037037037037035 0.0546875 0.09444444444444444
4 0.18072916666666666 0.37222222222222223 0.029166666666666667 0.05740740740740741
0 0.8308177083333333 0.4016851851851852 0.04114583333333333 0.07685185185185185
5 0.28489583333333335 0.41712962962962963 0.06666666666666667 0.12129629629629629
0 0.566921875 0.41837037037037034 0.043229166666666666 0.07314814814814814
7 0.6145833333333334 0.4212962962962963 0.04479166666666667 0.0962962962962963
6 0.23072916666666668 0.04351851851851852 0.05416666666666667 0.08703703703703704
4 0.18958333333333333 0.047685185185185185 0.034375 0.06759259259259259
2 0.6197916666666666 0.5064814814814815 0.053125 0.08518518518518518
0 0.27734375 0.5305555555555556 0.04114583333333333 0.07407407407407407
0 0.19140625 0.5310185185185186 0.0421875 0.0787037037037037
7 0.3919270833333333 0.5800925925925926 0.0515625 0.09166666666666666
7 0.22838541666666667 0.6356481481481482 0.05572916666666667 0.09907407407407408
4 0.2764739583333334 0.6558611111111111 0.0546875 0.0962962962962963
7 0.37942708333333336 0.6625 0.05364583333333333 0.08981481481481482
8 0.3221354166666667 0.06666666666666667 0.049479166666666664 0.07222222222222222
0 0.7794270833333333 0.6722222222222223 0.05572916666666667 0.10555555555555556
6 0.5078125 0.6787037037037037 0.0625 0.1111111111111111
2 0.1921875 0.6911944444444444 0.041666666666666664 0.07685185185185185
7 0.42421875 0.700925925925926 0.049479166666666664 0.0962962962962963
0 0.5744791666666667 0.7157407407407408 0.058333333333333334 0.11481481481481481
2 0.28567708333333336 0.7203703703703703 0.043229166666666666 0.06481481481481481
7 0.6244791666666667 0.7513888888888889 0.052083333333333336 0.08981481481481482
8 0.4513020833333333 0.7574074074074074 0.04114583333333333 0.07592592592592592
4 0.25885416666666666 0.7671296296296296 0.04583333333333333 0.07314814814814814
6 0.8447916666666667 0.774537037037037 0.036458333333333336 0.07314814814814814
1 0.7660572916666666 0.8006203703703704 0.044270833333333336 0.07592592592592592
7 0.3809895833333333 0.812037037037037 0.0546875 0.0962962962962963
7 0.46432291666666664 0.8189814814814815 0.0421875 0.06574074074074074
0 0.8247395833333333 0.08333333333333333 0.044270833333333336 0.07592592592592592
2 0.4778645833333333 0.8763888888888889 0.0359375 0.07685185185185185
6 0.6200520833333333 0.8898148148148148 0.049479166666666664 0.0962962962962963
1 0.57421875 0.8967592592592593 0.04114583333333333 0.07314814814814814
4 0.40989583333333335 0.9083333333333333 0.041666666666666664 0.08148148148148149
1 0.5114583333333333 0.9194444444444444 0.04479166666666667 0.07407407407407407