7 0.48723958333333334 0.18564814814814815 0.043229166666666666 0.08055555555555556
7 0.46041666666666664 0.25277777777777777 0.042708333333333334 0.07037037037037037
2 0.4122395833333333 0.3537037037037037 0.043229166666666666 0.06851851851851852
0 0.6109375 0.40555555555555556 0.041666666666666664 0.07592592592592592
7 0.36354166666666665 0.43194444444444446 0.057291666666666664 0.08055555555555556
4 0.7596354166666667 0.4550925925925926 0.0359375 0.06018518518518518
4 0.3145833333333333 0.49166666666666664 0.046875 0.07777777777777778
1 0.6609375 0.5037037037037037 0.04583333333333333 0.07222222222222222
8 0.4005208333333333 0.5388888888888889 0.05416666666666667 0.09074074074074075
0 0.6080729166666666 0.5388888888888889 0.043229166666666666 0.08333333333333333
4 0.6416666666666667 0.5740740740740741 0.04479166666666667 0.07222222222222222
2 0.7171875 0.6101851851851852 0.05416666666666667 0.0962962962962963
4 0.5802083333333333 0.6574074074074074 0.042708333333333334 0.07592592592592592
4 0.6934895833333333 0.7078703703703704 0.0515625 0.08055555555555556
0 0.40260416666666665 0.7189814814814814 0.07083333333333333 0.1175925925925926