1 0.6597803347280334 0.11940298507462686 0.04445606694560669 0.07649253731343283
0 0.7003138075313807 0.22201492537313433 0.0502092050209205 0.09514925373134328
4 0.6012029288702929 0.3572761194029851 0.038179916317991634 0.08022388059701492
8 0.4646077405857741 0.36769589552238807 0.0397489539748954 0.06809701492537314
1 0.5658995815899581 0.4025186567164179 0.04079497907949791 0.06809701492537314
4 0.20188284518828453 0.43703358208955223 0.051255230125523014 0.07742537313432836
4 0.5010460251046025 0.5307835820895522 0.0596234309623431 0.09328358208955224
7 0.3077928870292887 0.5438432835820896 0.05387029288702929 0.1044776119402985
7 0.4432531380753138 0.5802238805970149 0.04445606694560669 0.07276119402985075
2 0.5805439330543933 0.5904850746268657 0.051255230125523014 0.10074626865671642
2 0.5794979079497908 0.6781716417910447 0.04497907949790795 0.06716417910447761
0 0.462081589958159 0.7014925373134329 0.05282426778242678 0.09888059701492537