0 0.35104166666666664 0.1 0.042708333333333334 0.08703703703703704
8 0.6384583333333335 0.15232407407407406 0.0546875 0.10277777777777777
2 0.2755208333333333 0.2625 0.05416666666666667 0.09351851851851851
0 0.21276562499999999 0.3800925925925926 0.0421875 0.08425925925925926
0 0.26979166666666665 0.4097222222222222 0.057291666666666664 0.09907407407407408
4 0.48854166666666665 0.04212962962962963 0.04479166666666667 0.08425925925925926
4 0.7428854166666666 0.41805555555555557 0.058333333333333334 0.09722222222222222
7 0.60390625 0.5365740740740741 0.0390625 0.06759259259259259
0 0.5078125 0.5439814814814815 0.07083333333333333 0.11203703703703703
6 0.6578125 0.6092592592592593 0.035416666666666666 0.06851851851851852
1 0.759375 0.6157407407407407 0.06145833333333333 0.0962962962962963
2 0.6104166666666667 0.6194444444444445 0.06354166666666666 0.10925925925925926
7 0.6622395833333333 0.06805555555555555 0.0453125 0.075
4 0.5236979166666667 0.08194444444444444 0.04114583333333333 0.08055555555555556