6 0.3020833333333333 0.37777777777777777 0.046875 0.07962962962962963
4 0.5182291666666666 0.45740740740740743 0.04791666666666667 0.07592592592592592
6 0.29140625 0.4634259259259259 0.043229166666666666 0.07314814814814814
2 0.5845520833333334 0.5061666666666667 0.041666666666666664 0.07222222222222222
8 0.6361979166666667 0.537962962962963 0.043229166666666666 0.07407407407407407
4 0.56484375 0.6064814814814815 0.0546875 0.08888888888888889
0 0.7130208333333333 0.6200648148148148 0.04583333333333333 0.07037037037037037
0 0.6700520833333333 0.6739259259259259 0.0421875 0.06944444444444445
0 0.5660572916666666 0.695212962962963 0.0578125 0.09351851851851851
2 0.43307291666666664 0.7435185185185185 0.07239583333333334 0.12962962962962962
4 0.7255208333333333 0.7893518518518519 0.04583333333333333 0.08055555555555556