4 0.31953125 0.10925925925925926 0.0390625 0.07407407407407407
0 0.7731770833333333 0.1259259259259259 0.04635416666666667 0.08148148148148149
8 0.8044270833333333 0.1824074074074074 0.044270833333333336 0.07962962962962963
5 0.6846354166666667 0.25 0.044270833333333336 0.08518518518518518
7 0.20442708333333334 0.27314814814814814 0.0546875 0.09074074074074075
2 0.46796875 0.27870370370370373 0.04635416666666667 0.08703703703703704
2 0.7559895833333333 0.32222222222222224 0.04114583333333333 0.06666666666666667
7 0.40703125 0.32314814814814813 0.0390625 0.06111111111111111
2 0.19453125 0.3416666666666667 0.034895833333333334 0.053703703703703705
8 0.7971354166666667 0.3453703703703704 0.050520833333333334 0.08703703703703704
4 0.6096354166666667 0.36574074074074076 0.04010416666666667 0.06851851851851852
4 0.7705729166666667 0.37592592592592594 0.030729166666666665 0.044444444444444446
6 0.45390625 0.4685185185185185 0.06197916666666667 0.1111111111111111
5 0.21953125 0.562037037037037 0.06614583333333333 0.11296296296296296
4 0.48098958333333336 0.6481481481481481 0.05572916666666667 0.1
8 0.60546875 0.6861111111111111 0.0421875 0.06481481481481481
2 0.6408854166666667 0.737037037037037 0.0421875 0.06666666666666667
7 0.43463541666666666 0.8083333333333333 0.04010416666666667 0.07592592592592592
0 0.45755208333333336 0.8657407407407407 0.0421875 0.07592592592592592