0 0.46119791666666665 0.9574074074074074 0.05260416666666667 0.08333333333333333
6 0.22421875 0.17685185185185184 0.0546875 0.0962962962962963
7 0.3619791666666667 0.3888888888888889 0.04375 0.07962962962962963
8 0.7778645833333333 0.4615740740740741 0.034895833333333334 0.062037037037037036
5 0.7388020833333333 0.4777777777777778 0.05260416666666667 0.07962962962962963
0 0.3722239583333334 0.5444444444444444 0.051041666666666666 0.09444444444444444
0 0.60546875 0.5462962962962963 0.06302083333333333 0.09814814814814815
7 0.753125 0.5615740740740741 0.051041666666666666 0.09907407407407408
0 0.5557291666666667 0.5689814814814815 0.03958333333333333 0.08055555555555556
4 0.7282135416666667 0.6185185185185185 0.0453125 0.07222222222222222
4 0.5955729166666667 0.6402777777777777 0.043229166666666666 0.075
4 0.80546875 0.6421296296296296 0.044270833333333336 0.075
8 0.3484375 0.6509259259259259 0.04583333333333333 0.07777777777777778
1 0.4588541666666667 0.06620370370370371 0.041666666666666664 0.06388888888888888
4 0.6197083333333334 0.7345648148148148 0.0421875 0.07222222222222222