0 0.5903645833333333 0.12962962962962962 0.049479166666666664 0.07777777777777778
4 0.51640625 0.31574074074074077 0.05364583333333333 0.09814814814814815
4 0.6455729166666667 0.3333333333333333 0.03697916666666667 0.07407407407407407
1 0.6888020833333334 0.3527777777777778 0.04010416666666667 0.07222222222222222
7 0.63828125 0.43703703703703706 0.043229166666666666 0.07777777777777778
0 0.23984375 0.45925925925925926 0.04010416666666667 0.09259259259259259
2 0.6091145833333333 0.4888888888888889 0.0453125 0.07037037037037037
7 0.5971354166666667 0.5398148148148149 0.04635416666666667 0.06481481481481481
0 0.6190104166666667 0.5888888888888889 0.03802083333333333 0.08148148148148149
2 0.54609375 0.5916666666666667 0.03802083333333333 0.06851851851851852
2 0.44088541666666664 0.6092592592592593 0.050520833333333334 0.08518518518518518
4 0.4622395833333333 0.6546296296296297 0.028645833333333332 0.046296296296296294
4 0.5908854166666667 0.6601851851851852 0.03177083333333333 0.07222222222222222
0 0.17734375 0.6694444444444444 0.044270833333333336 0.07222222222222222
7 0.5528645833333333 0.6824074074074075 0.034895833333333334 0.06851851851851852
4 0.7580729166666667 0.6972222222222222 0.04739583333333333 0.09444444444444444
1 0.5565104166666667 0.7462962962962963 0.03802083333333333 0.07407407407407407
4 0.47213541666666664 0.7731481481481481 0.03802083333333333 0.06851851851851852
0 0.5341145833333333 0.7898148148148149 0.0390625 0.08703703703703704
4 0.6981770833333333 0.8694444444444445 0.05260416666666667 0.10185185185185185