0 0.16484375 0.9314814814814815 0.0546875 0.09074074074074075
0 0.5763020833333333 0.9578703703703704 0.0359375 0.06944444444444445
1 0.50703125 0.9578703703703704 0.0390625 0.07685185185185185
4 0.6104166666666667 0.9712962962962963 0.042708333333333334 0.05555555555555555
2 0.6580729166666667 0.9722222222222222 0.0453125 0.053703703703703705
0 0.8 0.11574074074074074 0.04895833333333333 0.1
0 0.296875 0.1486111111111111 0.040625 0.08055555555555556
0 0.34140625 0.17175925925925925 0.059895833333333336 0.10462962962962963
1 0.43802083333333336 0.20601851851851852 0.05 0.09537037037037037
2 0.54296875 0.23472222222222222 0.0484375 0.09722222222222222
2 0.8072916666666666 0.23657407407407408 0.040625 0.06759259259259259
6 0.3697916666666667 0.24444444444444444 0.04895833333333333 0.09444444444444444
0 0.5169270833333334 0.3050925925925926 0.050520833333333334 0.09722222222222222
8 0.7971354166666667 0.3199074074074074 0.05260416666666667 0.08611111111111111
0 0.5671875 0.3212962962962963 0.0375 0.06666666666666667
1 0.33697916666666666 0.3388888888888889 0.0375 0.07592592592592592
1 0.5526041666666667 0.37175925925925923 0.0375 0.06388888888888888
1 0.23333333333333334 0.3819444444444444 0.042708333333333334 0.07314814814814814
0 0.37552083333333336 0.38842592592592595 0.04791666666666667 0.09351851851851851
6 0.8088541666666667 0.39814814814814814 0.0375 0.06851851851851852
0 0.48489583333333336 0.4013888888888889 0.04791666666666667 0.09166666666666666
6 0.7666666666666667 0.0412037037037037 0.051041666666666666 0.0824074074074074
0 0.44036458333333334 0.4152777777777778 0.0453125 0.08796296296296297
0 0.5283854166666667 0.41805555555555557 0.0359375 0.06388888888888888
0 0.19114583333333332 0.04351851851851852 0.05 0.08703703703703704
4 0.8177083333333334 0.4537037037037037 0.030208333333333334 0.053703703703703705
0 0.7802083333333333 0.4703703703703704 0.053125 0.08703703703703704
6 0.5018229166666667 0.48009259259259257 0.04739583333333333 0.08425925925925926
4 0.8065104166666667 0.04814814814814815 0.033854166666666664 0.06481481481481481
7 0.4515625 0.4861111111111111 0.03958333333333333 0.07407407407407407
5 0.5752604166666667 0.5074074074074074 0.049479166666666664 0.09074074074074075
7 0.8109375 0.5305555555555556 0.041666666666666664 0.07037037037037037
8 0.7677083333333333 0.5439814814814815 0.04479166666666667 0.075
5 0.67109375 0.5453703703703704 0.06302083333333333 0.11481481481481481
4 0.26050000000000006 0.5624907407407408 0.03697916666666667 0.0712962962962963
1 0.8057291666666667 0.600925925925926 0.04375 0.08888888888888889
7 0.43385416666666665 0.6064814814814815 0.04583333333333333 0.09259259259259259
8 0.23046875 0.6152777777777778 0.05260416666666667 0.08796296296296297
6 0.16067708333333333 0.6625 0.0359375 0.06759259259259259
2 0.8033854166666666 0.6828703703703703 0.05260416666666667 0.08981481481481482
8 0.2243072916666667 0.6953611111111111 0.03854166666666667 0.07407407407407407
4 0.28516145833333334 0.6992314814814814 0.0390625 0.07314814814814814
0 0.33046875 0.712037037037037 0.06302083333333333 0.1111111111111111
0 0.8088541666666667 0.7564814814814815 0.04375 0.06666666666666667
8 0.5145833333333333 0.7643518518518518 0.036458333333333336 0.0712962962962963
0 0.6356770833333333 0.7981574074074074 0.044270833333333336 0.06851851851851852
4 0.2734375 0.799074074074074 0.041666666666666664 0.08518518518518518
8 0.8114583333333333 0.8189814814814815 0.03854166666666667 0.06574074074074074
4 0.23671875 0.8560185185185185 0.03802083333333333 0.08055555555555556
8 0.27239583333333334 0.8717592592592592 0.03958333333333333 0.0787037037037037
7 0.58046875 0.8782407407407408 0.0484375 0.10277777777777777
4 0.80625 0.8861111111111111 0.046875 0.07407407407407407
8 0.20833333333333334 0.9046296296296297 0.051041666666666666 0.1
4 0.5481770833333334 0.9185185185185185 0.03802083333333333 0.08333333333333333
4 0.3739635416666667 0.9194444444444444 0.046875 0.1037037037037037