8 0.4140625 0.2050925925925926 0.04895833333333333 0.08981481481481482
2 0.5364583333333334 0.23148148148148148 0.04895833333333333 0.08333333333333333
2 0.36822916666666666 0.25555555555555554 0.06041666666666667 0.11851851851851852
0 0.4140625 0.2777777777777778 0.03958333333333333 0.07407407407407407
0 0.4671875 0.2833333333333333 0.05 0.10925925925925926
8 0.7958333333333333 0.033796296296296297 0.04583333333333333 0.06759259259259259
2 0.4236979166666667 0.4305555555555556 0.043229166666666666 0.08333333333333333
5 0.6380208333333334 0.55 0.05416666666666667 0.1037037037037037
0 0.5505208333333333 0.5884259259259259 0.04479166666666667 0.0787037037037037
4 0.6794270833333333 0.6421296296296296 0.04635416666666667 0.08981481481481482
7 0.6111979166666667 0.6643518518518519 0.058854166666666666 0.10648148148148148
6 0.5221354166666666 0.7375 0.0421875 0.08611111111111111
0 0.8104166666666667 0.9111111111111111 0.04583333333333333 0.08148148148148149