4 0.7481770833333333 0.15 0.0390625 0.07592592592592592
4 0.5901041666666667 0.2712962962962963 0.0375 0.07407407407407407
4 0.5614583333333333 0.3592592592592593 0.051041666666666666 0.09074074074074075
2 0.7559895833333333 0.3824074074074074 0.0421875 0.07222222222222222
0 0.2752604166666667 0.3962962962962963 0.04114583333333333 0.06851851851851852
7 0.7942708333333334 0.4152777777777778 0.0375 0.06944444444444445
2 0.38671875 0.42407407407407405 0.0484375 0.09444444444444444
1 0.43671875 0.4634259259259259 0.04114583333333333 0.08055555555555556
7 0.2950520833333333 0.4722222222222222 0.0421875 0.07407407407407407
0 0.6244791666666667 0.5185185185185185 0.03958333333333333 0.06851851851851852
4 0.2390625 0.5425925925925926 0.04479166666666667 0.07222222222222222
0 0.6729166666666667 0.6069444444444444 0.04375 0.06574074074074074
8 0.6661458333333333 0.6662037037037037 0.0375 0.06574074074074074
8 0.6372395833333333 0.6912037037037037 0.0390625 0.06018518518518518
4 0.69140625 0.7342592592592593 0.0453125 0.07407407407407407
2 0.43645833333333334 0.7379629629629629 0.042708333333333334 0.07592592592592592
8 0.33619791666666665 0.7462962962962963 0.043229166666666666 0.07222222222222222
4 0.2643229166666667 0.7550925925925925 0.0390625 0.0787037037037037