7 0.30416666666666664 0.10462962962962963 0.03958333333333333 0.07037037037037037
8 0.6453125 0.24861111111111112 0.03958333333333333 0.07685185185185185
1 0.45729166666666665 0.2550925925925926 0.03854166666666667 0.0787037037037037
2 0.6161458333333333 0.300462962962963 0.03333333333333333 0.058333333333333334
0 0.4036458333333333 0.3351851851851852 0.05520833333333333 0.1
6 0.5893229166666667 0.3907407407407407 0.03697916666666667 0.06481481481481481
4 0.6559895833333333 0.4027777777777778 0.04010416666666667 0.07037037037037037
6 0.5666666666666667 0.462037037037037 0.06354166666666666 0.10925925925925926
4 0.28020833333333334 0.04814814814814815 0.03854166666666667 0.06851851851851852
4 0.318140625 0.05185185185185185 0.03802083333333333 0.07222222222222222
2 0.5091145833333334 0.5638888888888889 0.04739583333333333 0.07222222222222222
0 0.3528645833333333 0.5745370370370371 0.06302083333333333 0.11203703703703703
6 0.7057291666666666 0.6486111111111111 0.0375 0.06944444444444445
4 0.6192708333333333 0.6643518518518519 0.04479166666666667 0.0787037037037037
1 0.51171875 0.7643518518518518 0.03802083333333333 0.075