2 0.29973958333333334 0.19444444444444445 0.04010416666666667 0.09259259259259259
0 0.25703125 0.23703703703703705 0.050520833333333334 0.08148148148148149
6 0.6747395833333333 0.31851851851851853 0.0484375 0.08888888888888889
7 0.23984375 0.32685185185185184 0.04114583333333333 0.06111111111111111
4 0.5591145833333333 0.33240740740740743 0.0359375 0.07592592592592592
0 0.78828125 0.48055555555555557 0.05260416666666667 0.10185185185185185
0 0.6591145833333333 0.487962962962963 0.03802083333333333 0.06851851851851852
7 0.6106770833333334 0.5731481481481482 0.0390625 0.06481481481481481
4 0.26848958333333334 0.625 0.04010416666666667 0.07222222222222222
0 0.3528645833333333 0.6981481481481482 0.0421875 0.07037037037037037
0 0.29401041666666666 0.7462962962962963 0.0515625 0.08888888888888889
7 0.48984375 0.899074074074074 0.04114583333333333 0.07222222222222222