2 0.5627604166666667 0.937962962962963 0.0390625 0.07222222222222222
2 0.23177083333333334 0.9652777777777778 0.058333333333333334 0.06759259259259259
0 0.3411458333333333 0.9708333333333333 0.04375 0.05648148148148148
7 0.5731770833333333 0.38796296296296295 0.04114583333333333 0.08333333333333333
2 0.53515625 0.42314814814814816 0.03802083333333333 0.07222222222222222
1 0.50546875 0.46111111111111114 0.0390625 0.08148148148148149
1 0.58984375 0.5064814814814815 0.0390625 0.07222222222222222
2 0.5205729166666667 0.5398148148148149 0.033854166666666664 0.07222222222222222
0 0.39765625 0.6287037037037037 0.05260416666666667 0.10185185185185185
7 0.22942708333333334 0.6444444444444445 0.04739583333333333 0.08888888888888889
8 0.5299479166666666 0.6935185185185185 0.04635416666666667 0.09814814814814815
0 0.6346354166666667 0.6981481481481482 0.0453125 0.07777777777777778
8 0.37421875 0.712037037037037 0.03697916666666667 0.07222222222222222
2 0.33515625 0.7148148148148148 0.03802083333333333 0.06296296296296296
0 0.6752604166666667 0.7462962962962963 0.05677083333333333 0.09259259259259259
7 0.29453125 0.8203703703703704 0.044270833333333336 0.07777777777777778
1 0.34817708333333336 0.9148148148148149 0.04114583333333333 0.07037037037037037