2 0.8122395833333333 0.9351851851851852 0.0390625 0.06296296296296296
2 0.25078125 0.937962962962963 0.05260416666666667 0.09444444444444444
0 0.3072916666666667 0.9495370370370371 0.06979166666666667 0.09907407407407408
0 0.5270833333333333 0.9587962962962963 0.046875 0.08055555555555556
4 0.6447916666666667 0.9606481481481481 0.042708333333333334 0.07685185185185185
7 0.46041666666666664 0.9643518518518519 0.04479166666666667 0.06944444444444445
2 0.7796875 0.9680555555555556 0.04375 0.062037037037037036
0 0.17682291666666666 0.1111111111111111 0.049479166666666664 0.1111111111111111
2 0.8096354166666667 0.1361111111111111 0.04010416666666667 0.07222222222222222
4 0.7736979166666667 0.14907407407407408 0.0421875 0.07592592592592592
8 0.8049479166666667 0.21851851851851853 0.050520833333333334 0.1111111111111111
0 0.4747395833333333 0.2611111111111111 0.0390625 0.07777777777777778
7 0.5184895833333333 0.27037037037037037 0.030729166666666665 0.05555555555555555
8 0.7627604166666667 0.027777777777777776 0.0390625 0.05555555555555555
0 0.40390625 0.29444444444444445 0.043229166666666666 0.08148148148148149
0 0.6158854166666666 0.31851851851851853 0.050520833333333334 0.09259259259259259
6 0.26328125 0.32685185185185184 0.05364583333333333 0.08333333333333333
6 0.5533854166666666 0.33611111111111114 0.0609375 0.10925925925925926
0 0.33567708333333335 0.387037037037037 0.0484375 0.1
8 0.19921875 0.39166666666666666 0.044270833333333336 0.08703703703703704
0 0.47994791666666664 0.39351851851851855 0.049479166666666664 0.09074074074074075
0 0.53046875 0.40925925925925927 0.03802083333333333 0.07407407407407407
6 0.41848958333333336 0.4212962962962963 0.049479166666666664 0.07962962962962963
7 0.28984375 0.44351851851851853 0.049479166666666664 0.08703703703703704
7 0.55703125 0.46111111111111114 0.05364583333333333 0.08148148148148149
7 0.48671875 0.4787037037037037 0.0515625 0.08703703703703704
1 0.38776041666666666 0.4962962962962963 0.0390625 0.07037037037037037
5 0.7127604166666667 0.05 0.07447916666666667 0.1
4 0.43463541666666666 0.5055555555555555 0.05260416666666667 0.08888888888888889
4 0.27682291666666664 0.5324074074074074 0.05364583333333333 0.08333333333333333
2 0.34765625 0.5361111111111111 0.0390625 0.07222222222222222
0 0.53984375 0.5453703703703704 0.04114583333333333 0.07222222222222222
0 0.58515625 0.5666666666666667 0.06197916666666667 0.10740740740740741
1 0.29192708333333334 0.5990740740740741 0.0421875 0.06481481481481481
6 0.8080729166666667 0.6148148148148148 0.04739583333333333 0.07037037037037037
7 0.24973958333333332 0.6370370370370371 0.04739583333333333 0.07407407407407407
2 0.55859375 0.6509259259259259 0.03802083333333333 0.07592592592592592
2 0.33151041666666664 0.6638888888888889 0.033854166666666664 0.06481481481481481
0 0.7997395833333333 0.06666666666666667 0.04739583333333333 0.08888888888888889
0 0.16380208333333332 0.6675925925925926 0.0421875 0.08703703703703704
2 0.28151041666666665 0.6935185185185185 0.03802083333333333 0.07592592592592592
4 0.81640625 0.7157407407407408 0.030729166666666665 0.053703703703703705
2 0.24661458333333333 0.7509259259259259 0.050520833333333334 0.07962962962962963
4 0.80859375 0.7694444444444445 0.049479166666666664 0.07962962962962963
8 0.4278645833333333 0.7787037037037037 0.0453125 0.08703703703703704
5 0.16067708333333333 0.7925925925925926 0.044270833333333336 0.07777777777777778
0 0.5309895833333333 0.7925925925925926 0.0390625 0.07037037037037037
2 0.21276041666666667 0.7944444444444444 0.0453125 0.07037037037037037
1 0.28463541666666664 0.8074074074074075 0.04010416666666667 0.08148148148148149
7 0.7606770833333333 0.08425925925925926 0.05364583333333333 0.07222222222222222
1 0.3184895833333333 0.8453703703703703 0.04114583333333333 0.07962962962962963
0 0.42265625 0.85 0.0390625 0.07037037037037037
7 0.8091145833333333 0.8777777777777778 0.04739583333333333 0.07407407407407407
6 0.19192708333333333 0.8824074074074074 0.0546875 0.10185185185185185
2 0.5018229166666667 0.8916666666666667 0.043229166666666666 0.07222222222222222