7 0.47109375 0.937037037037037 0.0421875 0.07407407407407407
4 0.8091145833333333 0.9481481481481482 0.03697916666666667 0.05925925925925926
4 0.6028645833333334 0.21851851851851853 0.03697916666666667 0.07777777777777778
1 0.6440104166666667 0.21944444444444444 0.044270833333333336 0.07222222222222222
0 0.7028645833333333 0.362962962962963 0.06822916666666666 0.0962962962962963
6 0.32473958333333336 0.37407407407407406 0.04739583333333333 0.08518518518518518
0 0.40651041666666665 0.42592592592592593 0.03802083333333333 0.07037037037037037
7 0.78671875 0.44814814814814813 0.050520833333333334 0.06666666666666667
4 0.25286458333333334 0.4759259259259259 0.04114583333333333 0.07037037037037037
8 0.7080729166666667 0.5203703703703704 0.03697916666666667 0.06666666666666667
8 0.32890625 0.5416666666666666 0.0515625 0.09074074074074075
0 0.7716145833333333 0.5768518518518518 0.059895833333333336 0.08703703703703704
2 0.18046875 0.6 0.0484375 0.05555555555555555
8 0.24609375 0.6148148148148148 0.04010416666666667 0.07407407407407407
7 0.3065104166666667 0.6268518518518519 0.04635416666666667 0.07592592592592592
6 0.6263020833333334 0.6435185185185185 0.06302083333333333 0.11666666666666667
4 0.79140625 0.7074074074074074 0.0515625 0.07037037037037037
2 0.7236979166666667 0.7092592592592593 0.034895833333333334 0.06666666666666667
8 0.25390625 0.7898148148148149 0.05364583333333333 0.09444444444444444
1 0.7794270833333333 0.8296296296296296 0.044270833333333336 0.07037037037037037
2 0.81328125 0.8824074074074074 0.0453125 0.08333333333333333
4 0.66171875 0.8972222222222223 0.0359375 0.07222222222222222
6 0.5361979166666667 0.912962962962963 0.0515625 0.10740740740740741