2 0.8015625 0.9680555555555556 0.04375 0.062037037037037036
0 0.82109375 0.11296296296296296 0.049479166666666664 0.09259259259259259
7 0.37890625 0.11944444444444445 0.03802083333333333 0.07592592592592592
2 0.42161458333333335 0.12777777777777777 0.03802083333333333 0.06666666666666667
2 0.19401041666666666 0.1361111111111111 0.0390625 0.07592592592592592
1 0.5528645833333333 0.13703703703703704 0.04010416666666667 0.06666666666666667
4 0.22942708333333334 0.15185185185185185 0.043229166666666666 0.07777777777777778
4 0.62890625 0.15833333333333333 0.0421875 0.07962962962962963
6 0.47265625 0.1638888888888889 0.05260416666666667 0.09074074074074075
6 0.6763020833333333 0.17037037037037037 0.0515625 0.0962962962962963
4 0.5747395833333333 0.18981481481481483 0.03802083333333333 0.07222222222222222
0 0.7424479166666667 0.2111111111111111 0.03802083333333333 0.06666666666666667
0 0.2559895833333333 0.21296296296296297 0.05677083333333333 0.08888888888888889
8 0.19713541666666667 0.21851851851851853 0.0578125 0.08518518518518518
6 0.7059895833333333 0.2564814814814815 0.049479166666666664 0.09444444444444444
6 0.30026041666666664 0.27314814814814814 0.0609375 0.11296296296296296
8 0.23515625 0.028703703703703703 0.043229166666666666 0.05740740740740741
4 0.5424479166666667 0.3111111111111111 0.0421875 0.07407407407407407
0 0.7372395833333333 0.32407407407407407 0.04739583333333333 0.08888888888888889
4 0.33880208333333334 0.3296296296296296 0.0390625 0.06666666666666667
0 0.23932291666666666 0.34074074074074073 0.0421875 0.07037037037037037
2 0.6919270833333333 0.3416666666666667 0.05364583333333333 0.08333333333333333
2 0.61640625 0.35 0.058854166666666666 0.11851851851851852
2 0.46848958333333335 0.03796296296296296 0.04010416666666667 0.07592592592592592
4 0.2565104166666667 0.3888888888888889 0.043229166666666666 0.07777777777777778
8 0.8044270833333333 0.39814814814814814 0.04739583333333333 0.07407407407407407
0 0.69609375 0.412962962962963 0.0390625 0.06666666666666667
1 0.6138020833333333 0.43333333333333335 0.0390625 0.06296296296296296
7 0.22421875 0.4398148148148148 0.05572916666666667 0.09074074074074075
7 0.50234375 0.46111111111111114 0.04114583333333333 0.06666666666666667
6 0.19088541666666667 0.4888888888888889 0.04114583333333333 0.06666666666666667
5 0.28411458333333334 0.05185185185185185 0.06197916666666667 0.1037037037037037
1 0.3768229166666667 0.5370370370370371 0.05260416666666667 0.08888888888888889
7 0.21432291666666667 0.5388888888888889 0.04635416666666667 0.07037037037037037
4 0.18307291666666667 0.5888888888888889 0.0234375 0.05555555555555555
4 0.20911458333333333 0.600925925925926 0.0328125 0.053703703703703705
4 0.48515625 0.6166666666666667 0.03802083333333333 0.07407407407407407
1 0.23098958333333333 0.6277777777777778 0.04010416666666667 0.06666666666666667
1 0.76484375 0.6388888888888888 0.0390625 0.06296296296296296
2 0.19088541666666667 0.6685185185185185 0.0390625 0.07037037037037037
7 0.7919270833333333 0.674074074074074 0.04635416666666667 0.07777777777777778
0 0.83984375 0.675 0.049479166666666664 0.09444444444444444
4 0.43723958333333335 0.06759259259259259 0.04010416666666667 0.07222222222222222
0 0.19765625 0.06851851851851852 0.050520833333333334 0.0962962962962963
8 0.3028645833333333 0.7064814814814815 0.05260416666666667 0.09814814814814815
2 0.58671875 0.712037037037037 0.03697916666666667 0.06481481481481481
2 0.18619791666666666 0.7240740740740741 0.0359375 0.05555555555555555
2 0.53984375 0.07685185185185185 0.0390625 0.06851851851851852
2 0.20442708333333334 0.7759259259259259 0.04635416666666667 0.07407407407407407
5 0.83828125 0.7861111111111111 0.044270833333333336 0.08333333333333333
2 0.6018229166666667 0.8018518518518518 0.0515625 0.1
7 0.6471354166666666 0.8564814814814815 0.0578125 0.07962962962962963
8 0.50546875 0.08611111111111111 0.034895833333333334 0.06481481481481481
2 0.8388020833333333 0.8731481481481481 0.0453125 0.08703703703703704
7 0.23567708333333334 0.09166666666666666 0.0453125 0.06481481481481481