4 0.6953125 0.9430555555555555 0.040625 0.06759259259259259
4 0.5209166666666666 0.15169444444444447 0.0421875 0.075
5 0.58515625 0.21034259259259255 0.06197916666666667 0.10648148148148148
0 0.4747395833333333 0.22685185185185186 0.04635416666666667 0.08888888888888889
0 0.6432291666666666 0.22962962962962963 0.040625 0.07407407407407407
8 0.5450520833333333 0.2537037037037037 0.03802083333333333 0.07222222222222222
0 0.31276041666666665 0.2550925925925926 0.03697916666666667 0.06574074074074074
2 0.5088541666666667 0.2611111111111111 0.035416666666666666 0.06481481481481481
4 0.39817708333333335 0.2638888888888889 0.04010416666666667 0.06111111111111111
4 0.43333333333333335 0.2662037037037037 0.03333333333333333 0.06388888888888888
6 0.6822916666666666 0.28888888888888886 0.04479166666666667 0.07222222222222222
8 0.5973072916666666 0.2908981481481482 0.04635416666666667 0.06944444444444445
2 0.2747395833333333 0.3087962962962963 0.0453125 0.08611111111111111
5 0.3541666666666667 0.3111111111111111 0.04791666666666667 0.09074074074074075
4 0.5033854166666667 0.3189814814814815 0.03802083333333333 0.06944444444444445
2 0.3151041666666667 0.3194444444444444 0.03958333333333333 0.06851851851851852
7 0.5515625 0.32222222222222224 0.04375 0.08333333333333333
7 0.39505208333333336 0.3296296296296296 0.03697916666666667 0.07222222222222222
6 0.7263020833333333 0.3333333333333333 0.0484375 0.08888888888888889
2 0.6473958333333333 0.33425925925925926 0.05 0.09074074074074075
8 0.4322916666666667 0.34444444444444444 0.05 0.09259259259259259
4 0.5997395833333333 0.3523148148148148 0.0359375 0.06944444444444445
0 0.5138020833333333 0.3662037037037037 0.03802083333333333 0.06018518518518518
4 0.25026041666666665 0.37962962962962965 0.05260416666666667 0.10185185185185185
4 0.5668385416666666 0.39058333333333334 0.03958333333333333 0.06759259259259259
0 0.46848958333333335 0.3912037037037037 0.0484375 0.08425925925925926
2 0.715625 0.3939814814814815 0.040625 0.06574074074074074
8 0.35182291666666665 0.39444444444444443 0.04010416666666667 0.06296296296296296
0 0.6239583333333333 0.39444444444444443 0.03958333333333333 0.06296296296296296
6 0.1625 0.39537037037037037 0.028125 0.06481481481481481
0 0.5364583333333334 0.4111111111111111 0.034375 0.06296296296296296
4 0.37300000000000005 0.4271574074074074 0.04010416666666667 0.07962962962962963
0 0.5010416666666667 0.4337962962962963 0.0375 0.06574074074074074
7 0.4002604166666667 0.44212962962962965 0.04114583333333333 0.08425925925925926
4 0.66640625 0.44351851851851853 0.0421875 0.07592592592592592
0 0.7955729166666666 0.449537037037037 0.058854166666666666 0.10648148148148148
8 0.34765625 0.4703703703703704 0.04010416666666667 0.07037037037037037
7 0.18203125 0.4736111111111111 0.0359375 0.06759259259259259
7 0.6174479166666667 0.049074074074074076 0.05364583333333333 0.09074074074074075
0 0.7455729166666667 0.49074074074074076 0.05364583333333333 0.08888888888888889
0 0.66328125 0.5212962962962963 0.03697916666666667 0.07037037037037037
7 0.33515625 0.5222222222222223 0.04114583333333333 0.07222222222222222
2 0.5341145833333333 0.5486111111111112 0.03697916666666667 0.06574074074074074
6 0.6330729166666667 0.55 0.0421875 0.06296296296296296
1 0.5799479166666667 0.5527777777777778 0.03697916666666667 0.06851851851851852
0 0.36692708333333335 0.562962962962963 0.04635416666666667 0.08333333333333333
2 0.7578125 0.5643518518518519 0.05520833333333333 0.0824074074074074
7 0.26875 0.5791666666666667 0.04375 0.08425925925925926
2 0.4473958333333333 0.5990740740740741 0.035416666666666666 0.06481481481481481
2 0.5190104166666667 0.6078703703703704 0.043229166666666666 0.06759259259259259
4 0.5993958333333335 0.6089537037037037 0.03802083333333333 0.07037037037037037
8 0.16675000000000004 0.6223796296296296 0.04114583333333333 0.075
0 0.3453125 0.637962962962963 0.04895833333333333 0.08148148148148149
6 0.4166666666666667 0.6416666666666667 0.05 0.08888888888888889
0 0.6434895833333333 0.6425925925925926 0.05260416666666667 0.09074074074074075
4 0.8075520833333333 0.6453703703703704 0.0421875 0.07222222222222222
6 0.7381041666666667 0.6529351851851851 0.05260416666666667 0.09537037037037037
1 0.48880208333333336 0.6537037037037037 0.03697916666666667 0.06296296296296296
7 0.54140625 0.6601851851851852 0.030729166666666665 0.05555555555555555
1 0.5645833333333333 0.6884259259259259 0.03854166666666667 0.06759259259259259
1 0.8078125 0.7092592592592593 0.04375 0.07037037037037037
4 0.4430572916666667 0.7125 0.03854166666666667 0.06944444444444445
0 0.60859375 0.7145092592592592 0.05677083333333333 0.10740740740740741
5 0.20807291666666666 0.7314814814814815 0.04010416666666667 0.07962962962962963
2 0.39296875 0.7381203703703704 0.034895833333333334 0.06944444444444445
7 0.6643229166666667 0.7458333333333333 0.03697916666666667 0.0787037037037037
1 0.5395833333333333 0.7555555555555555 0.05 0.0962962962962963
2 0.8130208333333333 0.7726851851851851 0.04375 0.06759259259259259
2 0.45859375 0.7736111111111111 0.03697916666666667 0.06574074074074074
6 0.17213541666666668 0.7787037037037037 0.059895833333333336 0.10740740740740741
2 0.21770833333333334 0.7925925925925926 0.0375 0.07222222222222222
4 0.82109375 0.8199074074074074 0.030729166666666665 0.04722222222222222
8 0.7903645833333334 0.8231481481481482 0.0421875 0.07222222222222222
2 0.7143229166666667 0.8240740740740741 0.0640625 0.10740740740740741
2 0.5059895833333333 0.8333333333333334 0.0515625 0.09259259259259259
8 0.5994791666666667 0.8351851851851851 0.04895833333333333 0.09259259259259259
4 0.46041666666666664 0.8453703703703703 0.03854166666666667 0.07037037037037037
2 0.8166666666666667 0.861574074074074 0.03958333333333333 0.05648148148148148
6 0.6458333333333334 0.8703703703703703 0.05625 0.10185185185185185
2 0.7719583333333334 0.8717592592592592 0.03697916666666667 0.058333333333333334
8 0.8104166666666667 0.9222222222222223 0.03854166666666667 0.06296296296296296