4 0.7377604166666667 0.9259259259259259 0.0453125 0.08148148148148149
6 0.18984375 0.9629629629629629 0.0453125 0.07037037037037037
7 0.32838541666666665 0.10185185185185185 0.05364583333333333 0.09259259259259259
4 0.24505208333333334 0.11296296296296296 0.043229166666666666 0.07037037037037037
2 0.28515625 0.12314814814814815 0.050520833333333334 0.08703703703703704
0 0.44140625 0.13796296296296295 0.03802083333333333 0.06481481481481481
0 0.5361979166666667 0.14629629629629629 0.0359375 0.07407407407407407
8 0.39609375 0.17592592592592593 0.05364583333333333 0.08888888888888889
8 0.19192708333333333 0.1824074074074074 0.03697916666666667 0.06481481481481481
4 0.30546875 0.18611111111111112 0.03697916666666667 0.07222222222222222
0 0.3419270833333333 0.20092592592592592 0.0390625 0.07222222222222222
1 0.8278645833333333 0.262037037037037 0.04635416666666667 0.08333333333333333
6 0.4674479166666667 0.027777777777777776 0.0453125 0.05185185185185185
4 0.40963541666666664 0.28703703703703703 0.049479166666666664 0.09259259259259259
2 0.19713541666666667 0.30277777777777776 0.043229166666666666 0.07592592592592592
4 0.32421875 0.36203703703703705 0.043229166666666666 0.06851851851851852
7 0.25390625 0.362962962962963 0.04010416666666667 0.07037037037037037
6 0.8236979166666667 0.37962962962962965 0.03802083333333333 0.05555555555555555
0 0.36015625 0.3851851851851852 0.0484375 0.08148148148148149
4 0.5309895833333333 0.3925925925925926 0.04010416666666667 0.07777777777777778
7 0.2877604166666667 0.4 0.05364583333333333 0.08518518518518518
0 0.6502604166666667 0.4046296296296296 0.04739583333333333 0.08703703703703704
7 0.22473958333333333 0.412962962962963 0.0421875 0.07037037037037037
4 0.19192708333333333 0.41574074074074074 0.03697916666666667 0.06111111111111111
0 0.3966145833333333 0.43425925925925923 0.049479166666666664 0.08703703703703704
2 0.3455729166666667 0.45185185185185184 0.0421875 0.07037037037037037
4 0.20755208333333333 0.4564814814814815 0.0328125 0.046296296296296294
0 0.29688020833333334 0.04722222222222222 0.040625 0.06481481481481481
5 0.29713541666666665 0.475 0.043229166666666666 0.06481481481481481
2 0.21015625 0.5037037037037037 0.04010416666666667 0.07037037037037037
1 0.40963541666666664 0.5148148148148148 0.05572916666666667 0.08518518518518518
6 0.25078125 0.5203703703703704 0.050520833333333334 0.08888888888888889
7 0.36953125 0.5268518518518519 0.0421875 0.07222222222222222
4 0.2638020833333333 0.05277777777777778 0.03697916666666667 0.06481481481481481
2 0.29348958333333336 0.5370370370370371 0.0359375 0.06296296296296296
8 0.6518229166666667 0.5407407407407407 0.04010416666666667 0.07777777777777778
8 0.27630208333333334 0.5731481481481482 0.0390625 0.07222222222222222
4 0.42578125 0.05740740740740741 0.05260416666666667 0.08518518518518518
0 0.5893229166666667 0.5768518518518518 0.0359375 0.07592592592592592
2 0.19921875 0.5898148148148148 0.043229166666666666 0.07222222222222222
1 0.24088541666666666 0.5981481481481481 0.04114583333333333 0.07037037037037037
1 0.8299479166666667 0.6055555555555555 0.04010416666666667 0.08148148148148149
0 0.6846354166666667 0.6259259259259259 0.04739583333333333 0.09259259259259259
7 0.28515625 0.6259259259259259 0.04010416666666667 0.07407407407407407
0 0.5700520833333333 0.6287037037037037 0.0390625 0.06481481481481481
7 0.6346354166666667 0.6509259259259259 0.0390625 0.06851851851851852
5 0.23515625 0.6648148148148149 0.0484375 0.07407407407407407
6 0.30859375 0.6703703703703704 0.0390625 0.06666666666666667
2 0.44609375 0.6712962962962963 0.049479166666666664 0.08703703703703704
0 0.19453125 0.6805555555555556 0.050520833333333334 0.08703703703703704
8 0.5997395833333333 0.6861111111111111 0.05260416666666667 0.09444444444444444
2 0.36015625 0.7064814814814815 0.0671875 0.11296296296296296
6 0.75078125 0.712037037037037 0.0484375 0.09814814814814815
8 0.69140625 0.7148148148148148 0.04010416666666667 0.07407407407407407
7 0.18098958333333334 0.7453703703703703 0.027604166666666666 0.05
0 0.30078125 0.7490740740740741 0.04010416666666667 0.06851851851851852
6 0.21171875 0.7685185185185185 0.04114583333333333 0.07407407407407407
4 0.77734375 0.7861111111111111 0.04114583333333333 0.07592592592592592
6 0.48046875 0.8083333333333333 0.034895833333333334 0.07592592592592592
4 0.6138020833333333 0.8157407407407408 0.0390625 0.06851851851851852
4 0.5205729166666667 0.8157407407407408 0.03802083333333333 0.07962962962962963
8 0.71171875 0.8333333333333334 0.0578125 0.09259259259259259
0 0.18776041666666668 0.8481481481481481 0.04114583333333333 0.06296296296296296
0 0.37734375 0.08703703703703704 0.059895833333333336 0.1111111111111111
7 0.47109375 0.8796296296296297 0.0328125 0.07037037037037037
4 0.5950520833333334 0.8953703703703704 0.0453125 0.07962962962962963