2 0.39505208333333336 0.9259259259259259 0.03802083333333333 0.07037037037037037
0 0.7231770833333333 0.9268518518518518 0.04010416666666667 0.06851851851851852
0 0.20130208333333333 0.9277777777777778 0.0484375 0.09259259259259259
0 0.6841145833333333 0.9314814814814815 0.04635416666666667 0.06296296296296296
4 0.45026041666666666 0.9333333333333333 0.04010416666666667 0.06666666666666667
4 0.16119791666666666 0.937962962962963 0.030729166666666665 0.053703703703703705
8 0.7846354166666667 0.9388888888888889 0.04010416666666667 0.07037037037037037
8 0.5486979166666667 0.9481481481481482 0.0453125 0.07777777777777778
4 0.3736979166666667 0.9574074074074074 0.030729166666666665 0.05925925925925926
4 0.75546875 0.9648148148148148 0.044270833333333336 0.06296296296296296
2 0.8130208333333333 0.9662037037037037 0.041666666666666664 0.06574074074074074
1 0.22421875 0.14444444444444443 0.044270833333333336 0.07407407407407407
5 0.76953125 0.15185185185185185 0.0515625 0.08888888888888889
4 0.44817708333333334 0.20092592592592592 0.0359375 0.06481481481481481
0 0.32526041666666666 0.21574074074074073 0.06510416666666667 0.11296296296296296
5 0.7481770833333333 0.25833333333333336 0.04010416666666667 0.07962962962962963
4 0.47682291666666665 0.262037037037037 0.0328125 0.06481481481481481
6 0.5513020833333333 0.262037037037037 0.04635416666666667 0.08703703703703704
1 0.23151041666666666 0.29259259259259257 0.03802083333333333 0.06666666666666667
5 0.58515625 0.29259259259259257 0.0453125 0.07037037037037037
7 0.79921875 0.2953703703703704 0.05260416666666667 0.09074074074074075
7 0.17526041666666667 0.2962962962962963 0.05260416666666667 0.08888888888888889
8 0.44453125 0.29907407407407405 0.0515625 0.08703703703703704
6 0.26015625 0.31666666666666665 0.030729166666666665 0.05925925925925926
6 0.5143229166666666 0.33240740740740743 0.0578125 0.10925925925925926
5 0.40286458333333336 0.3453703703703704 0.0515625 0.08703703703703704
1 0.47109375 0.35648148148148145 0.0359375 0.06851851851851852
4 0.5565104166666667 0.362962962962963 0.0359375 0.06666666666666667
4 0.17786458333333333 0.375 0.03697916666666667 0.07222222222222222
2 0.80546875 0.38981481481481484 0.0421875 0.06481481481481481
8 0.21536458333333333 0.3962962962962963 0.04114583333333333 0.06666666666666667
8 0.58203125 0.4148148148148148 0.0390625 0.06666666666666667
2 0.6372395833333333 0.41944444444444445 0.04114583333333333 0.06111111111111111
4 0.42682291666666666 0.4203703703703704 0.0390625 0.07037037037037037
0 0.67734375 0.4351851851851852 0.0484375 0.0962962962962963
4 0.61015625 0.45185185185185184 0.03697916666666667 0.05925925925925926
0 0.26901041666666664 0.45925925925925926 0.04635416666666667 0.09259259259259259
2 0.3455729166666667 0.46296296296296297 0.03697916666666667 0.07407407407407407
1 0.5544270833333333 0.47129629629629627 0.0359375 0.06851851851851852
2 0.65546875 0.4925925925925926 0.033854166666666664 0.05925925925925926
7 0.72578125 0.5009259259259259 0.04114583333333333 0.08703703703703704
6 0.16901041666666666 0.5046296296296297 0.03802083333333333 0.07592592592592592
6 0.5856770833333333 0.512962962962963 0.0484375 0.08518518518518518
0 0.6247395833333333 0.5166666666666667 0.034895833333333334 0.06296296296296296
7 0.6856770833333333 0.5212962962962963 0.04114583333333333 0.06481481481481481
8 0.42421875 0.5638888888888889 0.0359375 0.06111111111111111
4 0.17994791666666668 0.5731481481481482 0.04114583333333333 0.08703703703703704
2 0.22109375 0.5740740740740741 0.050520833333333334 0.0962962962962963
0 0.6510416666666666 0.575 0.05 0.08333333333333333
4 0.4778645833333333 0.5851851851851851 0.0390625 0.07037037037037037
2 0.5169270833333334 0.587037037037037 0.0421875 0.06666666666666667
2 0.35546875 0.5907407407407408 0.04010416666666667 0.06666666666666667
8 0.39088541666666665 0.6064814814814815 0.04114583333333333 0.06851851851851852
7 0.81015625 0.6101851851851852 0.0390625 0.07222222222222222
1 0.6903645833333333 0.6185185185185185 0.043229166666666666 0.06666666666666667
4 0.4236979166666667 0.6259259259259259 0.03697916666666667 0.06296296296296296
6 0.7315104166666667 0.6472222222222223 0.06302083333333333 0.10555555555555556
6 0.59921875 0.6574074074074074 0.050520833333333334 0.08888888888888889
0 0.64921875 0.6611111111111111 0.050520833333333334 0.07777777777777778
4 0.18307291666666667 0.6675925925925926 0.0578125 0.10555555555555556
7 0.52421875 0.6833333333333333 0.0484375 0.08888888888888889
2 0.42161458333333335 0.6925925925925925 0.0453125 0.08888888888888889
2 0.7065104166666667 0.7148148148148148 0.03802083333333333 0.06666666666666667
7 0.6731770833333334 0.7277777777777777 0.04010416666666667 0.1
2 0.75546875 0.7425925925925926 0.06927083333333334 0.1037037037037037
8 0.5971354166666667 0.7444444444444445 0.0546875 0.08888888888888889
2 0.36432291666666666 0.7481481481481481 0.049479166666666664 0.08888888888888889
4 0.19348958333333333 0.7564814814814815 0.0390625 0.08333333333333333
4 0.8075520833333333 0.7703703703703704 0.05260416666666667 0.09259259259259259
0 0.42265625 0.7731481481481481 0.05364583333333333 0.08703703703703704
7 0.4669270833333333 0.7805555555555556 0.033854166666666664 0.06851851851851852
0 0.24713541666666666 0.7935185185185185 0.04010416666666667 0.06851851851851852
4 0.5861979166666667 0.812962962962963 0.03697916666666667 0.07037037037037037
7 0.51953125 0.825925925925926 0.034895833333333334 0.07037037037037037
0 0.73515625 0.8351851851851851 0.0515625 0.08888888888888889
8 0.35963541666666665 0.8481481481481481 0.05260416666666667 0.1
8 0.2752604166666667 0.8574074074074074 0.058854166666666666 0.1
0 0.7986979166666667 0.8648148148148148 0.06197916666666667 0.10740740740740741
4 0.7018229166666666 0.8722222222222222 0.0390625 0.06666666666666667
4 0.6549479166666666 0.8731481481481481 0.05572916666666667 0.09814814814814815
0 0.5971354166666667 0.875 0.044270833333333336 0.07592592592592592
4 0.46328125 0.8768518518518519 0.0453125 0.06851851851851852
2 0.16901041666666666 0.887962962962963 0.0421875 0.07222222222222222
2 0.5174479166666667 0.8888888888888888 0.03697916666666667 0.07407407407407407
7 0.23880208333333333 0.8925925925925926 0.03802083333333333 0.06666666666666667