8 0.56875 0.9291666666666667 0.0375 0.06574074074074074
0 0.5986979166666667 0.16435185185185186 0.04010416666666667 0.075
7 0.79453125 0.21296296296296297 0.04635416666666667 0.07037037037037037
0 0.5119791666666667 0.2657407407407407 0.040625 0.06296296296296296
0 0.6277760416666667 0.3199074074074074 0.04479166666666667 0.0787037037037037
7 0.75390625 0.32685185185185184 0.04010416666666667 0.07407407407407407
7 0.79921875 0.3375 0.03697916666666667 0.06759259259259259
7 0.5184895833333333 0.3388888888888889 0.0484375 0.08888888888888889
6 0.6890625 0.3611111111111111 0.06354166666666666 0.10740740740740741
4 0.5924479166666666 0.3638888888888889 0.034895833333333334 0.06111111111111111
0 0.325 0.37962962962962965 0.05 0.07962962962962963
2 0.46197916666666666 0.3800925925925926 0.03958333333333333 0.06944444444444445
6 0.42135416666666664 0.40046296296296297 0.059375 0.10277777777777777
6 0.6354166666666666 0.4097222222222222 0.058333333333333334 0.10277777777777777
0 0.36328125 0.4439814814814815 0.058854166666666666 0.10462962962962963
4 0.5841145833333333 0.46620370370370373 0.04114583333333333 0.06759259259259259
4 0.61953125 0.4861111111111111 0.03697916666666667 0.07037037037037037
4 0.6580729166666667 0.49675925925925923 0.049479166666666664 0.08611111111111111
0 0.7473958333333334 0.5092592592592593 0.06354166666666666 0.11666666666666667
2 0.5666666666666667 0.525 0.04375 0.06851851851851852
2 0.34791666666666665 0.5333333333333333 0.05416666666666667 0.08148148148148149
4 0.6990468750000001 0.5398148148148149 0.0453125 0.07962962962962963
4 0.8388020833333333 0.55 0.0296875 0.053703703703703705
4 0.6236979166666666 0.5540092592592593 0.034895833333333334 0.06111111111111111
7 0.6649322916666667 0.5652777777777778 0.034375 0.06574074074074074
4 0.773875 0.5675925925925925 0.03697916666666667 0.06481481481481481
8 0.5458333333333333 0.5796296296296296 0.042708333333333334 0.07037037037037037
4 0.5931458333333333 0.6041666666666666 0.0359375 0.06574074074074074
7 0.7333333333333333 0.6050925925925926 0.04791666666666667 0.08425925925925926
0 0.5078125 0.6101851851851852 0.04583333333333333 0.08703703703703704
2 0.3359375 0.6106481481481482 0.03958333333333333 0.06759259259259259
7 0.64609375 0.6268518518518519 0.0484375 0.07962962962962963
8 0.45755208333333336 0.6324074074074074 0.0359375 0.06481481481481481
4 0.7690104166666667 0.6375 0.04114583333333333 0.06759259259259259
2 0.29322916666666665 0.6439814814814815 0.03854166666666667 0.06574074074074074
5 0.5481770833333334 0.6550925925925926 0.050520833333333334 0.08425925925925926
0 0.69609375 0.663425925925926 0.0578125 0.11018518518518519
4 0.8002604166666667 0.6875 0.04114583333333333 0.06574074074074074
4 0.61796875 0.6884259259259259 0.0265625 0.058333333333333334
8 0.3888020833333333 0.700925925925926 0.0421875 0.08148148148148149
4 0.6479166666666667 0.7041666666666667 0.034375 0.06574074074074074
4 0.5796875 0.7175925925925926 0.03333333333333333 0.06481481481481481
8 0.4552083333333333 0.7291666666666666 0.05520833333333333 0.09166666666666666
7 0.6669270833333333 0.7694444444444445 0.050520833333333334 0.09074074074074075
4 0.6119791666666666 0.7708333333333334 0.0375 0.041666666666666664
2 0.27005208333333336 0.7847222222222222 0.0640625 0.11203703703703703
8 0.5497395833333333 0.7976851851851852 0.04010416666666667 0.06759259259259259
0 0.21614583333333334 0.8416666666666667 0.05520833333333333 0.09074074074074075
0 0.30572916666666666 0.8976851851851851 0.05 0.08796296296296297
2 0.3541666666666667 0.9175925925925926 0.04583333333333333 0.07222222222222222