2 0.43671875 0.9268518518518518 0.05260416666666667 0.09814814814814815
5 0.5502604166666667 0.9314814814814815 0.04010416666666667 0.07777777777777778
7 0.3776041666666667 0.9597222222222223 0.04791666666666667 0.0787037037037037
8 0.34140625 0.2 0.059895833333333336 0.1
7 0.50078125 0.2 0.043229166666666666 0.07407407407407407
0 0.42734375 0.3648148148148148 0.0546875 0.0962962962962963
1 0.376828125 0.3675925925925926 0.04114583333333333 0.07592592592592592
6 0.29765625 0.3685185185185185 0.0453125 0.08518518518518518
0 0.24401041666666667 0.4074074074074074 0.0671875 0.12222222222222222
2 0.5903645833333333 0.4166666666666667 0.05364583333333333 0.1037037037037037
7 0.30494791666666665 0.4425925925925926 0.0453125 0.06666666666666667
4 0.5424479166666667 0.46944444444444444 0.04739583333333333 0.08703703703703704
0 0.4549479166666667 0.49166666666666664 0.0390625 0.07222222222222222
2 0.39921875 0.5018518518518519 0.0671875 0.11851851851851852
4 0.31640625 0.5138888888888888 0.0453125 0.08333333333333333
1 0.5096354166666667 0.5203703703703704 0.04010416666666667 0.07037037037037037
4 0.5575520833333333 0.5361111111111111 0.05677083333333333 0.09074074074074075
2 0.6018229166666667 0.5657407407407408 0.034895833333333334 0.07962962962962963
2 0.64609375 0.5898148148148148 0.044270833333333336 0.06481481481481481
1 0.32526041666666666 0.6 0.044270833333333336 0.08518518518518518
4 0.22265625 0.6074074074074074 0.049479166666666664 0.07407407407407407
0 0.60703125 0.6342592592592593 0.049479166666666664 0.09074074074074075
2 0.17942708333333332 0.6425925925925926 0.0546875 0.0962962962962963
4 0.4153645833333333 0.65 0.0515625 0.1
7 0.24817708333333333 0.687037037037037 0.0609375 0.1
8 0.20338541666666668 0.7546296296296297 0.0359375 0.07222222222222222
4 0.23932291666666666 0.7675925925925926 0.043229166666666666 0.07222222222222222
4 0.2518229166666667 0.8166666666666667 0.0390625 0.07777777777777778
8 0.61328125 0.8240740740740741 0.049479166666666664 0.0962962962962963
2 0.22421875 0.8296296296296296 0.03177083333333333 0.05555555555555555
6 0.5518229166666667 0.8388888888888889 0.0515625 0.1037037037037037
0 0.32734375 0.8518518518518519 0.03802083333333333 0.07407407407407407
8 0.25703125 0.8787037037037037 0.0390625 0.07222222222222222
2 0.22265625 0.8898148148148148 0.0328125 0.06481481481481481
0 0.17734375 0.9120370370370371 0.06302083333333333 0.12407407407407407
0 0.33671875 0.925 0.050520833333333334 0.09444444444444444