7 0.6544270833333333 0.3287037037037037 0.0546875 0.09444444444444444
6 0.40286458333333336 0.3611111111111111 0.05364583333333333 0.0962962962962963
8 0.5346354166666667 0.3990740740740741 0.04635416666666667 0.06851851851851852
4 0.5653645833333333 0.4351851851851852 0.0390625 0.06296296296296296
6 0.61328125 0.4583333333333333 0.04114583333333333 0.06481481481481481
0 0.6184895833333334 0.5601851851851852 0.03697916666666667 0.07222222222222222
7 0.44244791666666666 0.5953703703703703 0.04114583333333333 0.06851851851851852
1 0.37109375 0.6129629629629629 0.04010416666666667 0.08148148148148149
2 0.6856770833333333 0.6351851851851852 0.03802083333333333 0.05555555555555555
2 0.5377604166666666 0.675 0.044270833333333336 0.07222222222222222
7 0.3888020833333333 0.7444444444444445 0.044270833333333336 0.08518518518518518