2 0.57890625 0.16342592592592592 0.03802083333333333 0.07314814814814814
7 0.6270833333333333 0.19398148148148148 0.040625 0.06759259259259259
5 0.28359375 0.2569444444444444 0.06614583333333333 0.10277777777777777
1 0.6419270833333334 0.26805555555555555 0.03802083333333333 0.06759259259259259
1 0.44166666666666665 0.2828703703703704 0.04479166666666667 0.06944444444444445
7 0.3184895833333333 0.324537037037037 0.04114583333333333 0.06944444444444445
0 0.5302083333333333 0.3425925925925926 0.05 0.08888888888888889
0 0.28515625 0.362962962962963 0.04010416666666667 0.06296296296296296
7 0.7833333333333333 0.43425925925925923 0.040625 0.06296296296296296
4 0.3319427083333333 0.46928703703703695 0.05416666666666667 0.08611111111111111
0 0.7825520833333334 0.5166666666666667 0.05364583333333333 0.09259259259259259
6 0.50703125 0.5416666666666666 0.04739583333333333 0.08888888888888889
0 0.32734375 0.549074074074074 0.04114583333333333 0.07037037037037037
2 0.4666666666666667 0.5509259259259259 0.034375 0.06481481481481481
7 0.7505208333333333 0.5625 0.04375 0.06944444444444445
6 0.43307291666666664 0.600925925925926 0.04635416666666667 0.08148148148148149
6 0.81328125 0.6060185185185185 0.04114583333333333 0.058333333333333334
0 0.5296875 0.6083333333333333 0.03854166666666667 0.07222222222222222
0 0.48020833333333335 0.6162037037037037 0.040625 0.06944444444444445
5 0.23359375 0.7101851851851851 0.0421875 0.08148148148148149
7 0.5229166666666667 0.75 0.04583333333333333 0.09259259259259259
0 0.42109375 0.08518518518518518 0.04114583333333333 0.07407407407407407
2 0.5489583333333333 0.9166666666666666 0.035416666666666666 0.06481481481481481