2 0.35 0.09490740740740741 0.034375 0.062037037037037036
0 0.7791666666666667 0.13194444444444445 0.042708333333333334 0.06944444444444445
4 0.396875 0.14953703703703702 0.042708333333333334 0.0787037037037037
8 0.8044270833333333 0.1726851851851852 0.0421875 0.06944444444444445
5 0.6815104166666667 0.2074074074074074 0.050520833333333334 0.07962962962962963
7 0.33828125 0.2324074074074074 0.049479166666666664 0.0962962962962963
2 0.384375 0.2569444444444444 0.05520833333333333 0.09351851851851851
5 0.275 0.25925925925925924 0.06354166666666666 0.10185185185185185
2 0.7557291666666667 0.3189814814814815 0.03958333333333333 0.07314814814814814
8 0.7994791666666666 0.3384259259259259 0.052083333333333336 0.08611111111111111
6 0.26328125 0.36342592592592593 0.06614583333333333 0.10648148148148148
4 0.7752604166666667 0.375 0.033854166666666664 0.04814814814814815
4 0.3138020833333333 0.4412037037037037 0.0546875 0.11018518518518519
4 0.7489583333333333 0.5555555555555556 0.04895833333333333 0.08703703703703704
0 0.6924479166666667 0.6583333333333333 0.049479166666666664 0.08518518518518518
8 0.3658854166666667 0.6861111111111111 0.04635416666666667 0.08148148148148149
7 0.46328125 0.7037037037037037 0.04114583333333333 0.07222222222222222
2 0.7473958333333334 0.7712962962962963 0.04791666666666667 0.0962962962962963
7 0.5030364583333333 0.8666666666666667 0.03802083333333333 0.07222222222222222