8 0.6276041666666666 0.19907407407407407 0.0375 0.06481481481481481
6 0.5752604166666667 0.24166666666666667 0.0609375 0.10925925925925926
8 0.2786458333333333 0.2773148148148148 0.04479166666666667 0.07685185185185185
4 0.3533854166666667 0.3490740740740741 0.04114583333333333 0.07222222222222222
8 0.5661458333333333 0.3527777777777778 0.05416666666666667 0.09444444444444444
2 0.3651041666666667 0.47638888888888886 0.06666666666666667 0.11388888888888889
4 0.5708333333333333 0.5212962962962963 0.05416666666666667 0.09259259259259259
8 0.63125 0.5675925925925925 0.03958333333333333 0.07037037037037037
1 0.35182291666666665 0.6055555555555555 0.043229166666666666 0.06851851851851852
8 0.7094635416666667 0.7030833333333334 0.04114583333333333 0.07222222222222222
0 0.253125 0.7175925925925926 0.04375 0.07407407407407407
0 0.25234375 0.7865740740740741 0.04739583333333333 0.07685185185185185