4 0.3809895833333333 0.21388888888888888 0.0640625 0.08333333333333333
2 0.22838541666666667 0.2657407407407407 0.04114583333333333 0.06851851851851852
2 0.5049479166666667 0.30277777777777776 0.0421875 0.08703703703703704
8 0.44453125 0.6444444444444445 0.0421875 0.07037037037037037
0 0.4940104166666667 0.6546296296296297 0.0390625 0.07962962962962963
0 0.6950520833333333 0.6935185185185185 0.059895833333333336 0.10555555555555556
7 0.44453125 0.7092592592592593 0.04010416666666667 0.08518518518518518
0 0.3346354166666667 0.7379629629629629 0.059895833333333336 0.11666666666666667
8 0.46484375 0.7583333333333333 0.04635416666666667 0.07592592592592592
8 0.43463541666666666 0.07685185185185185 0.06822916666666666 0.10925925925925926
2 0.6513020833333333 0.8472222222222222 0.05572916666666667 0.09814814814814815