4 0.8393229166666667 0.9393518518518519 0.03177083333333333 0.05462962962962963
0 0.21041666666666667 0.9393518518518519 0.040625 0.06944444444444445
8 0.27838541666666666 0.9527777777777777 0.05364583333333333 0.08148148148148149
2 0.55703125 0.9592592592592593 0.05260416666666667 0.07962962962962963
2 0.1859375 0.9722222222222222 0.04583333333333333 0.053703703703703705
8 0.8223958333333333 0.9740740740740741 0.0375 0.05
4 0.23489583333333333 0.9740740740740741 0.04375 0.05
6 0.8317708333333333 0.13194444444444445 0.03333333333333333 0.06944444444444445
5 0.23046875 0.15416666666666667 0.0515625 0.09166666666666666
4 0.3536458333333333 0.18981481481481483 0.04583333333333333 0.07037037037037037
0 0.4075520833333333 0.23981481481481481 0.059895833333333336 0.11851851851851852
5 0.25234375 0.2574074074074074 0.0453125 0.08333333333333333
4 0.36258854166666665 0.2626574074074074 0.03802083333333333 0.07037037037037037
1 0.7872395833333333 0.26435185185185184 0.03802083333333333 0.06759259259259259
7 0.20052083333333334 0.2935185185185185 0.05625 0.1037037037037037
7 0.8236979166666667 0.300462962962963 0.0546875 0.08796296296296297
1 0.44583333333333336 0.3236111111111111 0.036458333333333336 0.06388888888888888
8 0.40546875 0.3421296296296296 0.049479166666666664 0.0824074074074074
4 0.9244010416666666 0.35628703703703707 0.0453125 0.08611111111111111
4 0.8197916666666667 0.37083333333333335 0.040625 0.06574074074074074
2 0.1921875 0.38935185185185184 0.04375 0.07314814814814814
5 0.3723958333333333 0.3921296296296296 0.04583333333333333 0.09351851851851851
0 0.66796875 0.3962962962962963 0.049479166666666664 0.08703703703703704
1 0.4973958333333333 0.39675925925925926 0.0375 0.06574074074074074
8 0.7841145833333333 0.3990740740740741 0.03802083333333333 0.07407407407407407
6 0.6166666666666667 0.4060185185185185 0.046875 0.09907407407407408
6 0.4557291666666667 0.425462962962963 0.058333333333333334 0.10833333333333334
1 0.5494791666666666 0.4273148148148148 0.041666666666666664 0.06759259259259259
4 0.6989583333333333 0.4356481481481482 0.03854166666666667 0.06944444444444445
0 0.7341145833333333 0.4685185185185185 0.04635416666666667 0.09074074074074075
8 0.6502604166666667 0.48333333333333334 0.0390625 0.06481481481481481
4 0.42942708333333335 0.4875 0.0390625 0.06944444444444445
4 0.55546875 0.49166666666666664 0.03697916666666667 0.06666666666666667
6 0.8283854166666667 0.5009259259259259 0.0390625 0.07777777777777778
2 0.34088541666666666 0.524074074074074 0.04114583333333333 0.06851851851851852
2 0.6341145833333334 0.549074074074074 0.04635416666666667 0.06666666666666667
7 0.29496354166666666 0.5814814814814815 0.04375 0.08333333333333333
0 0.34140625 0.6055555555555555 0.05260416666666667 0.08333333333333333
7 0.19270833333333334 0.6069444444444444 0.040625 0.075
4 0.8127604166666667 0.6074074074074074 0.0453125 0.07222222222222222
4 0.63125 0.6199074074074075 0.040625 0.06388888888888888
4 0.3809895833333333 0.6226851851851852 0.0421875 0.06574074074074074
6 0.2526041666666667 0.6310185185185185 0.06875 0.11203703703703703
2 0.7171875 0.6726851851851852 0.052083333333333336 0.09537037037037037
7 0.3260416666666667 0.6759259259259259 0.03854166666666667 0.08333333333333333
6 0.6036458333333333 0.6810185185185185 0.04791666666666667 0.08981481481481482
4 0.8145833333333333 0.6828703703703703 0.05520833333333333 0.09722222222222222
8 0.3077239583333334 0.7388888888888889 0.03802083333333333 0.07592592592592592
4 0.8069427083333333 0.7580277777777777 0.03854166666666667 0.07592592592592592
2 0.641234375 0.7583333333333333 0.043229166666666666 0.07777777777777778
4 0.19583333333333333 0.7685185185185185 0.057291666666666664 0.09814814814814815
0 0.5844635416666667 0.7800925925925926 0.044270833333333336 0.062037037037037036
0 0.37005208333333334 0.7833333333333333 0.05364583333333333 0.09074074074074075
8 0.6221354166666667 0.8194444444444444 0.04114583333333333 0.07777777777777778
7 0.32760416666666664 0.8226851851851852 0.052083333333333336 0.08055555555555556
0 0.25104166666666666 0.8337962962962963 0.053125 0.08796296296296297
0 0.56015625 0.8384259259259259 0.0484375 0.08611111111111111
2 0.48463541666666665 0.8537037037037037 0.06197916666666667 0.11666666666666667
0 0.19895833333333332 0.8614259259259259 0.06145833333333333 0.1111111111111111
4 0.28515625 0.8671296296296296 0.03802083333333333 0.08055555555555556
2 0.369703125 0.8847222222222222 0.03697916666666667 0.0824074074074074
2 0.83203125 0.8865740740740741 0.04010416666666667 0.0712962962962963
7 0.75390625 0.9074074074074074 0.03802083333333333 0.06851851851851852
0 0.24739583333333334 0.9078703703703703 0.03958333333333333 0.07314814814814814
7 0.3294270833333333 0.9097222222222222 0.04739583333333333 0.08425925925925926