6 0.5171875 0.9634259259259259 0.03958333333333333 0.0712962962962963
0 0.35130208333333335 0.10138888888888889 0.0390625 0.08425925925925926
7 0.6604166666666667 0.10462962962962963 0.040625 0.07222222222222222
2 0.37473958333333335 0.24351851851851852 0.0515625 0.08518518518518518
0 0.44244791666666666 0.27870370370370373 0.059895833333333336 0.11481481481481481
8 0.7041666666666667 0.2916666666666667 0.05416666666666667 0.09074074074074075
7 0.5305052083333334 0.02962962962962963 0.035416666666666666 0.05925925925925926
0 0.38619791666666664 0.3458333333333333 0.0484375 0.08055555555555556
0 0.2955729166666667 0.3523148148148148 0.03802083333333333 0.06759259259259259
4 0.7447916666666666 0.4199074074074074 0.051041666666666666 0.08796296296296297
2 0.6890625 0.42592592592592593 0.06041666666666667 0.10555555555555556
1 0.76015625 0.6125 0.0515625 0.09351851851851851
4 0.55234375 0.06805555555555555 0.03697916666666667 0.06944444444444445
4 0.584375 0.07037037037037037 0.0375 0.07777777777777778