0 0.4979166666666667 0.11898148148148148 0.05520833333333333 0.08796296296296297
0 0.6361979166666667 0.12685185185185185 0.04114583333333333 0.07777777777777778
2 0.60703125 0.20694444444444443 0.0390625 0.06388888888888888
5 0.30052083333333335 0.4101851851851852 0.06458333333333334 0.1111111111111111
8 0.41692708333333334 0.4185185185185185 0.0484375 0.10185185185185185
5 0.6770833333333334 0.4708333333333333 0.057291666666666664 0.08796296296296297
6 0.23880208333333333 0.4875 0.06302083333333333 0.11388888888888889
6 0.41119791666666666 0.5361111111111111 0.049479166666666664 0.09259259259259259
2 0.28619791666666666 0.5416666666666666 0.0453125 0.08148148148148149
0 0.7901041666666667 0.5648148148148148 0.0375 0.07592592592592592
0 0.6372395833333333 0.5787037037037037 0.0515625 0.0962962962962963
2 0.5611979166666666 0.5861111111111111 0.04114583333333333 0.08148148148148149
6 0.7713541666666667 0.6097222222222223 0.03333333333333333 0.062037037037037036
7 0.2557291666666667 0.6935185185185185 0.05416666666666667 0.1037037037037037
0 0.3502604166666667 0.6944444444444444 0.04010416666666667 0.07222222222222222
7 0.40703125 0.7342592592592593 0.04114583333333333 0.07777777777777778
4 0.48723958333333334 0.7611111111111111 0.0390625 0.06851851851851852
4 0.24661458333333333 0.7685185185185185 0.043229166666666666 0.07222222222222222
7 0.5997395833333333 0.8064814814814815 0.06197916666666667 0.09259259259259259
0 0.36822916666666666 0.8296296296296296 0.052083333333333336 0.07962962962962963
1 0.39505208333333336 0.8902777777777777 0.0421875 0.0787037037037037