2 0.5604166666666667 0.225 0.04375 0.07037037037037037
0 0.65903125 0.2260833333333333 0.03958333333333333 0.06574074074074074
4 0.6997395833333333 0.24444444444444444 0.04635416666666667 0.1
1 0.7268229166666667 0.02546296296296296 0.043229166666666666 0.05092592592592592
2 0.6627604166666666 0.2962962962962963 0.05572916666666667 0.09259259259259259
4 0.5453125 0.3277777777777778 0.05 0.09074074074074075
2 0.31744791666666666 0.35509259259259257 0.06302083333333333 0.11388888888888889
8 0.20651041666666667 0.3597222222222222 0.04739583333333333 0.075
0 0.5 0.39305555555555555 0.040625 0.06944444444444445
0 0.5739583333333333 0.4777777777777778 0.05520833333333333 0.09814814814814815
4 0.29401041666666666 0.5115740740740741 0.0421875 0.06574074074074074
7 0.684375 0.549074074074074 0.04375 0.06111111111111111
7 0.515625 0.5675925925925925 0.030208333333333334 0.05185185185185185
4 0.3640625 0.6875 0.04479166666666667 0.06944444444444445