6 0.3919270833333333 0.300462962962963 0.043229166666666666 0.08055555555555556
4 0.35182291666666665 0.3402777777777778 0.04010416666666667 0.0712962962962963
2 0.35078125 0.40694444444444444 0.044270833333333336 0.0787037037037037
4 0.19895833333333332 0.04675925925925926 0.046875 0.08425925925925926
4 0.3296875 0.5537037037037037 0.052083333333333336 0.10185185185185185
7 0.4552083333333333 0.5740740740740741 0.051041666666666666 0.09444444444444444
4 0.6356770833333333 0.6277777777777778 0.0515625 0.10185185185185185
8 0.29453125 0.6296296296296297 0.05260416666666667 0.07222222222222222
4 0.334375 0.7185185185185186 0.042708333333333334 0.07222222222222222
0 0.6231770833333333 0.7240740740740741 0.0515625 0.08703703703703704
8 0.32265625 0.7870370370370371 0.044270833333333336 0.07592592592592592
8 0.4200520833333333 0.7870370370370371 0.04114583333333333 0.07592592592592592