0 0.18567708333333333 0.9328703703703703 0.0453125 0.06944444444444445
0 0.3463541666666667 0.9555555555555556 0.04375 0.08703703703703704
6 0.7364583333333333 0.31805555555555554 0.05520833333333333 0.10833333333333334
2 0.5223958333333333 0.38333333333333336 0.03854166666666667 0.06666666666666667
2 0.4 0.42916666666666664 0.04375 0.08055555555555556
0 0.6752604166666667 0.43657407407407406 0.0421875 0.0712962962962963
5 0.7669270833333334 0.45601851851851855 0.05677083333333333 0.10648148148148148
0 0.565625 0.46111111111111114 0.06041666666666667 0.12037037037037036
8 0.46458333333333335 0.4689814814814815 0.06875 0.08981481481481482
2 0.5994791666666667 0.5037037037037037 0.03854166666666667 0.06666666666666667
4 0.35130208333333335 0.5120370370370371 0.0609375 0.10185185185185185
2 0.7338541666666667 0.5175925925925926 0.05520833333333333 0.1037037037037037
4 0.6408854166666667 0.5305555555555556 0.06197916666666667 0.10185185185185185
2 0.453125 0.5416666666666666 0.03854166666666667 0.07407407407407407
2 0.5671875 0.549074074074074 0.03958333333333333 0.07407407407407407
2 0.7247395833333333 0.6 0.0578125 0.08333333333333333
4 0.49973958333333335 0.6111111111111112 0.04010416666666667 0.08333333333333333
0 0.35963541666666665 0.612037037037037 0.04114583333333333 0.06666666666666667
0 0.6609375 0.6134259259259259 0.04479166666666667 0.0787037037037037
7 0.7671875 0.6300925925925925 0.05520833333333333 0.06944444444444445
0 0.4 0.6689814814814815 0.07083333333333333 0.13425925925925927
7 0.6986979166666667 0.6787037037037037 0.06197916666666667 0.07407407407407407
0 0.571875 0.6925925925925925 0.04895833333333333 0.10185185185185185
6 0.6046875 0.7037037037037037 0.029166666666666667 0.046296296296296294
0 0.515625 0.7375 0.06458333333333334 0.10833333333333334
4 0.6489583333333333 0.7685185185185185 0.04479166666666667 0.08333333333333333
0 0.8268229166666666 0.7837962962962963 0.0515625 0.08981481481481482
0 0.4127604166666667 0.8018518518518518 0.04635416666666667 0.07592592592592592
4 0.7005208333333334 0.8245370370370371 0.04479166666666667 0.09722222222222222
7 0.44140625 0.8638888888888889 0.05260416666666667 0.09259259259259259
6 0.7427083333333333 0.887962962962963 0.03958333333333333 0.07592592592592592
0 0.22890625 0.9037037037037037 0.0609375 0.11296296296296296
0 0.28932291666666665 0.9180555555555555 0.06822916666666666 0.09907407407407408