0 0.6486979166666667 0.19027777777777777 0.050520833333333334 0.08425925925925926
7 0.46171875 0.2061759259259259 0.0421875 0.08148148148148149
2 0.409375 0.262037037037037 0.040625 0.07962962962962963
1 0.36015625 0.30092592592592593 0.04114583333333333 0.06481481481481481
0 0.3026041666666667 0.3055555555555556 0.051041666666666666 0.08888888888888889
4 0.6942708333333333 0.34629629629629627 0.0375 0.07222222222222222
2 0.6611979166666667 0.3680555555555556 0.03177083333333333 0.05648148148148148
7 0.4986979166666667 0.39351851851851855 0.03697916666666667 0.06481481481481481
6 0.31328125 0.42592592592592593 0.06302083333333333 0.10740740740740741
4 0.25078125 0.5504629629629629 0.04739583333333333 0.0824074074074074
6 0.28802083333333334 0.5828703703703704 0.040625 0.05092592592592592
4 0.525 0.6027777777777777 0.035416666666666666 0.07037037037037037
1 0.28828125 0.6314814814814815 0.04114583333333333 0.05555555555555555
4 0.48098958333333336 0.6884259259259259 0.04114583333333333 0.075
6 0.5364583333333334 0.0875 0.0375 0.06944444444444445