8 0.5802083333333333 0.48333333333333334 0.05520833333333333 0.10185185185185185
1 0.5518229166666667 0.5509259259259259 0.0421875 0.06481481481481481
0 0.6028645833333334 0.5740740740740741 0.03697916666666667 0.07037037037037037
7 0.7356770833333334 0.600462962962963 0.0453125 0.06759259259259259
6 0.784375 0.6523148148148148 0.03333333333333333 0.049074074074074076
8 0.3372395833333333 0.6648148148148149 0.0421875 0.07037037037037037
7 0.2265625 0.7092592592592593 0.04479166666666667 0.07962962962962963
6 0.6559895833333333 0.7287037037037037 0.06302083333333333 0.1111111111111111
6 0.3372395833333333 0.7564814814814815 0.06302083333333333 0.1111111111111111
0 0.29279687499999996 0.7839537037037037 0.0359375 0.07037037037037037
0 0.40182291666666664 0.7958333333333333 0.04635416666666667 0.08796296296296297
2 0.5307291666666667 0.8018518518518518 0.03958333333333333 0.07222222222222222
2 0.6739583333333333 0.8203703703703704 0.03958333333333333 0.07037037037037037