2 0.7075520833333333 0.9333333333333333 0.06197916666666667 0.1
4 0.50546875 0.9462962962962963 0.059895833333333336 0.1037037037037037
4 0.1828125 0.9606481481481481 0.03958333333333333 0.07685185185185185
2 0.42291666666666666 0.9699074074074074 0.046875 0.058333333333333334
1 0.35625 0.9708333333333333 0.04479166666666667 0.05648148148148148
8 0.28802083333333334 0.9717592592592592 0.041666666666666664 0.05462962962962963
2 0.2515625 0.9726851851851852 0.03958333333333333 0.05277777777777778
4 0.7421875 0.9800925925925926 0.04791666666666667 0.03796296296296296
4 0.3528645833333333 0.13703703703703704 0.058854166666666666 0.1111111111111111
0 0.6388020833333333 0.14537037037037037 0.07864583333333333 0.09814814814814815
5 0.23203125 0.1527777777777778 0.0609375 0.11296296296296296
4 0.39505208333333336 0.18518518518518517 0.05260416666666667 0.08148148148148149
4 0.31744791666666666 0.19814814814814816 0.058854166666666666 0.08518518518518518
8 0.52109375 0.21203703703703702 0.043229166666666666 0.09444444444444444
1 0.71015625 0.2175925925925926 0.0421875 0.07592592592592592
0 0.45078125 0.23703703703703705 0.06927083333333334 0.12222222222222222
7 0.6627604166666666 0.2388888888888889 0.049479166666666664 0.08518518518518518
7 0.31328645833333335 0.2490740740740741 0.05260416666666667 0.09074074074074075
5 0.25078125 0.2564814814814815 0.050520833333333334 0.07962962962962963
5 0.5731770833333333 0.2657407407407407 0.059895833333333336 0.08333333333333333
7 0.20078125 0.27314814814814814 0.06197916666666667 0.10925925925925926
0 0.7471354166666667 0.2777777777777778 0.05572916666666667 0.1
0 0.36432291666666666 0.2777777777777778 0.0421875 0.1037037037037037
0 0.3450520833333333 0.31666666666666665 0.043229166666666666 0.07407407407407407
2 0.22317708333333333 0.3277777777777778 0.044270833333333336 0.08148148148148149
6 0.28203125 0.33240740740740743 0.07239583333333334 0.11666666666666667
2 0.19348958333333333 0.3453703703703704 0.03802083333333333 0.08703703703703704
4 0.42942708333333335 0.36574074074074076 0.050520833333333334 0.08703703703703704
8 0.6497395833333334 0.4009259259259259 0.050520833333333334 0.07962962962962963
6 0.7653645833333333 0.4009259259259259 0.07239583333333334 0.10185185185185185
6 0.8216145833333334 0.4083333333333333 0.0640625 0.09074074074074075
2 0.70546875 0.42314814814814816 0.049479166666666664 0.09814814814814815
4 0.2679739583333333 0.43333333333333335 0.06302083333333333 0.07407407407407407
7 0.21640625 0.4398148148148148 0.050520833333333334 0.09074074074074075
0 0.57578125 0.45740740740740743 0.0609375 0.08518518518518518
1 0.79609375 0.4787037037037037 0.05364583333333333 0.09074074074074075
7 0.43723958333333335 0.5064814814814815 0.09427083333333333 0.09444444444444444
8 0.37421875 0.5472222222222223 0.03697916666666667 0.07592592592592592
2 0.5726614583333334 0.55 0.05677083333333333 0.06666666666666667
7 0.19244791666666666 0.5657407407407408 0.0421875 0.09814814814814815
4 0.23203125 0.5666666666666667 0.04635416666666667 0.07037037037037037
8 0.79921875 0.5925925925925926 0.0703125 0.1037037037037037
4 0.44609375 0.5972222222222222 0.044270833333333336 0.07962962962962963
6 0.40286458333333336 0.625 0.07239583333333334 0.09814814814814815
1 0.29973958333333334 0.6259259259259259 0.05260416666666667 0.09259259259259259
0 0.5065104166666666 0.06296296296296296 0.07447916666666667 0.1259259259259259
0 0.6596354166666667 0.6370370370370371 0.043229166666666666 0.07407407407407407
4 0.20390625 0.6398148148148148 0.058854166666666666 0.10925925925925926
4 0.5205729166666667 0.6842592592592592 0.04635416666666667 0.09074074074074075
4 0.78828125 0.6898148148148148 0.0484375 0.10925925925925926
4 0.22161458333333334 0.6981481481481482 0.04635416666666667 0.07037037037037037
4 0.8341145833333333 0.7 0.04635416666666667 0.1
0 0.29244791666666664 0.7074074074074074 0.05260416666666667 0.1037037037037037
8 0.46328125 0.7175925925925926 0.058854166666666666 0.10185185185185185
8 0.2559895833333333 0.7212962962962963 0.0546875 0.07962962962962963
6 0.33307291666666666 0.7518518518518519 0.0578125 0.1
6 0.8450520833333334 0.7537037037037037 0.0296875 0.06296296296296296
2 0.38046875 0.7537037037037037 0.0546875 0.08518518518518518
2 0.22265625 0.7564814814814815 0.0421875 0.06111111111111111
2 0.7127604166666667 0.7648148148148148 0.0640625 0.1259259259259259
7 0.40390625 0.8 0.05260416666666667 0.0962962962962963
4 0.5158854166666667 0.8111111111111111 0.04739583333333333 0.08518518518518518
8 0.21588541666666666 0.8222222222222222 0.04114583333333333 0.09259259259259259
0 0.33515625 0.8333333333333334 0.050520833333333334 0.08888888888888889
6 0.18671875 0.8351851851851851 0.043229166666666666 0.05925925925925926
7 0.71640625 0.8490740740740741 0.07135416666666666 0.09444444444444444
4 0.7643229166666666 0.850925925925926 0.0484375 0.09444444444444444
0 0.25807291666666665 0.8583333333333333 0.0546875 0.09814814814814815
7 0.3768229166666667 0.8583333333333333 0.044270833333333336 0.07962962962962963
7 0.8341145833333333 0.8694444444444445 0.058854166666666666 0.12777777777777777
7 0.34869791666666666 0.9027777777777778 0.0546875 0.10185185185185185
0 0.21953125 0.9194444444444444 0.05677083333333333 0.07962962962962963
4 0.3966145833333333 0.9212962962962963 0.05572916666666667 0.09074074074074075