2 0.3059895833333333 0.09259259259259259 0.04635416666666667 0.07407407407407407
4 0.18541666666666667 0.9305555555555556 0.03229166666666667 0.06481481481481481
2 0.8119791666666667 0.9662037037037037 0.05 0.06574074074074074
7 0.67734375 0.13055555555555556 0.0390625 0.07222222222222222
7 0.2747395833333333 0.15648148148148147 0.04010416666666667 0.06111111111111111
0 0.6247395833333333 0.1648148148148148 0.05260416666666667 0.08888888888888889
2 0.31744791666666666 0.17962962962962964 0.0484375 0.09259259259259259
2 0.23880208333333333 0.18611111111111112 0.049479166666666664 0.08333333333333333
6 0.19244791666666666 0.18888888888888888 0.03802083333333333 0.07037037037037037
2 0.6716145833333333 0.2064814814814815 0.04010416666666667 0.07962962962962963
0 0.55078125 0.2861111111111111 0.03802083333333333 0.06481481481481481
0 0.5940104166666667 0.28888888888888886 0.030729166666666665 0.07407407407407407
7 0.21015625 0.29814814814814816 0.04635416666666667 0.06666666666666667
6 0.6263020833333334 0.30833333333333335 0.03697916666666667 0.07222222222222222
0 0.6653645833333334 0.32314814814814813 0.044270833333333336 0.07962962962962963
2 0.73203125 0.36666666666666664 0.03802083333333333 0.06666666666666667
0 0.6700520833333333 0.3972222222222222 0.0421875 0.07222222222222222
8 0.7580729166666667 0.4222222222222222 0.0484375 0.08888888888888889
4 0.55546875 0.43703703703703706 0.034895833333333334 0.06296296296296296
2 0.59765625 0.44166666666666665 0.05677083333333333 0.10555555555555556
0 0.6440104166666667 0.4685185185185185 0.0390625 0.06296296296296296
2 0.3419270833333333 0.04814814814814815 0.0390625 0.06666666666666667
0 0.44453125 0.5027777777777778 0.03802083333333333 0.06851851851851852
2 0.7111979166666667 0.5175925925925926 0.0296875 0.05740740740740741
2 0.6627604166666666 0.524074074074074 0.024479166666666666 0.05555555555555555
7 0.55234375 0.5268518518518519 0.03697916666666667 0.07962962962962963
8 0.4825520833333333 0.5324074074074074 0.0390625 0.06851851851851852
6 0.40130208333333334 0.5388888888888889 0.0578125 0.11851851851851852
2 0.6919270833333333 0.5518518518518518 0.0328125 0.05925925925925926
1 0.5315104166666667 0.5777777777777777 0.0328125 0.06296296296296296
0 0.5888020833333333 0.5777777777777777 0.03697916666666667 0.07407407407407407
2 0.32526041666666666 0.6027777777777777 0.0390625 0.06851851851851852
2 0.63515625 0.6064814814814815 0.0359375 0.06851851851851852
4 0.6997395833333333 0.6129629629629629 0.0421875 0.07037037037037037
0 0.5502604166666667 0.6296296296296297 0.03697916666666667 0.06666666666666667
6 0.5200520833333333 0.6435185185185185 0.0390625 0.05740740740740741
5 0.6065104166666667 0.6518518518518519 0.049479166666666664 0.08518518518518518
6 0.25026041666666665 0.6537037037037037 0.0703125 0.11481481481481481
2 0.33932291666666664 0.662962962962963 0.0421875 0.07407407407407407
7 0.64296875 0.687962962962963 0.0390625 0.06851851851851852
6 0.5627604166666667 0.7 0.04739583333333333 0.09259259259259259
4 0.48411458333333335 0.7018518518518518 0.050520833333333334 0.07777777777777778
7 0.8325520833333333 0.7027777777777777 0.05364583333333333 0.09814814814814815
6 0.77734375 0.7055555555555556 0.0515625 0.09259259259259259
5 0.20078645833333333 0.7268518518518519 0.06510416666666667 0.10555555555555556
8 0.6716145833333333 0.7342592592592593 0.050520833333333334 0.08333333333333333
4 0.6346354166666667 0.7555555555555555 0.04114583333333333 0.07407407407407407
8 0.7606770833333333 0.7768518518518519 0.03697916666666667 0.07222222222222222
4 0.7263020833333333 0.7787037037037037 0.04114583333333333 0.07962962962962963
0 0.5763020833333333 0.7944444444444444 0.0640625 0.1037037037037037
0 0.50703125 0.799074074074074 0.0359375 0.06851851851851852
2 0.18776041666666668 0.8055555555555556 0.0390625 0.07407407407407407
4 0.65703125 0.8175925925925925 0.03802083333333333 0.07592592592592592
1 0.6252604166666667 0.8231481481481482 0.0390625 0.07592592592592592
0 0.23671875 0.825 0.05364583333333333 0.09074074074074075
0 0.28880208333333335 0.8268518518518518 0.0546875 0.08703703703703704
8 0.6966145833333334 0.8416666666666667 0.0421875 0.07592592592592592
8 0.6986979166666667 0.8416666666666667 0.03802083333333333 0.07962962962962963
6 0.3815104166666667 0.8611111111111112 0.04114583333333333 0.07037037037037037
4 0.19453125 0.8657407407407407 0.0359375 0.06481481481481481
8 0.4471354166666667 0.8731481481481481 0.0390625 0.07222222222222222
7 0.80703125 0.8851851851851852 0.05677083333333333 0.1037037037037037
8 0.4856770833333333 0.8935185185185185 0.03802083333333333 0.07222222222222222
4 0.74921875 0.8981481481481481 0.0390625 0.07777777777777778
4 0.22526041666666666 0.9092592592592592 0.0515625 0.07407407407407407
6 0.6533854166666667 0.9203703703703704 0.049479166666666664 0.08148148148148149