2 0.7705729166666667 0.9277777777777778 0.04114583333333333 0.07407407407407407
4 0.7356770833333334 0.9435185185185185 0.04010416666666667 0.07592592592592592
2 0.8083333333333333 0.9578703703703704 0.057291666666666664 0.0824074074074074
4 0.15833333333333333 0.9671296296296297 0.042708333333333334 0.06388888888888888
2 0.66640625 0.1425925925925926 0.043229166666666666 0.06666666666666667
4 0.6388020833333333 0.14907407407407408 0.0296875 0.05740740740740741
0 0.36276041666666664 0.18333333333333332 0.058854166666666666 0.1111111111111111
4 0.51484375 0.19907407407407407 0.04010416666666667 0.07222222222222222
8 0.66015625 0.21666666666666667 0.03697916666666667 0.07407407407407407
1 0.7247395833333333 0.24074074074074073 0.0390625 0.06296296296296296
2 0.40963541666666664 0.25092592592592594 0.058854166666666666 0.11296296296296296
4 0.52578125 0.2611111111111111 0.0453125 0.06296296296296296
4 0.28046875 0.262037037037037 0.050520833333333334 0.09074074074074075
7 0.76796875 0.2675925925925926 0.0421875 0.07222222222222222
6 0.3684895833333333 0.2972222222222222 0.043229166666666666 0.07222222222222222
4 0.5455729166666666 0.31851851851851853 0.04114583333333333 0.07407407407407407
0 0.69921875 0.3212962962962963 0.05260416666666667 0.08703703703703704
0 0.60546875 0.3314814814814815 0.06302083333333333 0.1111111111111111
0 0.51015625 0.3314814814814815 0.0390625 0.07407407407407407
0 0.74921875 0.38981481481481484 0.05260416666666667 0.09074074074074075
0 0.8018229166666667 0.39351851851851855 0.049479166666666664 0.10185185185185185
4 0.6325520833333333 0.4203703703703704 0.0421875 0.07037037037037037
0 0.24973958333333332 0.4222222222222222 0.06197916666666667 0.1111111111111111
4 0.41692708333333334 0.42685185185185187 0.027604166666666666 0.05
1 0.54453125 0.4324074074074074 0.03697916666666667 0.06481481481481481
0 0.32317708333333334 0.44907407407407407 0.04010416666666667 0.07222222222222222
8 0.7106770833333333 0.4537037037037037 0.04739583333333333 0.07037037037037037
7 0.29140625 0.4546296296296296 0.0265625 0.046296296296296294
4 0.4278645833333333 0.4703703703703704 0.0390625 0.07037037037037037
0 0.47265625 0.47129629629629627 0.04114583333333333 0.07222222222222222
5 0.38203125 0.5 0.06510416666666667 0.1111111111111111
2 0.80546875 0.5342592592592592 0.0421875 0.06851851851851852
7 0.43515625 0.5509259259259259 0.04114583333333333 0.07222222222222222
8 0.7690104166666667 0.5537037037037037 0.0484375 0.07777777777777778
6 0.3221354166666667 0.5555555555555556 0.0484375 0.1
4 0.6611979166666667 0.5564814814814815 0.0453125 0.08333333333333333
6 0.26015625 0.5740740740740741 0.059895833333333336 0.1037037037037037
1 0.5205729166666667 0.5916666666666667 0.0453125 0.06481481481481481
4 0.21067708333333332 0.6148148148148148 0.05364583333333333 0.08518518518518518
2 0.4440104166666667 0.6212962962962963 0.04010416666666667 0.06851851851851852
1 0.8106770833333333 0.6324074074074074 0.0359375 0.07222222222222222
1 0.40286458333333336 0.6435185185185185 0.0390625 0.07222222222222222
6 0.76796875 0.6444444444444445 0.050520833333333334 0.08518518518518518
7 0.6799479166666667 0.6574074074074074 0.03697916666666667 0.07777777777777778
8 0.7268229166666667 0.6592592592592592 0.04635416666666667 0.07037037037037037
6 0.4356770833333333 0.675 0.03177083333333333 0.053703703703703705
4 0.24088541666666666 0.6787037037037037 0.050520833333333334 0.08703703703703704
2 0.3731770833333333 0.6935185185185185 0.03802083333333333 0.07962962962962963
4 0.45807291666666666 0.6953703703703704 0.0390625 0.07222222222222222
2 0.8096354166666667 0.7157407407407408 0.04635416666666667 0.09074074074074075
0 0.49192708333333335 0.7212962962962963 0.04010416666666667 0.06851851851851852
6 0.41796875 0.7333333333333333 0.058854166666666666 0.10740740740740741
2 0.4627604166666667 0.762962962962963 0.0359375 0.07037037037037037
6 0.17682291666666666 0.7833333333333333 0.0640625 0.11851851851851852
7 0.23932291666666666 0.7851851851851852 0.06197916666666667 0.08148148148148149
4 0.50234375 0.7916666666666666 0.0484375 0.09814814814814815
7 0.40130208333333334 0.8064814814814815 0.0421875 0.06481481481481481
8 0.46640625 0.8351851851851851 0.0390625 0.06296296296296296
2 0.5268229166666667 0.8629629629629629 0.0390625 0.07407407407407407
6 0.8059895833333334 0.8666666666666667 0.05572916666666667 0.1037037037037037
0 0.7127604166666667 0.8814814814814815 0.0421875 0.08518518518518518
2 0.48932291666666666 0.8935185185185185 0.04635416666666667 0.08703703703703704