4 0.403125 0.31296296296296294 0.04479166666666667 0.07592592592592592
5 0.56015625 0.3388888888888889 0.05572916666666667 0.09074074074074075
6 0.4140625 0.37824074074074077 0.027083333333333334 0.05092592592592592
1 0.2862864583333334 0.38411111111111107 0.0375 0.06388888888888888
0 0.45338541666666665 0.38935185185185184 0.03802083333333333 0.06944444444444445
0 0.33203125 0.39675925925925926 0.05364583333333333 0.08796296296296297
0 0.5588541666666667 0.4115740740740741 0.041666666666666664 0.06574074074074074
0 0.39375 0.43163888888888896 0.04895833333333333 0.08611111111111111
2 0.50546875 0.4375 0.04010416666666667 0.07314814814814814
1 0.31953125 0.4685185185185185 0.03697916666666667 0.06851851851851852
7 0.22604166666666667 0.47824074074074074 0.04479166666666667 0.08055555555555556
5 0.54609375 0.49074074074074076 0.058854166666666666 0.11296296296296296
7 0.5078125 0.5791666666666667 0.052083333333333336 0.0787037037037037
7 0.7596354166666667 0.625 0.0609375 0.1
7 0.41744791666666664 0.6356481481481482 0.04114583333333333 0.06944444444444445
0 0.3497395833333333 0.637962962962963 0.04739583333333333 0.07407407407407407
7 0.46484375 0.6851851851851852 0.05677083333333333 0.09814814814814815
4 0.7739583333333333 0.7148148148148148 0.042708333333333334 0.06481481481481481
1 0.5252604166666667 0.7240740740740741 0.04010416666666667 0.07222222222222222
6 0.7169270833333333 0.7685185185185185 0.0671875 0.11666666666666667
4 0.37916666666666665 0.8185185185185185 0.046875 0.07962962962962963
4 0.42994791666666665 0.8314814814814815 0.04114583333333333 0.07592592592592592