8 0.3223958333333333 0.962037037037037 0.04791666666666667 0.07407407407407407
6 0.6044270833333333 0.30925925925925923 0.06822916666666666 0.11296296296296296
4 0.49244791666666665 0.31157407407407406 0.0484375 0.10277777777777777
7 0.5541666666666667 0.36064814814814816 0.040625 0.075
4 0.4979166666666667 0.5453703703703704 0.036458333333333336 0.07037037037037037
7 0.6333333333333333 0.5615740740740741 0.042708333333333334 0.07685185185185185
7 0.53828125 0.562037037037037 0.050520833333333334 0.08518518518518518
4 0.35963541666666665 0.600462962962963 0.04114583333333333 0.07314814814814814
6 0.40234375 0.6550925925925926 0.05364583333333333 0.09722222222222222
1 0.5927083333333333 0.6805555555555556 0.04895833333333333 0.06666666666666667
1 0.24609375 0.725925925925926 0.049479166666666664 0.07962962962962963
4 0.59453125 0.7449074074074075 0.0421875 0.07314814814814814
7 0.42109375 0.8407407407407408 0.0515625 0.09074074074074075
6 0.6979166666666666 0.8597222222222223 0.04479166666666667 0.08055555555555556
4 0.44817708333333334 0.9064814814814814 0.0390625 0.07777777777777778