2 0.3145833333333333 0.15092592592592594 0.053125 0.08333333333333333
4 0.71015625 0.16435185185185186 0.04739583333333333 0.0787037037037037
7 0.5080729166666667 0.2962962962962963 0.04114583333333333 0.08333333333333333
0 0.3046875 0.30833333333333335 0.04375 0.07407407407407407
6 0.4166666666666667 0.38287037037037036 0.04895833333333333 0.08981481481481482
8 0.7677083333333333 0.3921296296296296 0.04479166666666667 0.0712962962962963
2 0.6505208333333333 0.4263888888888889 0.04479166666666667 0.0787037037037037
1 0.22890625 0.48009259259259257 0.0453125 0.0712962962962963
0 0.6544270833333333 0.575462962962963 0.04739583333333333 0.0712962962962963
0 0.5651041666666666 0.6416666666666667 0.03333333333333333 0.05555555555555555
2 0.6473958333333333 0.6949074074074074 0.04895833333333333 0.0787037037037037
8 0.26588541666666665 0.7027777777777777 0.0515625 0.08518518518518518
2 0.5411458333333333 0.7037037037037037 0.042708333333333334 0.07407407407407407
4 0.5166666666666667 0.7296296296296296 0.0375 0.07407407407407407
2 0.3450520833333333 0.7574074074074074 0.04114583333333333 0.06481481481481481
1 0.6723958333333333 0.7902777777777777 0.04479166666666667 0.08055555555555556
7 0.48125 0.8425925925925926 0.04791666666666667 0.08333333333333333
7 0.3028645833333333 0.8578703703703704 0.0453125 0.0712962962962963
1 0.28203125 0.9226851851851852 0.050520833333333334 0.08055555555555556