4 0.5296875 0.17777777777777778 0.040625 0.06851851851851852
8 0.49583333333333335 0.3300925925925926 0.03854166666666667 0.06759259259259259
0 0.5565104166666667 0.3449074074074074 0.0421875 0.075
1 0.7276041666666667 0.35324074074074074 0.040625 0.06759259259259259
8 0.796875 0.3773148148148148 0.04583333333333333 0.06574074074074074
0 0.41058854166666664 0.38055555555555554 0.06041666666666667 0.10740740740740741
6 0.47552083333333334 0.39861111111111114 0.04791666666666667 0.08425925925925926
2 0.7419270833333333 0.42268518518518516 0.0484375 0.06759259259259259
2 0.43671875 0.4537037037037037 0.04739583333333333 0.07962962962962963
1 0.47569270833333327 0.4924351851851852 0.035416666666666666 0.06759259259259259
0 0.41171875 0.5365740740740741 0.0609375 0.10462962962962963