8 0.5348958333333333 0.28888888888888886 0.04895833333333333 0.09074074074074075
6 0.2903645833333333 0.3958333333333333 0.0609375 0.10648148148148148
2 0.54609375 0.4097222222222222 0.03697916666666667 0.06574074074074074
7 0.23567708333333334 0.42083333333333334 0.04739583333333333 0.0787037037037037
0 0.4901041666666667 0.4398148148148148 0.04895833333333333 0.08703703703703704
0 0.6997395833333333 0.4439814814814815 0.03697916666666667 0.06944444444444445
5 0.7395833333333334 0.4722222222222222 0.051041666666666666 0.08703703703703704
0 0.6622395833333333 0.49537037037037035 0.05364583333333333 0.09814814814814815
0 0.7901041666666667 0.5212962962962963 0.03854166666666667 0.06481481481481481
0 0.24609375 0.5476851851851852 0.06822916666666666 0.10462962962962963
2 0.7710052083333333 0.61975 0.04583333333333333 0.07962962962962963
4 0.32057291666666665 0.649537037037037 0.04010416666666667 0.07314814814814814
8 0.30026041666666664 0.6986111111111111 0.04114583333333333 0.07685185185185185
6 0.410765625 0.7021574074074074 0.053125 0.09259259259259259
0 0.3541666666666667 0.7402777777777778 0.053125 0.09537037037037037
7 0.6755208333333333 0.7842592592592592 0.05416666666666667 0.10185185185185185