1 0.3815104166666667 0.11064814814814815 0.0453125 0.0787037037037037
4 0.6986979166666667 0.38101851851851853 0.03697916666666667 0.06574074074074074
6 0.22473958333333333 0.38101851851851853 0.033854166666666664 0.05648148148148148
7 0.6403645833333333 0.39537037037037037 0.0421875 0.08148148148148149
2 0.2716145833333333 0.41388888888888886 0.0421875 0.06666666666666667
7 0.678125 0.4449074074074074 0.040625 0.06944444444444445
0 0.7270833333333333 0.4888888888888889 0.051041666666666666 0.09814814814814815
2 0.6893229166666667 0.5259259259259259 0.044270833333333336 0.07222222222222222
0 0.5104166666666666 0.6412037037037037 0.053125 0.09537037037037037
8 0.3190104166666667 0.6430555555555556 0.0515625 0.07685185185185185
0 0.48203125 0.774074074074074 0.04010416666666667 0.07222222222222222
4 0.5 0.8416666666666667 0.040625 0.07777777777777778
0 0.45026041666666666 0.8856481481481482 0.05364583333333333 0.09537037037037037