7 0.35911458333333335 0.1175925925925926 0.03697916666666667 0.07962962962962963
0 0.32734375 0.1527777777777778 0.043229166666666666 0.07962962962962963
6 0.30807291666666664 0.016666666666666666 0.043229166666666666 0.03333333333333333
2 0.31328125 0.2324074074074074 0.0421875 0.06481481481481481
7 0.6111979166666667 0.2574074074074074 0.04739583333333333 0.07777777777777778
1 0.7013020833333333 0.29814814814814816 0.0484375 0.07407407407407407
4 0.7372395833333333 0.32314814814814813 0.04739583333333333 0.07592592592592592
0 0.44192708333333336 0.34074074074074073 0.050520833333333334 0.10740740740740741
7 0.2596354166666667 0.3675925925925926 0.07552083333333333 0.11296296296296296
6 0.71328125 0.3990740740740741 0.07239583333333334 0.11296296296296296
0 0.3143229166666667 0.4537037037037037 0.0390625 0.08518518518518518
4 0.6888020833333334 0.4546296296296296 0.05364583333333333 0.07592592592592592
4 0.80546875 0.46111111111111114 0.0546875 0.09259259259259259
2 0.28151041666666665 0.49166666666666664 0.0390625 0.07592592592592592
1 0.22630208333333332 0.512962962962963 0.0453125 0.07407407407407407
7 0.6966145833333334 0.5314814814814814 0.049479166666666664 0.08888888888888889
8 0.33515625 0.5574074074074075 0.059895833333333336 0.0962962962962963
2 0.33151041666666664 0.6361111111111111 0.05572916666666667 0.07962962962962963
8 0.5971354166666667 0.6944444444444444 0.0609375 0.1037037037037037
0 0.5549479166666667 0.7611111111111111 0.0578125 0.1