8 0.46119791666666665 0.18981481481481483 0.0515625 0.09074074074074075
4 0.35963541666666665 0.20092592592592592 0.03802083333333333 0.07592592592592592
6 0.7299479166666667 0.2833333333333333 0.05364583333333333 0.08888888888888889
4 0.5971354166666667 0.29444444444444445 0.04010416666666667 0.07037037037037037
0 0.2747395833333333 0.34814814814814815 0.06614583333333333 0.1111111111111111
6 0.6309895833333333 0.35185185185185186 0.0640625 0.1111111111111111
7 0.78359375 0.4703703703703704 0.04635416666666667 0.07407407407407407
2 0.38776041666666666 0.4925925925925926 0.0359375 0.08148148148148149
0 0.6502604166666667 0.5027777777777778 0.0421875 0.06851851851851852
2 0.3502604166666667 0.5342592592592592 0.03802083333333333 0.06481481481481481
8 0.75390625 0.5564814814814815 0.0453125 0.07962962962962963
4 0.21588541666666666 0.5814814814814815 0.04010416666666667 0.07407407407407407
2 0.3846354166666667 0.6916666666666667 0.04010416666666667 0.07592592592592592
0 0.57421875 0.7712962962962963 0.04010416666666667 0.07592592592592592
2 0.5388020833333333 0.7777777777777778 0.03802083333333333 0.06296296296296296
4 0.51953125 0.8574074074074074 0.0390625 0.07037037037037037