7 0.3684895833333333 0.09398148148148149 0.043229166666666666 0.075
2 0.73515625 0.9384259259259259 0.03697916666666667 0.05648148148148148
1 0.7861979166666667 0.9657407407407408 0.0390625 0.06666666666666667
2 0.39348958333333334 0.9694444444444444 0.0390625 0.05925925925925926
2 0.8174479166666667 0.9731481481481481 0.03697916666666667 0.05185185185185185
7 0.1921875 0.9740740740740741 0.052083333333333336 0.05
4 0.43828125 0.9768518518518519 0.0453125 0.044444444444444446
2 0.48932291666666666 0.11574074074074074 0.04739583333333333 0.09259259259259259
8 0.33828125 0.1337962962962963 0.034895833333333334 0.06944444444444445
2 0.43307291666666664 0.1412037037037037 0.0390625 0.07685185185185185
1 0.37890625 0.15231481481481482 0.04114583333333333 0.06574074074074074
2 0.5341145833333333 0.15416666666666667 0.0390625 0.06944444444444445
6 0.8002604166666667 0.2013888888888889 0.050520833333333334 0.0824074074074074
8 0.5276041666666667 0.21805555555555556 0.04375 0.0712962962962963
0 0.3109375 0.21851851851851853 0.0375 0.06851851851851852
7 0.388546875 0.2212962962962963 0.040625 0.07407407407407407
2 0.4515625 0.24814814814814815 0.0375 0.07222222222222222
4 0.17994791666666668 0.2796296296296296 0.04739583333333333 0.07592592592592592
2 0.39296875 0.29398148148148145 0.0484375 0.0824074074074074
6 0.56953125 0.3138888888888889 0.03697916666666667 0.06666666666666667
4 0.33098958333333334 0.3143518518518518 0.0390625 0.0787037037037037
2 0.7989583333333333 0.3148148148148148 0.05520833333333333 0.09444444444444444
8 0.21901041666666668 0.3236111111111111 0.04010416666666667 0.075
4 0.4265625 0.3337962962962963 0.03958333333333333 0.07314814814814814
4 0.4942708333333333 0.33564814814814814 0.035416666666666666 0.06944444444444445
8 0.6528645833333333 0.3578703703703704 0.043229166666666666 0.06574074074074074
0 0.2513020833333333 0.36666666666666664 0.0484375 0.08333333333333333
6 0.16484375 0.3875 0.033854166666666664 0.06574074074074074
0 0.6177083333333333 0.38842592592592595 0.04895833333333333 0.08981481481481482
6 0.6940104166666666 0.3888888888888889 0.0609375 0.10185185185185185
2 0.2890625 0.38935185185185184 0.04375 0.06944444444444445
4 0.39427083333333335 0.4009259259259259 0.03958333333333333 0.07777777777777778
2 0.5763020833333333 0.40555555555555556 0.03802083333333333 0.06851851851851852
6 0.509375 0.4134259259259259 0.05520833333333333 0.11388888888888889
7 0.43802083333333336 0.41574074074074074 0.04791666666666667 0.09259259259259259
7 0.18255208333333334 0.42314814814814816 0.0359375 0.07407407407407407
0 0.7419270833333333 0.4337962962962963 0.0546875 0.08425925925925926
2 0.2984375 0.44537037037037036 0.0375 0.06296296296296296
0 0.22265625 0.45925925925925926 0.0578125 0.10925925925925926
0 0.55234375 0.4597222222222222 0.0421875 0.08796296296296297
8 0.165625 0.4708333333333333 0.034375 0.06944444444444445
5 0.796875 0.487962962962963 0.06354166666666666 0.1
1 0.26145833333333335 0.4912037037037037 0.034375 0.06944444444444445
6 0.3671875 0.5055555555555555 0.04791666666666667 0.07962962962962963
7 0.6190104166666667 0.05092592592592592 0.0546875 0.0962962962962963
2 0.184375 0.5111111111111111 0.040625 0.06481481481481481
8 0.6197916666666666 0.5212962962962963 0.053125 0.0962962962962963
0 0.5151041666666667 0.524537037037037 0.06041666666666667 0.10648148148148148
4 0.7002604166666667 0.5254629629629629 0.050520833333333334 0.0712962962962963
4 0.2955729166666667 0.5268518518518519 0.0390625 0.07407407407407407
2 0.73984375 0.5333333333333333 0.0421875 0.07222222222222222
8 0.3385416666666667 0.5564814814814815 0.03854166666666667 0.07037037037037037
6 0.2125 0.5689814814814815 0.05520833333333333 0.11388888888888889
4 0.7833333333333333 0.5722222222222222 0.040625 0.07592592592592592
1 0.7425416666666667 0.5955277777777778 0.0375 0.06574074074074074
0 0.69453125 0.5976851851851852 0.04739583333333333 0.08611111111111111
4 0.25390625 0.5990740740740741 0.043229166666666666 0.07777777777777778
5 0.6585989583333334 0.6083333333333333 0.04010416666666667 0.07777777777777778
2 0.56484375 0.6319444444444444 0.03802083333333333 0.08055555555555556
0 0.6192708333333333 0.6328703703703704 0.035416666666666666 0.0712962962962963
0 0.8044270833333333 0.6333333333333333 0.0546875 0.09444444444444444
1 0.5309895833333333 0.6513888888888889 0.03697916666666667 0.075
4 0.23567708333333334 0.6541666666666667 0.0421875 0.06944444444444445
0 0.7671875 0.6625 0.03333333333333333 0.06388888888888888
0 0.6752604166666667 0.6643518518518519 0.0453125 0.062037037037037036
2 0.284375 0.6648148148148149 0.042708333333333334 0.08333333333333333
0 0.70703125 0.674537037037037 0.0046875 0.000925925925925926
7 0.33125 0.6847222222222222 0.04895833333333333 0.10833333333333334
0 0.7263072916666666 0.6847222222222222 0.058854166666666666 0.10462962962962963
0 0.2561614583333333 0.7138796296296296 0.03802083333333333 0.07407407407407407
5 0.8125 0.07222222222222222 0.042708333333333334 0.09074074074074075
5 0.1881927083333333 0.7248333333333333 0.059375 0.09722222222222222
4 0.6736979166666667 0.7263888888888889 0.04114583333333333 0.07685185185185185
4 0.7916666666666666 0.762962962962963 0.05520833333333333 0.08703703703703704
7 0.725 0.7726851851851851 0.04479166666666667 0.06944444444444445
2 0.4265625 0.7814814814814814 0.05625 0.10555555555555556
8 0.7690104166666667 0.8277777777777777 0.0484375 0.07962962962962963
0 0.81015625 0.8347222222222223 0.0453125 0.0712962962962963
0 0.2142395833333333 0.8467592592592592 0.046875 0.08055555555555556
4 0.7625 0.8976851851851851 0.04479166666666667 0.0712962962962963
2 0.6395833333333333 0.8981481481481481 0.053125 0.09074074074074075
8 0.8091145833333333 0.9046296296296297 0.04114583333333333 0.06666666666666667
7 0.18645833333333334 0.9157407407407407 0.036458333333333336 0.08148148148148149
7 0.15755208333333334 0.9231481481481482 0.0359375 0.1111111111111111