5 0.17473958333333334 0.9407407407407408 0.049479166666666664 0.08148148148148149
7 0.57578125 0.9425925925925925 0.028645833333333332 0.05925925925925926
1 0.6239583333333333 0.9680555555555556 0.03854166666666667 0.062037037037037036
4 0.6833333333333333 0.9782407407407407 0.042708333333333334 0.041666666666666664
2 0.57890625 0.17685185185185184 0.0453125 0.07592592592592592
7 0.30130208333333336 0.23796296296296296 0.0546875 0.08703703703703704
7 0.34765625 0.28888888888888886 0.0453125 0.07777777777777778
4 0.25703125 0.28888888888888886 0.043229166666666666 0.07037037037037037
8 0.4044270833333333 0.2962962962962963 0.0484375 0.07407407407407407
0 0.5559895833333334 0.3037037037037037 0.0578125 0.0962962962962963
8 0.60546875 0.3101851851851852 0.0421875 0.07592592592592592
4 0.25807291666666665 0.35555555555555557 0.028645833333333332 0.05555555555555555
4 0.4283854166666667 0.3731481481481482 0.05260416666666667 0.07222222222222222
2 0.5018229166666667 0.3888888888888889 0.043229166666666666 0.07407407407407407
2 0.28619791666666666 0.4083333333333333 0.06614583333333333 0.11666666666666667
1 0.23619791666666667 0.41203703703703703 0.034895833333333334 0.06851851851851852
4 0.20338541666666668 0.41944444444444445 0.04010416666666667 0.07222222222222222
4 0.4440104166666667 0.425 0.0484375 0.06851851851851852
7 0.65703125 0.43148148148148147 0.05572916666666667 0.07777777777777778
4 0.38359375 0.487962962962963 0.0484375 0.07592592592592592
2 0.43723958333333335 0.5148148148148148 0.03697916666666667 0.06296296296296296
1 0.40338541666666666 0.5407407407407407 0.0421875 0.07777777777777778
2 0.48098958333333336 0.5509259259259259 0.06197916666666667 0.10185185185185185
5 0.19063020833333333 0.6166666666666667 0.06145833333333333 0.1259259259259259
4 0.38255208333333335 0.6527777777777778 0.0421875 0.07962962962962963
0 0.30234375 0.7148148148148148 0.06510416666666667 0.11481481481481481
0 0.5033854166666667 0.7166666666666667 0.0609375 0.11481481481481481
0 0.59453125 0.7666666666666667 0.043229166666666666 0.07777777777777778
1 0.43203125 0.7870370370370371 0.0453125 0.08148148148148149
2 0.31796875 0.8101851851851852 0.0546875 0.10555555555555556
7 0.5825520833333333 0.8425925925925926 0.05260416666666667 0.07777777777777778
6 0.17473958333333334 0.8537037037037037 0.07239583333333334 0.1259259259259259
7 0.27890625 0.8842592592592593 0.0328125 0.06481481481481481
4 0.6091145833333333 0.9 0.0453125 0.07777777777777778