6 0.5192708333333333 0.2490740740740741 0.07395833333333333 0.12222222222222222
8 0.42083333333333334 0.2537037037037037 0.04895833333333333 0.08055555555555556
8 0.6419322916666667 0.4537037037037037 0.0515625 0.08333333333333333
0 0.6776041666666667 0.5680555555555555 0.06458333333333334 0.09537037037037037
8 0.2877604166666667 0.5791666666666667 0.05677083333333333 0.09722222222222222
4 0.6255208333333333 0.5847222222222223 0.05520833333333333 0.09907407407407408
4 0.7609375 0.5847222222222223 0.029166666666666667 0.05277777777777778
0 0.5669270833333333 0.6875 0.06302083333333333 0.09722222222222222
4 0.6458333333333334 0.7412037037037037 0.05416666666666667 0.08796296296296297
4 0.48203125 0.7509259259259259 0.04635416666666667 0.08518518518518518
2 0.3541666666666667 0.7722222222222223 0.05416666666666667 0.08518518518518518
0 0.26953125 0.07777777777777778 0.07864583333333333 0.11851851851851852
7 0.44921875 0.7916666666666666 0.05677083333333333 0.1111111111111111
1 0.3932291666666667 0.8194444444444444 0.05520833333333333 0.07407407407407407
7 0.5341145833333333 0.8574074074074074 0.0515625 0.08518518518518518