4 0.3268229166666667 0.12407407407407407 0.0421875 0.08148148148148149
0 0.284375 0.16574074074074074 0.06458333333333334 0.10925925925925926
4 0.48333333333333334 0.1787037037037037 0.05 0.10185185185185185
0 0.56171875 0.17962962962962964 0.0421875 0.06851851851851852
8 0.3338541666666667 0.19953703703703704 0.05 0.08796296296296297
2 0.3854166666666667 0.23703703703703705 0.04791666666666667 0.08888888888888889
6 0.37473958333333335 0.3125 0.0359375 0.06944444444444445
7 0.7080729166666667 0.38425925925925924 0.0359375 0.06481481481481481
7 0.7669270833333334 0.425 0.0421875 0.07222222222222222
0 0.6091145833333333 0.47638888888888886 0.043229166666666666 0.06759259259259259
4 0.68359375 0.5157407407407407 0.0421875 0.06851851851851852
2 0.51953125 0.5398148148148149 0.06302083333333333 0.1111111111111111
0 0.5778645833333333 0.5763888888888888 0.05364583333333333 0.09351851851851851
1 0.609375 0.7277777777777777 0.05 0.09074074074074075