0 0.5315104166666667 0.9393518518518519 0.06510416666666667 0.11944444444444445
6 0.5833333333333334 0.3388888888888889 0.06979166666666667 0.11296296296296296
0 0.6361979166666667 0.37824074074074077 0.04635416666666667 0.11388888888888889
8 0.20859375 0.4615740740740741 0.04635416666666667 0.0712962962962963
5 0.2669270833333333 0.4685185185185185 0.06302083333333333 0.09074074074074075
0 0.6033854166666667 0.500462962962963 0.0359375 0.09722222222222222
7 0.24557291666666667 0.5671296296296297 0.06614583333333333 0.125
0 0.4044270833333333 0.5768518518518518 0.08697916666666666 0.12962962962962962
1 0.5380208333333333 0.058333333333333334 0.06458333333333334 0.08333333333333333
4 0.27109375 0.6287037037037037 0.05677083333333333 0.1037037037037037
8 0.66484375 0.6435185185185185 0.05260416666666667 0.1111111111111111
4 0.20286458333333332 0.6550925925925926 0.07135416666666666 0.10648148148148148
7 0.55390625 0.6578703703703703 0.0421875 0.08796296296296297
4 0.5 0.7027777777777777 0.05 0.08148148148148149
4 0.44166666666666665 0.7060185185185185 0.06458333333333334 0.09722222222222222