2 0.6815104166666667 0.11574074074074074 0.0515625 0.09074074074074075
0 0.39765625 0.12407407407407407 0.03802083333333333 0.07407407407407407
8 0.4278645833333333 0.14351851851851852 0.0390625 0.07592592592592592
1 0.32109375 0.15462962962962962 0.05364583333333333 0.06481481481481481
2 0.6153645833333333 0.2518518518518518 0.0296875 0.05185185185185185
8 0.35598958333333336 0.27685185185185185 0.044270833333333336 0.08333333333333333
2 0.6575520833333334 0.2796296296296296 0.0390625 0.07407407407407407
4 0.6221354166666667 0.3148148148148148 0.05364583333333333 0.0962962962962963
0 0.6346354166666667 0.03796296296296296 0.0453125 0.07592592592592592
2 0.7184895833333333 0.40185185185185185 0.04739583333333333 0.07037037037037037
8 0.40859375 0.4185185185185185 0.0515625 0.08888888888888889
2 0.5856770833333333 0.48148148148148145 0.05572916666666667 0.1
0 0.21432291666666667 0.5287037037037037 0.0734375 0.10925925925925926
8 0.33515625 0.5425925925925926 0.0546875 0.08518518518518518
4 0.38828125 0.5425925925925926 0.0359375 0.07037037037037037
4 0.45026041666666666 0.5666666666666667 0.0390625 0.08148148148148149
2 0.39296875 0.05740740740740741 0.04739583333333333 0.07037037037037037
7 0.64921875 0.6092592592592593 0.049479166666666664 0.1
8 0.39088541666666665 0.612037037037037 0.0546875 0.09444444444444444
7 0.3497395833333333 0.6194444444444445 0.044270833333333336 0.07592592592592592
0 0.6122395833333333 0.6555555555555556 0.044270833333333336 0.05925925925925926
1 0.3268229166666667 0.6935185185185185 0.0359375 0.07222222222222222
2 0.59453125 0.7351851851851852 0.044270833333333336 0.06666666666666667
2 0.5158854166666667 0.762962962962963 0.0390625 0.07037037037037037
4 0.55390625 0.7981481481481482 0.04739583333333333 0.06666666666666667
0 0.47734375 0.8555555555555555 0.0515625 0.09259259259259259