6 0.45651041666666664 0.1037037037037037 0.0515625 0.08888888888888889
2 0.4861979166666667 0.14629629629629629 0.03802083333333333 0.06666666666666667
4 0.5216145833333333 0.15555555555555556 0.03802083333333333 0.06296296296296296
8 0.60078125 0.20277777777777778 0.0421875 0.06851851851851852
4 0.54765625 0.20555555555555555 0.04114583333333333 0.07037037037037037
0 0.50390625 0.21388888888888888 0.044270833333333336 0.07962962962962963
5 0.43203125 0.22037037037037038 0.0421875 0.07407407407407407
8 0.2950520833333333 0.22592592592592592 0.04114583333333333 0.05925925925925926
0 0.32526041666666666 0.26851851851851855 0.04010416666666667 0.06296296296296296
8 0.6424479166666667 0.29444444444444445 0.0421875 0.07037037037037037
8 0.56171875 0.4166666666666667 0.0390625 0.07037037037037037
8 0.45546875 0.4222222222222222 0.049479166666666664 0.09259259259259259
7 0.37057291666666664 0.4462962962962963 0.04010416666666667 0.06666666666666667
2 0.5856770833333333 0.5833333333333334 0.034895833333333334 0.06296296296296296
2 0.6216145833333333 0.6648148148148149 0.0546875 0.08888888888888889