8 0.43828125 0.34629629629629627 0.05572916666666667 0.09259259259259259
5 0.4236979166666667 0.4444444444444444 0.0453125 0.1
8 0.36015625 0.5037037037037037 0.04114583333333333 0.07037037037037037
2 0.47630208333333335 0.5231481481481481 0.058854166666666666 0.09814814814814815
7 0.5783854166666667 0.6601851851851852 0.04010416666666667 0.06481481481481481
7 0.53359375 0.675 0.0484375 0.10555555555555556
6 0.6106770833333334 0.7212962962962963 0.044270833333333336 0.06851851851851852
0 0.5653645833333333 0.7388888888888889 0.04114583333333333 0.07037037037037037
4 0.37005208333333334 0.7564814814814815 0.058854166666666666 0.10185185185185185
4 0.6309895833333333 0.8 0.043229166666666666 0.07777777777777778
2 0.5309895833333333 0.8009259259259259 0.04114583333333333 0.07962962962962963