5 0.471875 0.9495370370370371 0.053125 0.09907407407407408
2 0.28098958333333335 0.10740740740740741 0.0546875 0.09259259259259259
7 0.5091145833333334 0.11944444444444445 0.0421875 0.08333333333333333
7 0.4705729166666667 0.12129629629629629 0.033854166666666664 0.06111111111111111
2 0.42890625 0.13796296296296295 0.04635416666666667 0.09444444444444444
0 0.66640625 0.15 0.05260416666666667 0.0962962962962963
0 0.5299479166666666 0.1787037037037037 0.0390625 0.06851851851851852
6 0.5846354166666666 0.18611111111111112 0.0640625 0.11666666666666667
0 0.48932291666666666 0.20462962962962963 0.04010416666666667 0.06111111111111111
4 0.2752604166666667 0.21296296296296297 0.030729166666666665 0.04814814814814815
0 0.3263020833333333 0.21944444444444444 0.06197916666666667 0.10555555555555556
4 0.19036458333333334 0.23055555555555557 0.044270833333333336 0.07962962962962963
8 0.7419270833333333 0.23425925925925925 0.05364583333333333 0.08703703703703704
8 0.23776041666666667 0.2361111111111111 0.03697916666666667 0.06111111111111111
8 0.41640625 0.23796296296296296 0.04010416666666667 0.07592592592592592
0 0.6403645833333333 0.24074074074074073 0.05260416666666667 0.08518518518518518
0 0.69765625 0.2490740740740741 0.03802083333333333 0.06851851851851852
0 0.51953125 0.25462962962962965 0.043229166666666666 0.06851851851851852
0 0.37786458333333334 0.2601851851851852 0.033854166666666664 0.07962962962962963
4 0.26796875 0.26666666666666666 0.04010416666666667 0.05555555555555555
1 0.56328125 0.2675925925925926 0.050520833333333334 0.09074074074074075
4 0.4669270833333333 0.2851851851851852 0.0390625 0.07407407407407407
7 0.60234375 0.2898148148148148 0.04114583333333333 0.07222222222222222
2 0.33515625 0.2972222222222222 0.03802083333333333 0.07222222222222222
7 0.40598958333333335 0.30185185185185187 0.04010416666666667 0.05555555555555555
4 0.71953125 0.30648148148148147 0.04010416666666667 0.07592592592592592
1 0.22786458333333334 0.3101851851851852 0.033854166666666664 0.06111111111111111
6 0.7658854166666667 0.3287037037037037 0.06197916666666667 0.11296296296296296
0 0.27578125 0.33425925925925926 0.050520833333333334 0.08333333333333333
7 0.5966145833333333 0.3611111111111111 0.04010416666666667 0.07407407407407407
2 0.31328125 0.362962962962963 0.0421875 0.07407407407407407
2 0.18776041666666668 0.3638888888888889 0.03697916666666667 0.05740740740740741
6 0.5059895833333333 0.3712962962962963 0.04010416666666667 0.06851851851851852
5 0.23411458333333332 0.387037037037037 0.06302083333333333 0.10740740740740741
6 0.6622395833333333 0.4 0.05260416666666667 0.1
4 0.33932291666666664 0.4009259259259259 0.044270833333333336 0.08333333333333333
2 0.18984375 0.4185185185185185 0.034895833333333334 0.05925925925925926
0 0.44453125 0.42685185185185187 0.04010416666666667 0.07222222222222222
6 0.27421875 0.44722222222222224 0.050520833333333334 0.08703703703703704
8 0.3184895833333333 0.4564814814814815 0.04010416666666667 0.06481481481481481
0 0.8184895833333333 0.45740740740740743 0.06510416666666667 0.1111111111111111
6 0.45546875 0.05092592592592592 0.0578125 0.10185185185185185
6 0.24296875 0.5185185185185185 0.05260416666666667 0.08148148148148149
8 0.82578125 0.5407407407407407 0.050520833333333334 0.09259259259259259
7 0.6502604166666667 0.5537037037037037 0.04114583333333333 0.06296296296296296
4 0.38619791666666664 0.05648148148148148 0.03802083333333333 0.07592592592592592
2 0.19869791666666667 0.6074074074074074 0.05260416666666667 0.09259259259259259
7 0.6768229166666667 0.6092592592592593 0.050520833333333334 0.09259259259259259
2 0.22421875 0.6592592592592592 0.04114583333333333 0.06296296296296296
7 0.42682291666666666 0.6805555555555556 0.03802083333333333 0.06851851851851852
1 0.6934895833333333 0.6962962962962963 0.04010416666666667 0.07407407407407407
2 0.18880208333333334 0.6990740740740741 0.043229166666666666 0.07592592592592592
8 0.78984375 0.7046296296296296 0.0578125 0.09814814814814815
0 0.5518229166666667 0.7157407407407408 0.033854166666666664 0.07222222222222222
7 0.8361979166666667 0.737037037037037 0.04010416666666667 0.1037037037037037
4 0.30963541666666666 0.7435185185185185 0.04114583333333333 0.07592592592592592
8 0.19973958333333333 0.7694444444444445 0.05677083333333333 0.09074074074074075
4 0.50703125 0.7796296296296297 0.050520833333333334 0.1
4 0.6877604166666667 0.7824074074074074 0.0515625 0.09814814814814815
2 0.8127604166666667 0.8046296296296296 0.03697916666666667 0.07222222222222222
0 0.6356770833333333 0.8175925925925925 0.043229166666666666 0.08333333333333333
6 0.83984375 0.8333333333333334 0.0328125 0.06296296296296296
6 0.47109375 0.8361111111111111 0.049479166666666664 0.09444444444444444
7 0.36432291666666666 0.8592592592592593 0.05260416666666667 0.1
2 0.5091145833333334 0.875 0.03802083333333333 0.08333333333333333