6 0.39401041666666664 0.12962962962962962 0.059895833333333336 0.10925925925925926
8 0.3734375 0.2324074074074074 0.052083333333333336 0.0962962962962963
4 0.7078125 0.3050925925925926 0.04583333333333333 0.075
0 0.2825520833333333 0.3236111111111111 0.0578125 0.11203703703703703
7 0.61953125 0.3347222222222222 0.050520833333333334 0.09722222222222222
6 0.5908854166666667 0.4408425925925926 0.06614583333333333 0.11018518518518519
4 0.6921875 0.5212962962962963 0.03333333333333333 0.05925925925925926
0 0.33125 0.6041666666666666 0.053125 0.09537037037037037
2 0.23802083333333332 0.6083333333333333 0.04375 0.08148148148148149
7 0.33984375 0.6925925925925925 0.05572916666666667 0.09444444444444444
2 0.23229166666666667 0.7810185185185186 0.04479166666666667 0.075
2 0.4619739583333333 0.792287037037037 0.04583333333333333 0.08148148148148149
0 0.35208333333333336 0.08333333333333333 0.040625 0.07592592592592592
0 0.5502604166666667 0.8439814814814814 0.05572916666666667 0.09351851851851851
2 0.4125 0.8787037037037037 0.04479166666666667 0.07407407407407407