1 0.48802083333333335 0.09722222222222222 0.03854166666666667 0.07407407407407407
1 0.7223958333333333 0.11388888888888889 0.05416666666666667 0.08333333333333333
0 0.17951562500000004 0.11465740740740739 0.053125 0.08796296296296297
2 0.6684895833333333 0.11574074074074074 0.04114583333333333 0.06481481481481481
4 0.28046875 0.16435185185185186 0.0515625 0.06574074074074074
2 0.6985208333333333 0.1723796296296296 0.0359375 0.06388888888888888
8 0.2521666666666667 0.20525 0.03697916666666667 0.06111111111111111
8 0.4571197916666667 0.2404351851851852 0.03958333333333333 0.07407407407407407
2 0.32135416666666666 0.2587962962962963 0.05416666666666667 0.08611111111111111
2 0.40130208333333334 0.27361111111111114 0.0578125 0.08796296296296297
0 0.7552083333333334 0.2810185185185185 0.04583333333333333 0.07685185185185185
0 0.19791666666666666 0.029166666666666667 0.0375 0.058333333333333334
7 0.5 0.3013888888888889 0.04583333333333333 0.08425925925925926
6 0.17578125 0.3162037037037037 0.0421875 0.07685185185185185
7 0.4434895833333333 0.34305555555555556 0.04114583333333333 0.06944444444444445
0 0.36744791666666665 0.37962962962962965 0.05260416666666667 0.09814814814814815
4 0.80078125 0.3912037037037037 0.05260416666666667 0.09351851851851851
7 0.41171875 0.39444444444444443 0.034895833333333334 0.06296296296296296
4 0.7559895833333333 0.43425925925925923 0.0515625 0.07222222222222222
0 0.6627604166666666 0.046296296296296294 0.0640625 0.08888888888888889
4 0.43333333333333335 0.5055555555555555 0.04375 0.07962962962962963
4 0.8010416666666667 0.6023148148148149 0.029166666666666667 0.05648148148148148
2 0.6786458333333333 0.6152777777777778 0.03958333333333333 0.06759259259259259
0 0.165625 0.6421296296296296 0.042708333333333334 0.07685185185185185
1 0.5294270833333333 0.6652777777777777 0.04114583333333333 0.06759259259259259
7 0.7237812499999999 0.6779351851851851 0.04479166666666667 0.075
2 0.8080729166666667 0.6814814814814815 0.04114583333333333 0.06111111111111111
2 0.57265625 0.7041666666666667 0.03802083333333333 0.075
2 0.16666666666666666 0.7069444444444445 0.04479166666666667 0.075
2 0.8026041666666667 0.7273148148148149 0.05520833333333333 0.08425925925925926
7 0.4895833333333333 0.8583333333333333 0.040625 0.08148148148148149
1 0.7807291666666667 0.8611111111111112 0.04583333333333333 0.06481481481481481
6 0.5309895833333333 0.08935185185185185 0.0671875 0.11388888888888889
1 0.7369791666666666 0.8893518518518518 0.04583333333333333 0.06944444444444445
4 0.78203125 0.9185185185185185 0.05364583333333333 0.07222222222222222