2 0.5385416666666667 0.30324074074074076 0.06145833333333333 0.10462962962962963
4 0.37421875 0.32175925925925924 0.0328125 0.05648148148148148
2 0.51328125 0.3611111111111111 0.033854166666666664 0.06851851851851852
7 0.74296875 0.3680555555555556 0.0453125 0.0824074074074074
7 0.6421875 0.40185185185185185 0.052083333333333336 0.09074074074074075
7 0.4236979166666667 0.42314814814814816 0.044270833333333336 0.07777777777777778
4 0.51796875 0.42407407407407405 0.04114583333333333 0.06851851851851852
0 0.50078125 0.538425925925926 0.04010416666666667 0.06388888888888888
1 0.7096354166666666 0.5527777777777778 0.04114583333333333 0.06666666666666667
1 0.6328125 0.5578703703703703 0.03958333333333333 0.07685185185185185
4 0.7369791666666666 0.5671296296296297 0.035416666666666666 0.058333333333333334
0 0.5388020833333333 0.5805555555555556 0.0453125 0.07777777777777778
1 0.5778645833333333 0.6148148148148148 0.0421875 0.06481481481481481
8 0.6677083333333333 0.6194444444444445 0.051041666666666666 0.0962962962962963
2 0.4890625 0.6601851851851852 0.0375 0.08888888888888889
2 0.6908854166666667 0.6708333333333333 0.0328125 0.058333333333333334
4 0.29270833333333335 0.674074074074074 0.05520833333333333 0.10185185185185185
2 0.6005208333333333 0.7620370370370371 0.03958333333333333 0.08518518518518518
2 0.24088541666666666 0.8175925925925925 0.05572916666666667 0.09259259259259259