4 0.5458333333333333 0.32731481481481484 0.03854166666666667 0.075
7 0.64296875 0.033796296296296297 0.0578125 0.06759259259259259
8 0.5796875 0.3958333333333333 0.042708333333333334 0.075
2 0.49661458333333336 0.4046296296296296 0.04114583333333333 0.06296296296296296
0 0.290453125 0.42314814814814816 0.05625 0.09074074074074075
4 0.2171875 0.4787037037037037 0.03958333333333333 0.06851851851851852
0 0.528125 0.49583333333333335 0.05 0.08425925925925926
7 0.4583333333333333 0.5041666666666667 0.040625 0.06759259259259259
0 0.50390625 0.5513888888888889 0.03697916666666667 0.06944444444444445
0 0.24765625 0.6240740740740741 0.0515625 0.08703703703703704
7 0.44088541666666664 0.6240740740740741 0.03697916666666667 0.07777777777777778
0 0.3111979166666667 0.6703703703703704 0.0421875 0.07222222222222222
7 0.21059375 0.7631203703703703 0.04375 0.06574074074074074