0 0.21953125 0.1398148148148148 0.0453125 0.07962962962962963
7 0.4908854166666667 0.1425925925925926 0.0421875 0.07037037037037037
2 0.6559895833333333 0.1638888888888889 0.04114583333333333 0.08703703703703704
1 0.79140625 0.17222222222222222 0.04114583333333333 0.08148148148148149
4 0.44296875 0.20925925925925926 0.0421875 0.07777777777777778
4 0.5872395833333334 0.2564814814814815 0.028645833333333332 0.06851851851851852
8 0.41015625 0.26296296296296295 0.03697916666666667 0.07407407407407407
8 0.3190104166666667 0.2814814814814815 0.04010416666666667 0.07407407407407407
7 0.7846354166666667 0.29907407407407405 0.04010416666666667 0.07222222222222222
0 0.37734375 0.3074074074074074 0.0546875 0.1037037037037037
0 0.2752604166666667 0.33240740740740743 0.0359375 0.07592592592592592
0 0.44765625 0.3490740740740741 0.043229166666666666 0.08333333333333333
2 0.37578125 0.4185185185185185 0.04739583333333333 0.08518518518518518
0 0.74921875 0.5824074074074074 0.04010416666666667 0.06851851851851852
2 0.45807291666666666 0.05925925925925926 0.03697916666666667 0.07037037037037037
1 0.2950520833333333 0.6370370370370371 0.0359375 0.07777777777777778
0 0.56015625 0.6416666666666667 0.0515625 0.09444444444444444
2 0.8059895833333334 0.6518518518518519 0.043229166666666666 0.06666666666666667
0 0.16015625 0.7101851851851851 0.04114583333333333 0.07222222222222222
7 0.80078125 0.725 0.0453125 0.06851851851851852
2 0.15859375 0.7787037037037037 0.0421875 0.07222222222222222
8 0.54609375 0.8574074074074074 0.0359375 0.07407407407407407
6 0.4752604166666667 0.8657407407407407 0.04010416666666667 0.07222222222222222