7 0.36796875 0.9564814814814815 0.050520833333333334 0.08333333333333333
0 0.6200520833333333 0.12361111111111112 0.04114583333333333 0.0712962962962963
0 0.3575520833333333 0.1625 0.05364583333333333 0.0787037037037037
0 0.3302083333333333 0.21064814814814814 0.04791666666666667 0.0787037037037037
4 0.5697916666666667 0.25601851851851853 0.05 0.08981481481481482
4 0.23541666666666666 0.33796296296296297 0.06145833333333333 0.1111111111111111
8 0.49557291666666664 0.3439814814814815 0.0453125 0.0712962962962963
4 0.43125 0.35 0.04895833333333333 0.09259259259259259
8 0.6505208333333333 0.3662037037037037 0.05520833333333333 0.10648148148148148
6 0.47213541666666664 0.4027777777777778 0.05364583333333333 0.07407407407407407
8 0.5890625 0.45046296296296295 0.04479166666666667 0.08055555555555556
8 0.31068229166666667 0.49444444444444446 0.042708333333333334 0.08518518518518518
4 0.39453125 0.5037037037037037 0.05677083333333333 0.11296296296296296
8 0.5166666666666667 0.5370370370370371 0.058333333333333334 0.10185185185185185
0 0.7161458333333334 0.5625 0.059375 0.11574074074074074
0 0.5658854166666667 0.7800925925925926 0.04739583333333333 0.09722222222222222