1 0.4276041666666667 0.9629629629629629 0.03958333333333333 0.06851851851851852
2 0.4947916666666667 0.9712962962962963 0.046875 0.05555555555555555
2 0.7169270833333333 0.16435185185185186 0.0390625 0.06759259259259259
6 0.7638020833333333 0.2074074074074074 0.049479166666666664 0.09444444444444444
8 0.6221354166666667 0.48518518518518516 0.0453125 0.07222222222222222
2 0.5494791666666666 0.48657407407407405 0.0375 0.06759259259259259
0 0.5854166666666667 0.5152777777777777 0.040625 0.07314814814814814
0 0.6197031249999999 0.5949074074074074 0.0390625 0.06944444444444445
7 0.4825520833333333 0.6287037037037037 0.03697916666666667 0.07407407407407407
8 0.5700520833333333 0.6439814814814815 0.0578125 0.08611111111111111
7 0.63046875 0.6560185185185186 0.04114583333333333 0.07685185185185185
2 0.7216145833333333 0.6564814814814814 0.0421875 0.07037037037037037
2 0.675 0.6675925925925926 0.03854166666666667 0.07037037037037037
7 0.32473958333333336 0.7680555555555556 0.04635416666666667 0.0787037037037037
4 0.75028125 0.7716851851851851 0.043229166666666666 0.0787037037037037
0 0.44453125 0.7962962962962963 0.044270833333333336 0.07962962962962963
0 0.6033854166666667 0.8083333333333333 0.03697916666666667 0.07407407407407407
1 0.7614583333333333 0.8442870370370371 0.04479166666666667 0.07685185185185185
2 0.37578125 0.8611111111111112 0.03177083333333333 0.06851851851851852
4 0.5002604166666667 0.8958333333333334 0.043229166666666666 0.075