8 0.5497395833333333 0.9416666666666667 0.04114583333333333 0.07407407407407407
7 0.6638020833333333 0.9546296296296296 0.050520833333333334 0.08518518518518518
0 0.70703125 0.30324074074074076 0.043229166666666666 0.0712962962962963
2 0.6587708333333334 0.3567962962962963 0.034895833333333334 0.05740740740740741
0 0.5893229166666667 0.3976851851851852 0.0453125 0.0824074074074074
4 0.7455729166666667 0.4388888888888889 0.0453125 0.07592592592592592
0 0.2947916666666667 0.449537037037037 0.053125 0.08611111111111111
2 0.49583333333333335 0.513425925925926 0.042708333333333334 0.07685185185185185
7 0.6526041666666667 0.5143518518518518 0.04583333333333333 0.0787037037037037
1 0.22708333333333333 0.5166666666666667 0.046875 0.07592592592592592
0 0.30416666666666664 0.5592592592592592 0.04479166666666667 0.06481481481481481
8 0.5473958333333333 0.5819444444444445 0.04791666666666667 0.08796296296296297
0 0.60703125 0.5981481481481481 0.049479166666666664 0.08703703703703704
7 0.7234375 0.6013888888888889 0.05 0.11203703703703703
2 0.5692708333333333 0.6416666666666667 0.0375 0.07037037037037037
8 0.59140625 0.7023148148148148 0.05572916666666667 0.08796296296296297
7 0.52890625 0.7069444444444445 0.04114583333333333 0.0824074074074074
2 0.7386302083333334 0.7165092592592593 0.06822916666666666 0.11388888888888889
4 0.79375 0.8060185185185185 0.051041666666666666 0.08425925925925926
2 0.7236979166666667 0.8101851851851852 0.0453125 0.07407407407407407
0 0.5283854166666667 0.8814814814814815 0.044270833333333336 0.07962962962962963