4 0.5747395833333333 0.10185185185185185 0.04739583333333333 0.07592592592592592
0 0.6653645833333334 0.11805555555555555 0.04114583333333333 0.06018518518518518
4 0.6640625 0.16435185185185186 0.04375 0.0712962962962963
6 0.5877604166666667 0.19490740740740742 0.044270833333333336 0.06944444444444445
4 0.6997395833333333 0.2037037037037037 0.05572916666666667 0.09444444444444444
0 0.5268229166666667 0.2865740740740741 0.043229166666666666 0.06759259259259259
7 0.6135416666666667 0.2967592592592593 0.051041666666666666 0.09907407407407408
4 0.36614583333333334 0.3111111111111111 0.03958333333333333 0.07222222222222222
8 0.40651041666666665 0.4162037037037037 0.05677083333333333 0.08981481481481482
6 0.5174479166666667 0.4671296296296296 0.043229166666666666 0.08055555555555556
7 0.8002604166666667 0.4962962962962963 0.03802083333333333 0.07222222222222222
7 0.45078125 0.5023148148148148 0.03697916666666667 0.05462962962962963
1 0.39895833333333336 0.5550925925925926 0.042708333333333334 0.06759259259259259
7 0.7901041666666667 0.5657407407407408 0.05 0.07777777777777778
4 0.3640625 0.5912037037037037 0.03958333333333333 0.07685185185185185
1 0.47265625 0.6166666666666667 0.043229166666666666 0.07592592592592592
4 0.15182291666666667 0.6888888888888889 0.043229166666666666 0.08703703703703704
0 0.5049479166666667 0.7083333333333334 0.049479166666666664 0.0962962962962963
8 0.7111979166666667 0.8046296296296296 0.0578125 0.0962962962962963
2 0.7817708333333333 0.8050925925925926 0.05416666666666667 0.09351851851851851
0 0.7486979166666666 0.8537037037037037 0.043229166666666666 0.07592592592592592