1 0.6682291666666667 0.16203703703703703 0.042708333333333334 0.07037037037037037
2 0.26197916666666665 0.2865740740740741 0.03854166666666667 0.06944444444444445
2 0.3536458333333333 0.30833333333333335 0.04375 0.07962962962962963
0 0.478125 0.36064814814814816 0.040625 0.06759259259259259
2 0.7065104166666667 0.4003055555555555 0.04114583333333333 0.07222222222222222
2 0.571875 0.43796296296296294 0.042708333333333334 0.06481481481481481
0 0.665015625 0.4513888888888889 0.04635416666666667 0.0787037037037037
4 0.6703125 0.5888888888888889 0.053125 0.09814814814814815
1 0.44557291666666665 0.5953703703703703 0.043229166666666666 0.07037037037037037
0 0.5130208333333334 0.6347222222222222 0.040625 0.0787037037037037
0 0.19479166666666667 0.6537037037037037 0.04375 0.08148148148148149
6 0.46796875 0.7064814814814815 0.04635416666666667 0.08888888888888889
4 0.6723958333333333 0.7347222222222223 0.04895833333333333 0.08611111111111111
8 0.25286458333333334 0.07824074074074074 0.0484375 0.07685185185185185
5 0.3763020833333333 0.8472222222222222 0.04739583333333333 0.08333333333333333
7 0.3658854166666667 0.09027777777777778 0.0421875 0.06574074074074074