4 0.3299479166666667 0.09444444444444444 0.04635416666666667 0.07777777777777778
6 0.4412291666666667 0.1412037037037037 0.04635416666666667 0.075
7 0.49765625 0.14166666666666666 0.0328125 0.06481481481481481
1 0.7841145833333333 0.1425925925925926 0.04635416666666667 0.08148148148148149
8 0.36354166666666665 0.17222222222222222 0.05416666666666667 0.09074074074074075
4 0.73515625 0.20462962962962963 0.04114583333333333 0.09074074074074075
4 0.7807291666666667 0.225 0.03958333333333333 0.07037037037037037
0 0.3260416666666667 0.2574074074074074 0.04583333333333333 0.07037037037037037
6 0.7018229166666666 0.262037037037037 0.04010416666666667 0.07407407407407407
4 0.81171875 0.38425925925925924 0.04635416666666667 0.07037037037037037
4 0.8161458333333333 0.04027777777777778 0.0375 0.075
6 0.47994791666666664 0.4166666666666667 0.0515625 0.08703703703703704
8 0.43645833333333334 0.4449074074074074 0.051041666666666666 0.08796296296296297
7 0.20260416666666667 0.5157407407407407 0.04375 0.06481481481481481
7 0.4114583333333333 0.5833333333333334 0.040625 0.07037037037037037
1 0.23489583333333333 0.6620370370370371 0.04583333333333333 0.07407407407407407
8 0.20052083333333334 0.6930555555555555 0.04583333333333333 0.06759259259259259
4 0.27005208333333336 0.737037037037037 0.058854166666666666 0.09814814814814815
2 0.21354166666666666 0.7657407407407407 0.05625 0.10185185185185185
0 0.38403125 0.09228703703703706 0.03958333333333333 0.07037037037037037