2 0.4825520833333333 0.13240740740740742 0.050520833333333334 0.09074074074074075
7 0.39088541666666665 0.2953703703703704 0.05260416666666667 0.09814814814814815
1 0.5419270833333333 0.3 0.058854166666666666 0.11851851851851852
4 0.6236979166666666 0.40370370370370373 0.0390625 0.0962962962962963
4 0.65703125 0.475 0.0578125 0.07962962962962963
1 0.27682291666666664 0.49907407407407406 0.049479166666666664 0.07962962962962963
8 0.5611979166666666 0.5398148148148149 0.0453125 0.07592592592592592
4 0.57265625 0.600925925925926 0.043229166666666666 0.06481481481481481
8 0.71328125 0.6175925925925926 0.059895833333333336 0.09814814814814815
6 0.5252604166666667 0.6175925925925926 0.05572916666666667 0.07592592592592592
8 0.7997395833333333 0.687037037037037 0.049479166666666664 0.08888888888888889
2 0.5565104166666667 0.6953703703703704 0.07239583333333334 0.12777777777777777
2 0.3221354166666667 0.7462962962962963 0.050520833333333334 0.08148148148148149
0 0.4002604166666667 0.8046296296296296 0.06302083333333333 0.1685185185185185
2 0.31536458333333334 0.8342592592592593 0.0671875 0.10185185185185185