8 0.5644062499999999 0.10601851851851851 0.05625 0.09166666666666666
0 0.1859375 0.14907407407407408 0.042708333333333334 0.07037037037037037
4 0.16171875 0.19675925925925927 0.0421875 0.06574074074074074
0 0.6622395833333333 0.2 0.04114583333333333 0.07037037037037037
6 0.5049479166666667 0.26296296296296295 0.0484375 0.09074074074074075
1 0.15989583333333332 0.35555555555555557 0.04375 0.07222222222222222
0 0.26119791666666664 0.4050925925925926 0.0515625 0.09722222222222222
4 0.15651041666666668 0.42916666666666664 0.0421875 0.06574074074074074
4 0.18125 0.04537037037037037 0.0375 0.07222222222222222
4 0.4322916666666667 0.47638888888888886 0.03958333333333333 0.07685185185185185
6 0.40078125 0.5074074074074074 0.0359375 0.06481481481481481
7 0.7997395833333333 0.5138888888888888 0.0421875 0.06481481481481481
6 0.4393229166666667 0.575462962962963 0.04635416666666667 0.07685185185185185
8 0.48515625 0.5879629629629629 0.0515625 0.09259259259259259
4 0.6182291666666667 0.6078703703703704 0.051041666666666666 0.08611111111111111
1 0.36692708333333335 0.6134259259259259 0.0359375 0.0787037037037037
7 0.6986979166666667 0.625462962962963 0.043229166666666666 0.075
4 0.362671875 0.7217592592592592 0.0375 0.06944444444444445
0 0.7216145833333333 0.7273148148148149 0.0421875 0.06944444444444445
2 0.7552083333333334 0.7699074074074074 0.05 0.08611111111111111