8 0.7388020833333333 0.9351851851851852 0.043229166666666666 0.06296296296296296
4 0.22005208333333334 0.9462962962962963 0.04010416666666667 0.08148148148148149
2 0.7763020833333333 0.9472222222222222 0.0421875 0.07962962962962963
6 0.4140625 0.9569444444444445 0.06041666666666667 0.08425925925925926
7 0.6630208333333333 0.9583333333333334 0.03958333333333333 0.06851851851851852
5 0.45677083333333335 0.9606481481481481 0.04791666666666667 0.07685185185185185
4 0.290625 0.9634259259259259 0.042708333333333334 0.0712962962962963
0 0.3255208333333333 0.9671296296296297 0.03958333333333333 0.06388888888888888
8 0.19114583333333332 0.9726851851851852 0.035416666666666666 0.05277777777777778
4 0.15520833333333334 0.9745370370370371 0.04583333333333333 0.049074074074074076
7 0.2955729166666667 0.19907407407407407 0.0578125 0.08703703703703704
5 0.23255208333333333 0.2222222222222222 0.050520833333333334 0.0962962962962963
0 0.30703125 0.2796296296296296 0.04114583333333333 0.06666666666666667
4 0.49713541666666666 0.2796296296296296 0.03177083333333333 0.05185185185185185
0 0.7997395833333333 0.3388888888888889 0.043229166666666666 0.06666666666666667
8 0.44557291666666665 0.34074074074074073 0.0390625 0.07777777777777778
4 0.16432291666666668 0.3425925925925926 0.04739583333333333 0.07777777777777778
4 0.16848958333333333 0.3453703703703704 0.0390625 0.06851851851851852
8 0.20911458333333333 0.3472222222222222 0.0515625 0.08703703703703704
0 0.33255208333333336 0.35648148148148145 0.0609375 0.10555555555555556
6 0.40651041666666665 0.3712962962962963 0.04635416666666667 0.08333333333333333
0 0.47369791666666666 0.4027777777777778 0.0453125 0.07592592592592592
7 0.6044270833333333 0.4111111111111111 0.044270833333333336 0.08148148148148149
0 0.7684895833333333 0.412962962962963 0.04114583333333333 0.07037037037037037
6 0.64140625 0.4166666666666667 0.034895833333333334 0.07037037037037037
4 0.3580729166666667 0.4212962962962963 0.0390625 0.07222222222222222
0 0.17369791666666667 0.4212962962962963 0.049479166666666664 0.08703703703703704
8 0.39088541666666665 0.46111111111111114 0.050520833333333334 0.09259259259259259
8 0.5033854166666667 0.46296296296296297 0.04010416666666667 0.06666666666666667
0 0.31276041666666665 0.4666666666666667 0.0421875 0.05925925925925926
8 0.5794270833333334 0.47129629629629627 0.05260416666666667 0.08703703703703704
0 0.65703125 0.48518518518518516 0.049479166666666664 0.09259259259259259
0 0.18463541666666666 0.4888888888888889 0.04635416666666667 0.06296296296296296
6 0.7966145833333333 0.49722222222222223 0.06197916666666667 0.09814814814814815
4 0.33307291666666666 0.5212962962962963 0.04010416666666667 0.07222222222222222
4 0.37734375 0.5324074074074074 0.03802083333333333 0.07592592592592592
0 0.5971354166666667 0.5462962962962963 0.06302083333333333 0.1
0 0.17421875 0.55 0.0484375 0.08148148148148149
5 0.64921875 0.5555555555555556 0.04010416666666667 0.07037037037037037
4 0.52578125 0.575 0.03802083333333333 0.07592592592592592
7 0.3611979166666667 0.5842592592592593 0.043229166666666666 0.07592592592592592
4 0.39817708333333335 0.5888888888888889 0.0359375 0.07037037037037037
4 0.32109375 0.5981481481481481 0.049479166666666664 0.09259259259259259
4 0.27838541666666666 0.6027777777777777 0.03697916666666667 0.07962962962962963
1 0.23776041666666667 0.6166666666666667 0.0390625 0.06666666666666667
5 0.62734375 0.6240740740740741 0.06302083333333333 0.10740740740740741
4 0.50546875 0.6342592592592593 0.04010416666666667 0.07962962962962963
4 0.42213541666666665 0.6564814814814814 0.043229166666666666 0.06481481481481481
6 0.45703125 0.6666666666666666 0.034895833333333334 0.06666666666666667
2 0.5705729166666667 0.6675925925925926 0.04114583333333333 0.053703703703703705
6 0.6731770833333334 0.674074074074074 0.03802083333333333 0.08148148148148149
7 0.24505208333333334 0.675 0.04010416666666667 0.06851851851851852
2 0.17317708333333334 0.6805555555555556 0.05677083333333333 0.09444444444444444
4 0.54609375 0.7101851851851851 0.04114583333333333 0.07962962962962963
0 0.63046875 0.7157407407407408 0.04010416666666667 0.06851851851851852
0 0.58984375 0.7222222222222222 0.0390625 0.06296296296296296
7 0.72421875 0.7287037037037037 0.0421875 0.06851851851851852
8 0.2721354166666667 0.7361111111111112 0.0421875 0.06851851851851852
2 0.5111979166666667 0.7444444444444445 0.044270833333333336 0.06666666666666667
7 0.3263020833333333 0.7462962962962963 0.05260416666666667 0.1
7 0.23619791666666667 0.7472222222222222 0.0390625 0.07962962962962963
0 0.7643229166666666 0.7490740740740741 0.049479166666666664 0.09814814814814815
7 0.16067708333333333 0.7564814814814815 0.033854166666666664 0.06111111111111111
0 0.69296875 0.7574074074074074 0.0453125 0.06666666666666667
6 0.19609375 0.7657407407407407 0.04635416666666667 0.07962962962962963
0 0.56953125 0.774074074074074 0.03802083333333333 0.07777777777777778
4 0.44140625 0.7768518518518519 0.0390625 0.07222222222222222
1 0.6611979166666667 0.7888888888888889 0.04114583333333333 0.06296296296296296
1 0.6184895833333334 0.7907407407407407 0.04739583333333333 0.09259259259259259
1 0.70234375 0.8203703703703704 0.03802083333333333 0.05925925925925926
8 0.16328125 0.8231481481481482 0.04739583333333333 0.09444444444444444
8 0.3971354166666667 0.8277777777777777 0.0421875 0.07037037037037037
7 0.3533854166666667 0.8314814814814815 0.03802083333333333 0.07777777777777778
0 0.20546875 0.8407407407407408 0.04010416666666667 0.07037037037037037
7 0.66953125 0.8740740740740741 0.05572916666666667 0.09259259259259259
2 0.22421875 0.8787037037037037 0.0359375 0.05740740740740741
0 0.7565104166666666 0.8787037037037037 0.04635416666666667 0.07592592592592592
1 0.5799479166666667 0.8814814814814815 0.0390625 0.07777777777777778
1 0.41484375 0.8842592592592593 0.03802083333333333 0.06111111111111111
8 0.8127604166666667 0.9037037037037037 0.04010416666666667 0.07407407407407407
1 0.3377604166666667 0.9046296296296297 0.0453125 0.06481481481481481
4 0.16848958333333333 0.9055555555555556 0.05572916666666667 0.08888888888888889
4 0.3809895833333333 0.9083333333333333 0.0421875 0.07222222222222222