0 0.5559895833333334 0.13333333333333333 0.058854166666666666 0.11481481481481481
6 0.47317708333333336 0.24166666666666667 0.06197916666666667 0.11666666666666667
7 0.52109375 0.26481481481481484 0.04635416666666667 0.07037037037037037
4 0.29661458333333335 0.30833333333333335 0.0421875 0.06481481481481481
4 0.3690104166666667 0.3592592592592593 0.0390625 0.08148148148148149
4 0.46015625 0.3972222222222222 0.03802083333333333 0.06481481481481481
4 0.40390625 0.48703703703703705 0.03177083333333333 0.06296296296296296
6 0.3684895833333333 0.5296296296296297 0.04010416666666667 0.07407407407407407
6 0.43463541666666666 0.562962962962963 0.059895833333333336 0.10740740740740741
5 0.21432291666666667 0.5814814814814815 0.044270833333333336 0.07407407407407407
7 0.8299479166666667 0.6296296296296297 0.044270833333333336 0.06296296296296296
1 0.39609375 0.6305555555555555 0.0453125 0.09074074074074075
0 0.2986979166666667 0.7657407407407407 0.0421875 0.07962962962962963
8 0.37838541666666664 0.774074074074074 0.04114583333333333 0.06666666666666667
8 0.22578125 0.7981481481481482 0.0359375 0.06296296296296296
6 0.3893229166666667 0.8407407407407408 0.04635416666666667 0.08888888888888889
4 0.7830729166666667 0.8537037037037037 0.04010416666666667 0.07777777777777778
2 0.3033854166666667 0.8898148148148148 0.043229166666666666 0.07222222222222222