2 0.3611979166666667 0.18425925925925926 0.0515625 0.0962962962962963
2 0.6359375 0.19444444444444445 0.04895833333333333 0.08888888888888889
8 0.6359375 0.26435185185185184 0.04375 0.075
5 0.7565989583333333 0.3044722222222222 0.03854166666666667 0.075
7 0.6263020833333334 0.39490740740740743 0.03697916666666667 0.06759259259259259
0 0.2747395833333333 0.6171296296296296 0.043229166666666666 0.06759259259259259
4 0.23828125 0.6601851851851852 0.0421875 0.07407407407407407
1 0.3753489583333333 0.7064814814814815 0.03958333333333333 0.07407407407407407
2 0.4669270833333333 0.7203703703703703 0.0421875 0.07407407407407407
8 0.27421875 0.7541666666666667 0.04114583333333333 0.07685185185185185
2 0.3302083333333333 0.8666666666666667 0.04375 0.07962962962962963