4 0.784375 0.1476851851851852 0.053125 0.09351851851851851
8 0.38203125 0.1763888888888889 0.033854166666666664 0.08425925925925926
4 0.7580729166666667 0.03009259259259259 0.05677083333333333 0.06018518518518518
7 0.7098958333333333 0.32916666666666666 0.04375 0.06759259259259259
1 0.2752604166666667 0.3560185185185185 0.0515625 0.07314814814814814
8 0.20703125 0.3680555555555556 0.044270833333333336 0.0787037037037037
4 0.5151041666666667 0.39305555555555555 0.03333333333333333 0.06574074074074074
2 0.42630208333333336 0.449537037037037 0.05364583333333333 0.08981481481481482
2 0.5502604166666667 0.4728333333333334 0.059895833333333336 0.10185185185185185
0 0.31536458333333334 0.5050925925925925 0.05260416666666667 0.09351851851851851
7 0.5864583333333333 0.5097222222222222 0.030208333333333334 0.05462962962962963
2 0.26276041666666666 0.5300925925925926 0.04739583333333333 0.07314814814814814
0 0.36354166666666665 0.8231481481481482 0.042708333333333334 0.07407407407407407
4 0.33671875 0.8768518518518519 0.04114583333333333 0.07777777777777778