8 0.69609375 0.9361111111111111 0.049479166666666664 0.08148148148148149
6 0.5140625 0.25 0.06041666666666667 0.12037037037037036
0 0.3229166666666667 0.28564814814814815 0.053125 0.09166666666666666
8 0.45755208333333336 0.28564814814814815 0.0515625 0.09537037037037037
0 0.23784895833333333 0.33149074074074075 0.04479166666666667 0.08333333333333333
2 0.30390625 0.34675925925925927 0.033854166666666664 0.06574074074074074
5 0.20625 0.4125 0.057291666666666664 0.09722222222222222
7 0.7630208333333334 0.41388888888888886 0.05416666666666667 0.08888888888888889
0 0.30755208333333334 0.5018518518518519 0.06197916666666667 0.09814814814814815
0 0.20989583333333334 0.5712962962962963 0.04375 0.07777777777777778
6 0.49921875 0.6370370370370371 0.05364583333333333 0.09074074074074075
0 0.5890625 0.6953703703703704 0.0625 0.1111111111111111
4 0.58203125 0.7828703703703703 0.0421875 0.06388888888888888
2 0.2760416666666667 0.8152777777777778 0.046875 0.08055555555555556
7 0.3385416666666667 0.8689814814814815 0.06354166666666666 0.11388888888888889
0 0.6356770833333333 0.8773148148148148 0.059895833333333336 0.10462962962962963