0 0.5721354166666667 0.9277777777777778 0.034895833333333334 0.06666666666666667
0 0.22786458333333334 0.31203703703703706 0.044270833333333336 0.07592592592592592
7 0.19817708333333334 0.34629629629629627 0.0453125 0.07407407407407407
4 0.33828125 0.36018518518518516 0.04635416666666667 0.07222222222222222
1 0.4044270833333333 0.41574074074074074 0.034895833333333334 0.05740740740740741
4 0.45390625 0.5185185185185185 0.03177083333333333 0.06666666666666667
6 0.4986979166666667 0.5722222222222222 0.04635416666666667 0.0962962962962963
0 0.38307291666666665 0.600925925925926 0.04635416666666667 0.07222222222222222
4 0.46380208333333334 0.6092592592592593 0.034895833333333334 0.06666666666666667
8 0.7049479166666667 0.6981481481481482 0.0546875 0.10740740740740741
7 0.59609375 0.7212962962962963 0.04739583333333333 0.08703703703703704