0 0.5122395833333333 0.24259259259259258 0.03802083333333333 0.07222222222222222
6 0.5627604166666667 0.3143518518518518 0.0296875 0.058333333333333334
4 0.3619791666666667 0.3773148148148148 0.040625 0.075
2 0.6059010416666666 0.4183611111111111 0.03229166666666667 0.058333333333333334
4 0.2591145833333333 0.4861111111111111 0.043229166666666666 0.07777777777777778
0 0.6221354166666667 0.5106481481481482 0.0421875 0.07685185185185185
8 0.456078125 0.5773148148148148 0.05 0.09537037037037037
1 0.6138020833333333 0.586574074074074 0.03802083333333333 0.06574074074074074
6 0.25078125 0.5930555555555556 0.0671875 0.10648148148148148
0 0.38359375 0.6101851851851852 0.05260416666666667 0.09074074074074075
0 0.5518229166666667 0.6226851851851852 0.03697916666666667 0.06574074074074074
0 0.5880208333333333 0.6324074074074074 0.03854166666666667 0.07407407407407407
7 0.328125 0.6435185185185185 0.040625 0.07407407407407407
2 0.35494791666666664 0.6847222222222222 0.0359375 0.06944444444444445
7 0.25859375 0.6861111111111111 0.0421875 0.07962962962962963
2 0.22708333333333333 0.7125 0.04375 0.06944444444444445
0 0.5997395833333333 0.7416666666666667 0.04739583333333333 0.08888888888888889
7 0.28020833333333334 0.7425925925925926 0.040625 0.07222222222222222
8 0.3958333333333333 0.7486111111111111 0.05 0.09351851851851851
2 0.4842083333333333 0.8401203703703705 0.04375 0.06296296296296296