0 0.19583333333333333 0.1726851851851852 0.03854166666666667 0.07314814814814814
0 0.5752604166666667 0.17546296296296296 0.0421875 0.06759259259259259
2 0.6052083333333333 0.274537037037037 0.042708333333333334 0.07314814814814814
7 0.6052083333333333 0.33564814814814814 0.036458333333333336 0.06759259259259259
7 0.5516510416666667 0.4291759259259259 0.04010416666666667 0.06388888888888888
7 0.3341145833333333 0.4564814814814815 0.049479166666666664 0.07037037037037037
2 0.53671875 0.6208333333333333 0.04010416666666667 0.06944444444444445
2 0.79921875 0.6601851851851852 0.0484375 0.07037037037037037
2 0.7731770833333333 0.7166666666666667 0.03802083333333333 0.06481481481481481
0 0.7190104166666667 0.7263888888888889 0.04635416666666667 0.08055555555555556
5 0.5942708333333333 0.899074074074074 0.05416666666666667 0.09259259259259259
4 0.7796875 0.9222222222222223 0.035416666666666666 0.06481481481481481