7 0.4700520833333333 0.1712962962962963 0.0359375 0.07222222222222222
0 0.7033854166666667 0.2972222222222222 0.044270833333333336 0.07962962962962963
4 0.7377604166666667 0.325 0.0421875 0.06481481481481481
1 0.53828125 0.3425925925925926 0.034895833333333334 0.06666666666666667
2 0.5716145833333334 0.3537037037037037 0.0265625 0.06296296296296296
6 0.5986979166666667 0.36666666666666664 0.0328125 0.05555555555555555
8 0.26015625 0.38796296296296295 0.05364583333333333 0.10185185185185185
7 0.6611979166666667 0.39814814814814814 0.0390625 0.07777777777777778
6 0.72890625 0.40555555555555556 0.06822916666666666 0.10740740740740741
4 0.80546875 0.45555555555555555 0.04635416666666667 0.07407407407407407
0 0.5278645833333333 0.4583333333333333 0.043229166666666666 0.07592592592592592
0 0.3377604166666667 0.47314814814814815 0.044270833333333336 0.07592592592592592
2 0.70703125 0.48518518518518516 0.0453125 0.07037037037037037
0 0.6544270833333333 0.5527777777777778 0.0546875 0.09074074074074075
7 0.71953125 0.5879629629629629 0.049479166666666664 0.07962962962962963
2 0.32890625 0.6574074074074074 0.0390625 0.07407407407407407
0 0.3846354166666667 0.08425925925925926 0.0421875 0.08703703703703704
8 0.5799479166666667 0.8462962962962963 0.0578125 0.1
2 0.5190104166666667 0.912962962962963 0.04635416666666667 0.07037037037037037