0 0.5388020833333333 0.9462962962962963 0.05677083333333333 0.10555555555555556
6 0.5565104166666667 0.22962962962962963 0.06510416666666667 0.10925925925925926
4 0.37526041666666665 0.24305555555555555 0.0359375 0.06944444444444445
8 0.4192708333333333 0.2851851851851852 0.04583333333333333 0.07962962962962963
0 0.36354166666666665 0.31342592592592594 0.053125 0.08425925925925926
0 0.5236979166666667 0.33101851851851855 0.06614583333333333 0.10462962962962963
2 0.4265625 0.35185185185185186 0.03125 0.05740740740740741
8 0.5872395833333334 0.3541666666666667 0.0390625 0.07685185185185185
0 0.43723958333333335 0.4203703703703704 0.043229166666666666 0.06851851851851852
7 0.29322916666666665 0.5035555555555555 0.03958333333333333 0.08425925925925926
0 0.78984375 0.5226851851851851 0.0421875 0.07314814814814814
5 0.55546875 0.5657407407407408 0.05260416666666667 0.09259259259259259
0 0.33828125 0.575925925925926 0.05364583333333333 0.10555555555555556
6 0.43671875 0.6152777777777778 0.050520833333333334 0.09537037037037037
2 0.61953125 0.7231481481481481 0.043229166666666666 0.07407407407407407
7 0.34661458333333334 0.7240740740740741 0.05364583333333333 0.09814814814814815