0 0.27734375 0.1 0.04739583333333333 0.08518518518518518
7 0.26276041666666666 0.175 0.049479166666666664 0.07222222222222222
8 0.20546875 0.22870370370370371 0.043229166666666666 0.07962962962962963
4 0.6971354166666667 0.24074074074074073 0.0453125 0.07777777777777778
4 0.6143229166666667 0.2611111111111111 0.033854166666666664 0.05555555555555555
4 0.6049479166666667 0.3277777777777778 0.05260416666666667 0.07407407407407407
0 0.6278645833333333 0.3972222222222222 0.03802083333333333 0.06851851851851852
4 0.6684895833333333 0.42314814814814816 0.0421875 0.09074074074074075
6 0.29348958333333336 0.4462962962962963 0.05677083333333333 0.08888888888888889
1 0.24817708333333333 0.5148148148148148 0.049479166666666664 0.06296296296296296
4 0.48671875 0.5425925925925926 0.05364583333333333 0.0962962962962963
5 0.6580729166666667 0.5537037037037037 0.04010416666666667 0.08148148148148149
4 0.5471354166666667 0.6694444444444444 0.0328125 0.06851851851851852
0 0.5169270833333334 0.7027777777777777 0.0453125 0.08333333333333333
0 0.5169270833333334 0.7944444444444444 0.04114583333333333 0.05925925925925926
4 0.38984375 0.8166666666666667 0.0390625 0.07777777777777778