4 0.3674163179916318 0.11473880597014925 0.04445606694560669 0.08395522388059702
8 0.6592573221757322 0.3162313432835821 0.0549163179916318 0.09888059701492537
2 0.5525627615062761 0.33861940298507465 0.038179916317991634 0.07276119402985075
6 0.26752092050209203 0.3498134328358209 0.05596234309623431 0.10261194029850747
4 0.3151150627615063 0.3843283582089552 0.040271966527196654 0.06716417910447761
4 0.49137029288702927 0.4141791044776119 0.03922594142259414 0.07462686567164178
5 0.41971757322175735 0.6138059701492538 0.04654811715481171 0.07462686567164178
0 0.7392782426778243 0.6455223880597015 0.04131799163179916 0.0708955223880597
0 0.43226987447698745 0.6996268656716418 0.05910041841004184 0.11194029850746269
0 0.7601987447698745 0.7136194029850746 0.05596234309623431 0.09514925373134328
6 0.35747907949790797 0.7182835820895522 0.06642259414225941 0.11567164179104478
1 0.5557008368200836 0.7397388059701493 0.040271966527196654 0.06529850746268656