4 0.62109375 0.9462962962962963 0.0421875 0.07962962962962963
2 0.5403645833333334 0.4583333333333333 0.034895833333333334 0.05925925925925926
1 0.496875 0.5120370370370371 0.03854166666666667 0.07037037037037037
0 0.39166666666666666 0.5634259259259259 0.042708333333333334 0.07685185185185185
2 0.51640625 0.5824074074074074 0.049479166666666664 0.08518518518518518
6 0.6067708333333334 0.6041666666666666 0.05 0.08425925925925926
2 0.66796875 0.6180555555555556 0.0421875 0.075
7 0.5690104166666666 0.7453703703703703 0.050520833333333334 0.0962962962962963
8 0.61171875 0.7777777777777778 0.050520833333333334 0.08703703703703704
7 0.41640625 0.8115740740740741 0.043229166666666666 0.08055555555555556
4 0.6446197916666667 0.8549351851851852 0.04375 0.07592592592592592