8 0.33760460251046026 0.2490671641791045 0.049686192468619245 0.0914179104477612
2 0.5415794979079498 0.291044776119403 0.03922594142259414 0.0708955223880597
2 0.34544979079497906 0.33488805970149255 0.04864016736401674 0.08395522388059702
8 0.7251569037656904 0.3414179104477612 0.05700836820083682 0.08582089552238806
0 0.38362970711297073 0.3451492537313433 0.04131799163179916 0.06716417910447761
2 0.6571652719665272 0.37593283582089554 0.038179916317991634 0.06902985074626866
1 0.6817468619246861 0.4197761194029851 0.03922594142259414 0.05970149253731343
0 0.3611401673640167 0.4216417910447761 0.04236401673640167 0.08208955223880597
7 0.6247384937238494 0.42257462686567165 0.047594142259414225 0.07649253731343283
0 0.5279811715481172 0.4244402985074627 0.03922594142259414 0.07276119402985075
2 0.6566422594142259 0.4710820895522388 0.03713389121338912 0.07649253731343283
2 0.6216004184100419 0.48600746268656714 0.028765690376569036 0.061567164179104475
4 0.7251569037656904 0.519589552238806 0.03713389121338912 0.061567164179104475
8 0.3946129707112971 0.5214552238805971 0.04131799163179916 0.07649253731343283
0 0.6592573221757322 0.5457089552238806 0.040271966527196654 0.06529850746268656
8 0.4573744769874477 0.6240671641791045 0.040271966527196654 0.07649253731343283
1 0.34440376569037656 0.6324626865671642 0.04236401673640167 0.08582089552238806
4 0.6236924686192469 0.7826492537313433 0.04654811715481171 0.07276119402985075