4 0.5981770833333333 0.1388888888888889 0.0515625 0.0962962962962963
8 0.6783854166666666 0.15462962962962962 0.03802083333333333 0.06851851851851852
1 0.6395833333333333 0.20277777777777778 0.04479166666666667 0.09074074074074075
4 0.21640625 0.2763888888888889 0.0421875 0.07685185185185185
4 0.6447916666666667 0.3106481481481482 0.03958333333333333 0.075
4 0.5971354166666667 0.3597222222222222 0.04114583333333333 0.06759259259259259
4 0.80703125 0.41203703703703703 0.027604166666666666 0.06481481481481481
8 0.5276041666666667 0.4152777777777778 0.03958333333333333 0.075
4 0.7216145833333333 0.45416666666666666 0.0421875 0.075
0 0.5046875 0.4791666666666667 0.035416666666666666 0.07314814814814814
2 0.5908854166666667 0.5967592592592592 0.04114583333333333 0.06759259259259259
0 0.7609375 0.6319444444444444 0.04479166666666667 0.06574074074074074
2 0.796875 0.6587962962962963 0.030208333333333334 0.05462962962962963
4 0.7375 0.6962962962962963 0.04375 0.07222222222222222
0 0.5369791666666667 0.075 0.03854166666666667 0.07037037037037037
8 0.7471354166666667 0.7796296296296297 0.043229166666666666 0.07407407407407407
0 0.5955729166666667 0.8092592592592592 0.03697916666666667 0.07222222222222222
4 0.63203125 0.8203703703703704 0.0359375 0.07037037037037037
8 0.5182291666666666 0.8712962962962963 0.051041666666666666 0.08888888888888889