7 0.6546875 0.9268518518518518 0.04583333333333333 0.07407407407407407
4 0.8315104166666667 0.9435185185185185 0.04739583333333333 0.07777777777777778
8 0.3619791666666667 0.950925925925926 0.052083333333333336 0.0962962962962963
7 0.42213541666666665 0.9592592592592593 0.043229166666666666 0.07592592592592592
4 0.6986979166666667 0.9638888888888889 0.0546875 0.07037037037037037
4 0.20963541666666666 0.9685185185185186 0.049479166666666664 0.06111111111111111
7 0.26015625 0.975 0.04010416666666667 0.04814814814814815
8 0.6380208333333334 0.9787037037037037 0.03958333333333333 0.040740740740740744
0 0.8135416666666667 0.10092592592592593 0.053125 0.09259259259259259
2 0.39505208333333336 0.1574074074074074 0.04114583333333333 0.07592592592592592
6 0.5359375 0.20863888888888893 0.03958333333333333 0.07222222222222222
0 0.49765625 0.24814814814814815 0.03802083333333333 0.07962962962962963
1 0.2890625 0.2833333333333333 0.05 0.08333333333333333
7 0.628125 0.28935185185185186 0.04895833333333333 0.09166666666666666
0 0.528125 0.3458333333333333 0.051041666666666666 0.0824074074074074
6 0.6645833333333333 0.38333333333333336 0.06145833333333333 0.10555555555555556
8 0.7078125 0.43148148148148147 0.03958333333333333 0.07222222222222222
8 0.29401041666666666 0.4546296296296296 0.043229166666666666 0.08148148148148149
2 0.7499114583333333 0.47453703703703703 0.049479166666666664 0.09537037037037037
4 0.20859375 0.5115740740740741 0.0578125 0.09166666666666666
7 0.5894114583333334 0.5790092592592593 0.0375 0.07222222222222222
0 0.36432291666666666 0.5888888888888889 0.06302083333333333 0.10925925925925926
7 0.5380208333333333 0.06018518518518518 0.05416666666666667 0.1
4 0.18541666666666667 0.6375 0.034375 0.058333333333333334
0 0.8346354166666666 0.6425925925925926 0.03697916666666667 0.06481481481481481
0 0.40998437499999996 0.6645092592592592 0.034895833333333334 0.06666666666666667
8 0.36484375 0.6856481481481481 0.0515625 0.08796296296296297
7 0.49322916666666666 0.6949074074074074 0.041666666666666664 0.06944444444444445
2 0.83828125 0.7083333333333334 0.04010416666666667 0.08148148148148149
2 0.19114583333333332 0.7148148148148148 0.0375 0.06481481481481481
2 0.44921875 0.7328703703703704 0.043229166666666666 0.075
2 0.19348958333333333 0.7759259259259259 0.03802083333333333 0.06851851851851852
2 0.23463541666666668 0.7976851851851852 0.043229166666666666 0.0712962962962963
1 0.515625 0.8023148148148148 0.03854166666666667 0.06944444444444445
2 0.19557291666666668 0.8888888888888888 0.0421875 0.07222222222222222
2 0.24140625 0.9180555555555555 0.0421875 0.075