0 0.353125 0.9430555555555555 0.05416666666666667 0.09907407407407408
6 0.44479166666666664 0.28935185185185186 0.07395833333333333 0.125
2 0.6984375 0.3685185185185185 0.05 0.08333333333333333
0 0.7539114583333333 0.39166666666666666 0.05416666666666667 0.13425925925925927
0 0.22395833333333334 0.41944444444444445 0.05416666666666667 0.09259259259259259
6 0.52890625 0.43194444444444446 0.05677083333333333 0.10833333333333334
0 0.7528645833333333 0.5138888888888888 0.06197916666666667 0.1111111111111111
2 0.3203125 0.5398148148148149 0.04895833333333333 0.09259259259259259
7 0.24505208333333334 0.6236111111111111 0.0671875 0.1175925925925926
4 0.7330729166666666 0.6606481481481481 0.030729166666666665 0.0712962962962963
2 0.6567708333333333 0.7226851851851852 0.05 0.09722222222222222
4 0.2526041666666667 0.7435185185185185 0.04895833333333333 0.09259259259259259
8 0.2421875 0.836574074074074 0.075 0.10833333333333334
6 0.4453125 0.8773148148148148 0.075 0.13425925925925927
2 0.5744791666666667 0.9027777777777778 0.04895833333333333 0.09259259259259259