4 0.45416666666666666 0.32731481481481484 0.03854166666666667 0.075
7 0.35703125 0.033796296296296297 0.0578125 0.06759259259259259
8 0.4203125 0.3958333333333333 0.042708333333333334 0.075
2 0.5033854166666667 0.4046296296296296 0.04114583333333333 0.06296296296296296
0 0.7095468749999999 0.42314814814814816 0.05625 0.09074074074074075
4 0.7828125 0.4787037037037037 0.03958333333333333 0.06851851851851852
0 0.471875 0.49583333333333335 0.05 0.08425925925925926
7 0.5416666666666666 0.5041666666666667 0.040625 0.06759259259259259
0 0.49609375 0.5513888888888889 0.03697916666666667 0.06944444444444445
0 0.75234375 0.6240740740740741 0.0515625 0.08703703703703704
7 0.5591145833333333 0.6240740740740741 0.03697916666666667 0.07777777777777778
0 0.6888020833333334 0.6703703703703704 0.0421875 0.07222222222222222
7 0.7894062500000001 0.7631203703703703 0.04375 0.06574074074074074