2 0.24088541666666666 0.2064814814814815 0.0359375 0.06111111111111111
8 0.21119791666666668 0.26666666666666666 0.0390625 0.06666666666666667
2 0.26197916666666665 0.28703703703703703 0.03958333333333333 0.06296296296296296
4 0.43671875 0.3685185185185185 0.04010416666666667 0.07037037037037037
8 0.36432291666666666 0.4898148148148148 0.03697916666666667 0.07962962962962963
5 0.53984375 0.4962962962962963 0.05677083333333333 0.1
2 0.653125 0.5037037037037037 0.04375 0.06666666666666667
0 0.3731770833333333 0.562962962962963 0.033854166666666664 0.06666666666666667
0 0.6440104166666667 0.5851851851851851 0.0546875 0.08518518518518518
7 0.40651041666666665 0.587037037037037 0.04010416666666667 0.07777777777777778
4 0.7294270833333333 0.6370370370370371 0.0421875 0.06296296296296296
6 0.6580729166666667 0.6611111111111111 0.0453125 0.06296296296296296
0 0.69453125 0.6768518518518518 0.0390625 0.06481481481481481
4 0.7752604166666667 0.7472222222222222 0.0609375 0.09444444444444444
4 0.6971354166666667 0.7712962962962963 0.05677083333333333 0.08703703703703704