1 0.2794270833333333 0.19953703703703704 0.04114583333333333 0.0712962962962963
2 0.32526041666666666 0.2652777777777778 0.043229166666666666 0.06574074074074074
0 0.615625 0.28379629629629627 0.04479166666666667 0.06944444444444445
6 0.6354166666666666 0.37962962962962965 0.06770833333333333 0.09814814814814815
0 0.42890625 0.43148148148148147 0.04635416666666667 0.07592592592592592
6 0.7049479166666667 0.45046296296296295 0.049479166666666664 0.10462962962962963
0 0.58125 0.4550925925925926 0.042708333333333334 0.075
2 0.6544270833333333 0.4652777777777778 0.034895833333333334 0.062037037037037036
0 0.21875 0.4666666666666667 0.042708333333333334 0.07962962962962963
2 0.6885416666666667 0.6101851851851852 0.036458333333333336 0.07037037037037037
7 0.26953125 0.6296296296296297 0.04635416666666667 0.07592592592592592
7 0.35651041666666666 0.6504629629629629 0.0515625 0.09166666666666666
2 0.19453125 0.6560185185185186 0.04010416666666667 0.07314814814814814
8 0.5890625 0.6703703703703704 0.058333333333333334 0.09444444444444444
2 0.37421875 0.7361111111111112 0.04114583333333333 0.07407407407407407