4 0.48333333333333334 0.13333333333333333 0.042708333333333334 0.07222222222222222
1 0.6458333333333334 0.30462962962962964 0.04895833333333333 0.07777777777777778
6 0.53515625 0.3060185185185185 0.0515625 0.09907407407407408
0 0.31640625 0.3347222222222222 0.043229166666666666 0.06759259259259259
7 0.4393229166666667 0.337037037037037 0.0515625 0.09444444444444444
4 0.5927083333333333 0.5120370370370371 0.042708333333333334 0.06666666666666667
8 0.33697916666666666 0.5481481481481482 0.05625 0.09444444444444444
4 0.5361979166666667 0.6287037037037037 0.04114583333333333 0.07777777777777778
7 0.61640625 0.7046296296296296 0.043229166666666666 0.07407407407407407
0 0.5057291666666667 0.7662037037037037 0.03958333333333333 0.075
0 0.46875 0.7916666666666666 0.042708333333333334 0.07037037037037037