2 0.45234375 0.95 0.04010416666666667 0.07777777777777778
0 0.81015625 0.9555555555555556 0.043229166666666666 0.07777777777777778
0 0.5158854166666667 0.21666666666666667 0.03802083333333333 0.07407407407407407
8 0.48776041666666664 0.3194444444444444 0.05260416666666667 0.09814814814814815
8 0.6736979166666667 0.34814814814814815 0.03697916666666667 0.06666666666666667
4 0.6174479166666667 0.4166666666666667 0.043229166666666666 0.06666666666666667
4 0.67734375 0.4425925925925926 0.0421875 0.06296296296296296
0 0.49557291666666664 0.4787037037037037 0.049479166666666664 0.08333333333333333
6 0.535671875 0.5268518518518519 0.0421875 0.07592592592592592
2 0.75625 0.5898148148148148 0.04479166666666667 0.06481481481481481
0 0.48932291666666666 0.6657407407407407 0.049479166666666664 0.09074074074074075
4 0.6075520833333333 0.6675925925925926 0.027604166666666666 0.05
4 0.5190104166666667 0.7574074074074074 0.0359375 0.07037037037037037
4 0.6794270833333333 0.8444444444444444 0.0421875 0.07407407407407407