8 0.26484375 0.9287037037037037 0.0546875 0.09814814814814815
4 0.15911458333333334 0.937962962962963 0.043229166666666666 0.06851851851851852
0 0.49557291666666664 0.9490740740740741 0.0328125 0.07962962962962963
6 0.8026041666666667 0.9495370370370371 0.0625 0.09907407407407408
0 0.21770833333333334 0.950462962962963 0.057291666666666664 0.09722222222222222
4 0.6190104166666667 0.9527777777777777 0.04010416666666667 0.06481481481481481
0 0.44479166666666664 0.9560185185185185 0.06145833333333333 0.08611111111111111
2 0.7768229166666667 0.09722222222222222 0.04010416666666667 0.06851851851851852
4 0.753125 0.9717592592592592 0.040625 0.05462962962962963
8 0.23151041666666666 0.11574074074074074 0.050520833333333334 0.10555555555555556
2 0.8080729166666667 0.12407407407407407 0.0453125 0.07407407407407407
7 0.77890625 0.17962962962962964 0.043229166666666666 0.08148148148148149
6 0.8049479166666667 0.22685185185185186 0.0453125 0.06851851851851852
2 0.20703125 0.2675925925925926 0.05364583333333333 0.09444444444444444
7 0.25390625 0.30648148148148147 0.0390625 0.07222222222222222
1 0.17213541666666668 0.38333333333333336 0.04010416666666667 0.07407407407407407
7 0.38255208333333335 0.4203703703703704 0.0421875 0.07777777777777778
6 0.44973958333333336 0.44351851851851853 0.049479166666666664 0.08703703703703704
7 0.32890625 0.04814814814814815 0.04114583333333333 0.07777777777777778
5 0.7971354166666667 0.049074074074074076 0.0421875 0.07222222222222222
1 0.30234375 0.537962962962963 0.03802083333333333 0.07592592592592592
8 0.19036458333333334 0.5814814814814815 0.0390625 0.07407407407407407
0 0.74453125 0.5972222222222222 0.0515625 0.08703703703703704
8 0.5158854166666667 0.6222222222222222 0.050520833333333334 0.08518518518518518
6 0.24401041666666667 0.6314814814814815 0.050520833333333334 0.1
0 0.7033854166666667 0.6370370370370371 0.0359375 0.06666666666666667
4 0.19817708333333334 0.6435185185185185 0.0421875 0.08333333333333333
2 0.68046875 0.6787037037037037 0.04010416666666667 0.06851851851851852
7 0.16692708333333334 0.687962962962963 0.04635416666666667 0.10555555555555556
4 0.53828125 0.687962962962963 0.0453125 0.06481481481481481
7 0.7455729166666667 0.6916666666666667 0.05364583333333333 0.10185185185185185
4 0.6205729166666667 0.7101851851851851 0.0453125 0.06851851851851852
2 0.7080729166666667 0.7351851851851852 0.0578125 0.09259259259259259
2 0.79140625 0.7379629629629629 0.05572916666666667 0.09074074074074075
4 0.5299479166666666 0.7379629629629629 0.04114583333333333 0.06851851851851852
8 0.49296875 0.7527777777777778 0.03802083333333333 0.06851851851851852
0 0.63984375 0.7666666666666667 0.04010416666666667 0.06666666666666667
7 0.74765625 0.7833333333333333 0.043229166666666666 0.06666666666666667
7 0.17682291666666666 0.8027777777777778 0.05364583333333333 0.09814814814814815
6 0.6763020833333333 0.8046296296296296 0.05260416666666667 0.09074074074074075
6 0.7153645833333333 0.812962962962963 0.0390625 0.06666666666666667
6 0.28359375 0.8148148148148148 0.058854166666666666 0.09259259259259259
2 0.7861979166666667 0.8166666666666667 0.05364583333333333 0.09259259259259259
0 0.54140625 0.8185185185185185 0.05572916666666667 0.1111111111111111
8 0.4361979166666667 0.8231481481481482 0.0390625 0.07592592592592592
0 0.63515625 0.8277777777777777 0.04739583333333333 0.06666666666666667
7 0.5924479166666666 0.8342592592592593 0.049479166666666664 0.09814814814814815
0 0.7481770833333333 0.8490740740740741 0.0421875 0.07592592592592592
2 0.27890625 0.08703703703703704 0.0390625 0.07777777777777778
0 0.8127604166666667 0.8722222222222222 0.0421875 0.06666666666666667
5 0.7002604166666667 0.8777777777777778 0.05260416666666667 0.09259259259259259
1 0.45286458333333335 0.8787037037037037 0.03697916666666667 0.06851851851851852
2 0.7768229166666667 0.8842592592592593 0.03177083333333333 0.05740740740740741
0 0.6252604166666667 0.8851851851851852 0.043229166666666666 0.06296296296296296
2 0.7419270833333333 0.9120370370370371 0.043229166666666666 0.06851851851851852
2 0.6580729166666667 0.9175925925925926 0.0390625 0.07222222222222222