1 0.6325520833333333 0.1 0.049479166666666664 0.0962962962962963
8 0.19713541666666667 0.17037037037037037 0.06822916666666666 0.11851851851851852
2 0.49765625 0.18981481481481483 0.05260416666666667 0.09814814814814815
6 0.7575520833333333 0.29444444444444445 0.0640625 0.08888888888888889
2 0.6893229166666667 0.40370370370370373 0.04635416666666667 0.1
7 0.34296875 0.47685185185185186 0.059895833333333336 0.09444444444444444
0 0.66796875 0.5 0.049479166666666664 0.0962962962962963
2 0.7169270833333333 0.5111111111111111 0.04635416666666667 0.08518518518518518
4 0.48203125 0.5555555555555556 0.05677083333333333 0.1
0 0.31796875 0.5925925925925926 0.0484375 0.08148148148148149
0 0.2794270833333333 0.6092592592592593 0.049479166666666664 0.07037037037037037
2 0.49192708333333335 0.6185185185185185 0.05677083333333333 0.06666666666666667
2 0.40338541666666666 0.6787037037037037 0.0515625 0.08703703703703704
5 0.34869791666666666 0.7611111111111111 0.0546875 0.10740740740740741
4 0.61796875 0.8777777777777778 0.05364583333333333 0.0962962962962963