4 0.5278645833333333 0.9314814814814815 0.044270833333333336 0.07777777777777778
6 0.72421875 0.9444444444444444 0.059895833333333336 0.09259259259259259
4 0.8424479166666666 0.9453703703703704 0.04010416666666667 0.07222222222222222
6 0.3890625 0.9486111111111111 0.06666666666666667 0.10092592592592593
0 0.7848958333333333 0.9495370370370371 0.05625 0.09907407407407408
0 0.56953125 0.9601851851851851 0.043229166666666666 0.06111111111111111
4 0.23411458333333332 0.962037037037037 0.06197916666666667 0.07222222222222222
1 0.465625 0.9662037037037037 0.051041666666666666 0.06574074074074074
0 0.1875 0.9671296296296297 0.040625 0.06388888888888888
7 0.50625 0.9689814814814814 0.04375 0.06018518518518518
2 0.815625 0.9745370370370371 0.05625 0.049074074074074076
2 0.19453125 0.11018518518518519 0.044270833333333336 0.06851851851851852
2 0.7799479166666666 0.11944444444444445 0.04010416666666667 0.08333333333333333
0 0.46640625 0.12685185185185185 0.0421875 0.08333333333333333
2 0.37473958333333335 0.13055555555555556 0.03802083333333333 0.07592592592592592
2 0.4122395833333333 0.15092592592592594 0.033854166666666664 0.06481481481481481
7 0.6283854166666667 0.15462962962962962 0.0453125 0.07962962962962963
4 0.3341145833333333 0.16018518518518518 0.05677083333333333 0.08333333333333333
7 0.20911458333333333 0.17314814814814813 0.0484375 0.07222222222222222
0 0.25234375 0.1787037037037037 0.05364583333333333 0.09444444444444444
2 0.5028645833333333 0.17962962962962964 0.03802083333333333 0.07777777777777778
2 0.80234375 0.18055555555555555 0.0734375 0.10925925925925926
8 0.38359375 0.19074074074074074 0.043229166666666666 0.08148148148148149
8 0.5460885416666666 0.19444444444444445 0.0359375 0.08148148148148149
8 0.44453125 0.19444444444444445 0.059895833333333336 0.0962962962962963
0 0.726828125 0.20092592592592592 0.05677083333333333 0.09814814814814815
6 0.19140625 0.23055555555555557 0.04635416666666667 0.07222222222222222
0 0.29192708333333334 0.23333333333333334 0.06510416666666667 0.07407407407407407
4 0.47994791666666664 0.25277777777777777 0.0421875 0.08703703703703704
5 0.41432291666666665 0.2537037037037037 0.05260416666666667 0.1037037037037037
2 0.25026041666666665 0.26666666666666666 0.07552083333333333 0.08888888888888889
0 0.46015625 0.3314814814814815 0.03802083333333333 0.08518518518518518
0 0.32369791666666664 0.337037037037037 0.06927083333333334 0.10740740740740741
0 0.23255208333333333 0.3416666666666667 0.06302083333333333 0.05740740740740741
7 0.79296875 0.34444444444444444 0.049479166666666664 0.08888888888888889
0 0.19765625 0.3527777777777778 0.0484375 0.09074074074074075
6 0.22890625 0.39351851851851855 0.03697916666666667 0.07592592592592592
0 0.48880208333333336 0.39444444444444443 0.0515625 0.08888888888888889
2 0.6309895833333333 0.40555555555555556 0.04635416666666667 0.08148148148148149
5 0.20286458333333332 0.04351851851851852 0.044270833333333336 0.07962962962962963
7 0.20026041666666666 0.43796296296296294 0.059895833333333336 0.09814814814814815
0 0.6075520833333333 0.4583333333333333 0.05572916666666667 0.09074074074074075
2 0.7070364583333333 0.4583333333333333 0.07135416666666666 0.12037037037037036
8 0.6591145833333333 0.48148148148148145 0.058854166666666666 0.08518518518518518
4 0.40703125 0.4898148148148148 0.05260416666666667 0.07222222222222222
7 0.6716145833333333 0.049074074074074076 0.03802083333333333 0.08703703703703704
8 0.7664114583333334 0.049074074074074076 0.05677083333333333 0.09814814814814815
0 0.7643229166666666 0.4935185185185185 0.05677083333333333 0.13518518518518519
2 0.3372395833333333 0.5027777777777778 0.0421875 0.09444444444444444
0 0.4903645833333333 0.5046296296296297 0.044270833333333336 0.07592592592592592
2 0.3768229166666667 0.5472222222222223 0.034895833333333334 0.06111111111111111
6 0.5075520833333333 0.575 0.06927083333333334 0.12037037037037036
8 0.8138020833333334 0.5796296296296296 0.0453125 0.0962962962962963
8 0.7565104166666666 0.6027777777777777 0.05364583333333333 0.07962962962962963
4 0.8361979166666667 0.637962962962963 0.05260416666666667 0.07962962962962963
6 0.7940104166666667 0.6416666666666667 0.0453125 0.10925925925925926
4 0.7481770833333333 0.6814814814814815 0.0453125 0.08148148148148149
7 0.8393229166666667 0.6990740740740741 0.050520833333333334 0.1388888888888889
6 0.7080729166666667 0.7638888888888888 0.05260416666666667 0.11296296296296296
7 0.8221354166666667 0.7962962962962963 0.06614583333333333 0.0962962962962963
4 0.56796875 0.7972222222222223 0.043229166666666666 0.07962962962962963
2 0.22994791666666667 0.8166666666666667 0.06510416666666667 0.0962962962962963
4 0.7471354166666667 0.825925925925926 0.050520833333333334 0.07407407407407407
2 0.72265625 0.08333333333333333 0.044270833333333336 0.08888888888888889
4 0.6283854166666667 0.8361111111111111 0.0453125 0.08703703703703704
8 0.6794322916666666 0.8583333333333333 0.049479166666666664 0.12407407407407407
7 0.7231770833333333 0.8666666666666667 0.0484375 0.07407407407407407
6 0.57890625 0.8898148148148148 0.0484375 0.09444444444444444
4 0.23411458333333332 0.8898148148148148 0.0484375 0.07962962962962963
2 0.19869791666666667 0.8953703703703704 0.044270833333333336 0.09074074074074075
2 0.23515625 0.08981481481481482 0.0484375 0.07592592592592592
5 0.27421875 0.8981481481481481 0.0859375 0.11851851851851852
8 0.43828125 0.899074074074074 0.0546875 0.10185185185185185
7 0.47734375 0.9037037037037037 0.0546875 0.0962962962962963