2 0.41171875 0.9486111111111111 0.0453125 0.0787037037037037
4 0.534375 0.3226851851851852 0.04895833333333333 0.08611111111111111
7 0.5703125 0.4074074074074074 0.05520833333333333 0.10185185185185185
4 0.7307291666666667 0.5574074074074075 0.05 0.07222222222222222
5 0.73359375 0.6861111111111111 0.0578125 0.08888888888888889
2 0.6739583333333333 0.7231481481481481 0.04583333333333333 0.08148148148148149
6 0.56484375 0.7754629629629629 0.0671875 0.11203703703703703
6 0.3302083333333333 0.7773148148148148 0.06458333333333334 0.12314814814814815
0 0.7184895833333333 0.8337962962962963 0.05677083333333333 0.08796296296296297
0 0.21875 0.8939814814814815 0.05520833333333333 0.10277777777777777
0 0.7119791666666667 0.9101851851851852 0.040625 0.06481481481481481