2 0.6247395833333333 0.9268518518518518 0.043229166666666666 0.07592592592592592
4 0.19453125 0.9324074074074075 0.0453125 0.07962962962962963
0 0.23671875 0.9407407407407408 0.0453125 0.08148148148148149
8 0.7815104166666667 0.9462962962962963 0.05260416666666667 0.08888888888888889
2 0.7440104166666667 0.9462962962962963 0.03802083333333333 0.07777777777777778
0 0.5877604166666667 0.95 0.0421875 0.07037037037037037
0 0.28177083333333336 0.9587962962962963 0.05416666666666667 0.08055555555555556
4 0.5510416666666667 0.9643518518518519 0.042708333333333334 0.06944444444444445
0 0.7098958333333333 0.9680555555555556 0.03958333333333333 0.062037037037037036
8 0.43671875 0.1388888888888889 0.0359375 0.06666666666666667
6 0.63984375 0.1527777777777778 0.0546875 0.08333333333333333
0 0.58671875 0.1814814814814815 0.0359375 0.07037037037037037
2 0.28151041666666665 0.18611111111111112 0.0609375 0.10925925925925926
0 0.4856770833333333 0.18888888888888888 0.0609375 0.1111111111111111
4 0.37473958333333335 0.20092592592592592 0.030729166666666665 0.046296296296296294
4 0.34869791666666666 0.20555555555555555 0.0390625 0.07407407407407407
1 0.6893229166666667 0.21296296296296297 0.0390625 0.06296296296296296
7 0.58046875 0.24074074074074073 0.0421875 0.07037037037037037
4 0.228125 0.2462962962962963 0.042708333333333334 0.08148148148148149
0 0.6268229166666667 0.2537037037037037 0.05364583333333333 0.08888888888888889
7 0.47890625 0.3851851851851852 0.0390625 0.07407407407407407
5 0.20651041666666667 0.4222222222222222 0.044270833333333336 0.07407407407407407
1 0.7388020833333333 0.45092592592592595 0.0421875 0.06481481481481481
2 0.4080729166666667 0.4685185185185185 0.043229166666666666 0.07037037037037037
2 0.78984375 0.4703703703703704 0.0359375 0.07037037037037037
4 0.19244791666666666 0.49074074074074076 0.0453125 0.07407407407407407
2 0.7611979166666667 0.5120370370370371 0.043229166666666666 0.06111111111111111
8 0.8091145833333333 0.5351851851851852 0.050520833333333334 0.07407407407407407
7 0.4231770833333333 0.5453703703703704 0.04010416666666667 0.06851851851851852
6 0.5911458333333334 0.5509259259259259 0.052083333333333336 0.09444444444444444
1 0.36796875 0.5814814814814815 0.0421875 0.07037037037037037
8 0.49921875 0.5824074074074074 0.03802083333333333 0.07222222222222222
5 0.5377604166666666 0.5861111111111111 0.0359375 0.07592592592592592
0 0.7643229166666666 0.5898148148148148 0.0515625 0.08703703703703704
1 0.68203125 0.5962962962962963 0.0328125 0.06666666666666667
5 0.20078125 0.5972222222222222 0.06614583333333333 0.11296296296296296
4 0.6403645833333333 0.5972222222222222 0.05364583333333333 0.10185185185185185
4 0.39088541666666665 0.6333333333333333 0.0421875 0.07407407407407407
1 0.35130208333333335 0.6333333333333333 0.03802083333333333 0.06296296296296296
4 0.5169270833333334 0.6388888888888888 0.0359375 0.06296296296296296
6 0.5721354166666667 0.6435185185185185 0.05677083333333333 0.10555555555555556
2 0.4513020833333333 0.649074074074074 0.03802083333333333 0.06851851851851852
0 0.4830729166666667 0.6694444444444444 0.034895833333333334 0.07222222222222222
0 0.8049479166666667 0.6777777777777778 0.043229166666666666 0.07037037037037037
0 0.6763020833333333 0.6805555555555556 0.05260416666666667 0.08333333333333333
6 0.25494791666666666 0.6851851851851852 0.04739583333333333 0.09259259259259259
4 0.5127604166666667 0.7 0.0421875 0.07037037037037037
1 0.40859375 0.7018518518518518 0.0484375 0.09259259259259259
6 0.7736979166666667 0.7055555555555556 0.0390625 0.05925925925925926
0 0.6080729166666666 0.7157407407407408 0.049479166666666664 0.08703703703703704
7 0.4466145833333333 0.725925925925926 0.043229166666666666 0.1037037037037037
8 0.5533854166666666 0.7305555555555555 0.050520833333333334 0.08703703703703704
2 0.7263020833333333 0.7333333333333333 0.05260416666666667 0.09259259259259259
4 0.17056770833333335 0.7361111111111112 0.05572916666666667 0.09444444444444444
2 0.81171875 0.7398148148148148 0.04010416666666667 0.06481481481481481
4 0.6502604166666667 0.7398148148148148 0.044270833333333336 0.07592592592592592
0 0.20963541666666666 0.7555555555555555 0.03802083333333333 0.07037037037037037
4 0.5138020833333333 0.762962962962963 0.03802083333333333 0.07037037037037037
1 0.58203125 0.7833333333333333 0.04114583333333333 0.06296296296296296
7 0.32734375 0.7851851851851852 0.050520833333333334 0.09259259259259259
4 0.7721354166666666 0.7870370370370371 0.058854166666666666 0.09259259259259259
2 0.37213541666666666 0.7916666666666666 0.0546875 0.09814814814814815
8 0.54296875 0.7916666666666666 0.04010416666666667 0.06481481481481481
5 0.24505208333333334 0.7925925925925926 0.050520833333333334 0.1
0 0.8125 0.8064814814814815 0.03854166666666667 0.06481481481481481
2 0.7356770833333334 0.8333333333333334 0.044270833333333336 0.07407407407407407
6 0.17682291666666666 0.8398148148148148 0.06614583333333333 0.10925925925925926
4 0.62421875 0.8564814814814815 0.0421875 0.07962962962962963
0 0.41380208333333335 0.8638888888888889 0.03802083333333333 0.06851851851851852
0 0.28046875 0.8638888888888889 0.0609375 0.11666666666666667
8 0.22682291666666668 0.8666666666666667 0.0390625 0.06666666666666667
7 0.4981770833333333 0.8694444444444445 0.027604166666666666 0.053703703703703705
6 0.54296875 0.8787037037037037 0.05677083333333333 0.11666666666666667
7 0.5908854166666667 0.8842592592592593 0.03802083333333333 0.06851851851851852
2 0.7200520833333334 0.8962962962962963 0.03697916666666667 0.06666666666666667
4 0.31953125 0.8981481481481481 0.0328125 0.04814814814814815
7 0.8122395833333333 0.9027777777777778 0.043229166666666666 0.06851851851851852
4 0.15651041666666668 0.9175925925925926 0.03697916666666667 0.06481481481481481