0 0.48385416666666664 0.24166666666666667 0.040625 0.07037037037037037
4 0.49166666666666664 0.3578703703703704 0.040625 0.07314814814814814
8 0.45078125 0.4888888888888889 0.03697916666666667 0.07037037037037037
0 0.41015625 0.5157407407407407 0.050520833333333334 0.09074074074074075
6 0.7861979166666667 0.549074074074074 0.06927083333333334 0.10740740740740741
0 0.33489583333333334 0.5527777777777778 0.053125 0.08703703703703704
2 0.58515625 0.5717592592592593 0.03697916666666667 0.05648148148148148
2 0.6140625 0.6171296296296296 0.04375 0.06388888888888888
7 0.5768229166666666 0.6726851851851852 0.03802083333333333 0.07685185185185185
8 0.79375 0.6851851851851852 0.05625 0.08333333333333333
2 0.6916666666666667 0.7208333333333333 0.03958333333333333 0.06574074074074074
4 0.66328125 0.7800925925925926 0.03697916666666667 0.05092592592592592
6 0.30703125 0.7958333333333333 0.030729166666666665 0.06018518518518518
6 0.4315104166666667 0.09074074074074075 0.06302083333333333 0.09814814814814815