0 0.4627604166666667 0.9462962962962963 0.05572916666666667 0.1
1 0.3846354166666667 0.11388888888888889 0.043229166666666666 0.07222222222222222
6 0.22578125 0.3824074074074074 0.03177083333333333 0.05
2 0.2721354166666667 0.41574074074074074 0.04114583333333333 0.06851851851851852
7 0.5846354166666666 0.4203703703703704 0.0390625 0.07777777777777778
0 0.6684895833333333 0.425 0.05260416666666667 0.08333333333333333
0 0.7372395833333333 0.425 0.0546875 0.08703703703703704
2 0.6424479166666667 0.49166666666666664 0.0421875 0.07222222222222222
7 0.38515625 0.6435185185185185 0.04010416666666667 0.07222222222222222
8 0.20859375 0.6888888888888889 0.04739583333333333 0.07407407407407407
4 0.6986979166666667 0.8379629629629629 0.04635416666666667 0.07962962962962963
0 0.41432291666666665 0.875 0.04010416666666667 0.07592592592592592
4 0.6736979166666667 0.9101851851851852 0.0421875 0.07592592592592592