0 0.5372395833333333 0.9462962962962963 0.05572916666666667 0.1
1 0.6153645833333333 0.11388888888888889 0.043229166666666666 0.07222222222222222
6 0.77421875 0.3824074074074074 0.03177083333333333 0.05
2 0.7278645833333334 0.41574074074074074 0.04114583333333333 0.06851851851851852
7 0.4153645833333333 0.4203703703703704 0.0390625 0.07777777777777778
0 0.33151041666666664 0.425 0.05260416666666667 0.08333333333333333
0 0.26276041666666666 0.425 0.0546875 0.08703703703703704
2 0.3575520833333333 0.49166666666666664 0.0421875 0.07222222222222222
7 0.61484375 0.6435185185185185 0.04010416666666667 0.07222222222222222
8 0.79140625 0.6888888888888889 0.04739583333333333 0.07407407407407407
4 0.30130208333333336 0.8379629629629629 0.04635416666666667 0.07962962962962963
0 0.5856770833333333 0.875 0.04010416666666667 0.07592592592592592
4 0.3263020833333333 0.9101851851851852 0.0421875 0.07592592592592592