2 0.7427083333333333 0.21666666666666667 0.04895833333333333 0.07592592592592592
4 0.5325520833333334 0.27175925925925926 0.049479166666666664 0.0824074074074074
4 0.19010416666666666 0.40925925925925927 0.029166666666666667 0.053703703703703705
0 0.425 0.4115740740740741 0.040625 0.06574074074074074
8 0.74921875 0.4444444444444444 0.0453125 0.07962962962962963
8 0.3966145833333333 0.48055555555555557 0.04010416666666667 0.06666666666666667
4 0.47994791666666664 0.500462962962963 0.050520833333333334 0.08796296296296297
1 0.3893229166666667 0.5685185185185185 0.050520833333333334 0.09444444444444444
4 0.4546875 0.5851851851851851 0.03958333333333333 0.07222222222222222
0 0.5864583333333333 0.6277777777777778 0.040625 0.06851851851851852
0 0.23958333333333334 0.6296296296296297 0.042708333333333334 0.06851851851851852
4 0.43333333333333335 0.6532407407407408 0.040625 0.0712962962962963
2 0.20416666666666666 0.6601851851851852 0.034375 0.06296296296296296
4 0.38359375 0.6611111111111111 0.043229166666666666 0.06851851851851852
4 0.48203125 0.6888888888888889 0.04010416666666667 0.07962962962962963
8 0.5263020833333333 0.7384259259259259 0.049479166666666664 0.10092592592592593
8 0.4144947916666667 0.7444444444444445 0.03697916666666667 0.07222222222222222
0 0.45 0.7537037037037037 0.035416666666666666 0.06851851851851852
4 0.39036458333333335 0.7898148148148149 0.04010416666666667 0.06296296296296296