4 0.17005208333333333 0.13148148148148148 0.044270833333333336 0.08333333333333333
0 0.28854166666666664 0.2773148148148148 0.040625 0.075
7 0.65859375 0.35138888888888886 0.03177083333333333 0.05648148148148148
4 0.5282135416666667 0.3765462962962963 0.0515625 0.08703703703703704
2 0.62890625 0.425462962962963 0.0640625 0.10462962962962963
2 0.2734375 0.5023148148148148 0.04583333333333333 0.07685185185185185
4 0.6236979166666666 0.052314814814814814 0.043229166666666666 0.07685185185185185
2 0.6359375 0.5287037037037037 0.041666666666666664 0.06296296296296296
4 0.47708333333333336 0.5300925925925926 0.042708333333333334 0.07314814814814814
0 0.5386302083333334 0.5424351851851852 0.043229166666666666 0.07314814814814814
2 0.7888020833333333 0.5569444444444445 0.0359375 0.06388888888888888
4 0.6229166666666667 0.5884259259259259 0.04479166666666667 0.06759259259259259
8 0.6859375 0.6189814814814815 0.04583333333333333 0.07314814814814814
8 0.32057291666666665 0.6296296296296297 0.0390625 0.07222222222222222
4 0.5940104166666667 0.6532407407407408 0.03802083333333333 0.075
4 0.7263072916666666 0.6564814814814814 0.0546875 0.0962962962962963
0 0.55859375 0.6592592592592592 0.03802083333333333 0.07222222222222222
4 0.46432291666666664 0.6657407407407407 0.043229166666666666 0.07407407407407407
4 0.8182291666666667 0.8101851851851852 0.03333333333333333 0.05555555555555555
8 0.4518229166666667 0.8842592592592593 0.043229166666666666 0.07037037037037037