2 0.57734375 0.15231481481481482 0.034895833333333334 0.058333333333333334
8 0.6213541666666667 0.33194444444444443 0.041666666666666664 0.07314814814814814
8 0.5171875 0.3736111111111111 0.03958333333333333 0.0712962962962963
1 0.3265625 0.3875 0.041666666666666664 0.07314814814814814
2 0.6546875 0.40925925925925927 0.052083333333333336 0.07592592592592592
8 0.57421875 0.42824074074074076 0.04114583333333333 0.06944444444444445
0 0.603125 0.5032407407407408 0.053125 0.075
2 0.6638906250000001 0.5094074074074074 0.0625 0.10833333333333334
2 0.6364583333333333 0.5981481481481481 0.040625 0.07222222222222222
7 0.2526041666666667 0.6523148148148148 0.03958333333333333 0.06574074074074074
0 0.5802083333333333 0.6620370370370371 0.06145833333333333 0.10740740740740741
7 0.6268229166666667 0.6666666666666666 0.0359375 0.06481481481481481
0 0.32369791666666664 0.7277777777777777 0.044270833333333336 0.07222222222222222
8 0.47291666666666665 0.788425925925926 0.040625 0.075