7 0.17109375 0.9546296296296296 0.06614583333333333 0.08888888888888889
6 0.24947916666666667 0.9601851851851851 0.046875 0.07777777777777778
0 0.80546875 0.9671296296296297 0.049479166666666664 0.06388888888888888
0 0.7692708333333333 0.9708333333333333 0.042708333333333334 0.05648148148148148
5 0.5869791666666667 0.2351851851851852 0.06979166666666667 0.12222222222222222
0 0.31354166666666666 0.25277777777777777 0.04375 0.08333333333333333
0 0.4947916666666667 0.27314814814814814 0.05416666666666667 0.1111111111111111
4 0.39947916666666666 0.274537037037037 0.04375 0.0712962962962963
2 0.27734375 0.3101851851851852 0.05260416666666667 0.09259259259259259
5 0.35390625 0.31574074074074077 0.0515625 0.1037037037037037
2 0.3151041666666667 0.3333333333333333 0.034375 0.08333333333333333
4 0.5640625 0.3347222222222222 0.041666666666666664 0.08055555555555556
2 0.5234375 0.3347222222222222 0.05 0.07685185185185185
8 0.6065104166666667 0.33564814814814814 0.04635416666666667 0.08796296296296297
7 0.4114583333333333 0.34953703703703703 0.04479166666666667 0.0787037037037037
4 0.4544270833333333 0.35 0.0359375 0.06481481481481481
4 0.25338541666666664 0.37962962962962965 0.05677083333333333 0.10185185185185185
4 0.5447916666666667 0.39490740740740743 0.03229166666666667 0.08611111111111111
8 0.578125 0.39861111111111114 0.04479166666666667 0.06944444444444445
6 0.16119791666666666 0.399537037037037 0.030729166666666665 0.08055555555555556
8 0.5041666666666667 0.43333333333333335 0.05625 0.09259259259259259
7 0.178125 0.48148148148148145 0.034375 0.07407407407407407
7 0.6213541666666667 0.05 0.06666666666666667 0.1
0 0.56875 0.5069444444444444 0.059375 0.10648148148148148
0 0.7997395833333333 0.5523148148148148 0.08072916666666667 0.12314814814814815
6 0.7002604166666667 0.5763888888888888 0.05260416666666667 0.0787037037037037
8 0.1625 0.6300925925925925 0.04375 0.09722222222222222
8 0.43203125 0.6333333333333333 0.04635416666666667 0.06666666666666667
5 0.3104166666666667 0.663425925925926 0.04479166666666667 0.08981481481481482
4 0.46380208333333334 0.6722222222222223 0.04010416666666667 0.06481481481481481
6 0.7822916666666667 0.6944444444444444 0.05520833333333333 0.08333333333333333
2 0.265625 0.6953703703703704 0.05 0.08148148148148149
8 0.66796875 0.7037037037037037 0.05260416666666667 0.07407407407407407
8 0.38619791666666664 0.7180555555555556 0.0671875 0.08796296296296297
4 0.7229166666666667 0.7328703703703704 0.04583333333333333 0.06759259259259259
5 0.8203125 0.075 0.04479166666666667 0.08148148148148149
4 0.8088541666666667 0.7537037037037037 0.051041666666666666 0.07222222222222222
1 0.4375 0.7592592592592593 0.03854166666666667 0.06481481481481481
6 0.17369791666666667 0.7759259259259259 0.06822916666666666 0.1574074074074074
2 0.325 0.7777777777777778 0.04895833333333333 0.09259259259259259
4 0.39895833333333336 0.7837962962962963 0.04895833333333333 0.07685185185185185
1 0.8153645833333333 0.812962962962963 0.049479166666666664 0.07407407407407407
1 0.7765625 0.8337962962962963 0.040625 0.0787037037037037
7 0.6997395833333333 0.8337962962962963 0.0640625 0.11574074074074074
8 0.4309895833333333 0.8592592592592593 0.0578125 0.10185185185185185
0 0.7255208333333333 0.8981481481481481 0.040625 0.07407407407407407
0 0.8151041666666666 0.9074074074074074 0.04895833333333333 0.08333333333333333
0 0.7609375 0.9175925925925926 0.0375 0.08518518518518518