4 0.18098958333333334 0.950462962962963 0.05677083333333333 0.08981481481481482
4 0.44973958333333336 0.09583333333333334 0.04739583333333333 0.0712962962962963
0 0.7359375 0.9537037037037037 0.042708333333333334 0.08333333333333333
0 0.31875 0.9592592592592593 0.06770833333333333 0.07962962962962963
2 0.7747395833333334 0.9717592592592592 0.0484375 0.05462962962962963
0 0.34140625 0.9731481481481481 0.0453125 0.05185185185185185
6 0.6411458333333333 0.10972222222222222 0.06875 0.09907407407407408
2 0.4908854166666667 0.13055555555555556 0.06197916666666667 0.11296296296296296
1 0.609375 0.1449074074074074 0.04479166666666667 0.07685185185185185
0 0.3528645833333333 0.1574074074074074 0.07239583333333334 0.10185185185185185
4 0.17005208333333333 0.1625 0.0421875 0.06944444444444445
0 0.43723958333333335 0.17407407407407408 0.07604166666666666 0.10648148148148148
0 0.6473958333333333 0.1925925925925926 0.042708333333333334 0.07407407407407407
7 0.5963541666666666 0.22685185185185186 0.04895833333333333 0.10185185185185185
8 0.7174479166666666 0.23055555555555557 0.06197916666666667 0.11296296296296296
6 0.49973958333333335 0.2351851851851852 0.07760416666666667 0.12222222222222222
2 0.28828125 0.26157407407407407 0.05260416666666667 0.08796296296296297
7 0.5533854166666666 0.27870370370370373 0.04635416666666667 0.09444444444444444
2 0.6723958333333333 0.28055555555555556 0.06354166666666666 0.1111111111111111
1 0.23932291666666666 0.2962962962962963 0.0578125 0.07407407407407407
7 0.35234375 0.29768518518518516 0.0578125 0.10833333333333334
7 0.396875 0.29907407407407405 0.04375 0.06481481481481481
5 0.615625 0.3 0.08645833333333333 0.11851851851851852
0 0.47109375 0.3087962962962963 0.05677083333333333 0.10833333333333334
4 0.17630208333333333 0.032407407407407406 0.04739583333333333 0.06481481481481481
2 0.3015625 0.32546296296296295 0.05 0.058333333333333334
6 0.425 0.3638888888888889 0.07083333333333333 0.12037037037037036
6 0.37864583333333335 0.36435185185185187 0.05520833333333333 0.09537037037037037
4 0.20026041666666666 0.37824074074074077 0.05260416666666667 0.08055555555555556
4 0.26901041666666664 0.387037037037037 0.05260416666666667 0.07407407407407407
4 0.48463541666666665 0.04027777777777778 0.06614583333333333 0.08055555555555556
2 0.31614583333333335 0.39861111111111114 0.059375 0.10648148148148148
0 0.6833333333333333 0.41574074074074074 0.065625 0.1
6 0.24010416666666667 0.4199074074074074 0.03958333333333333 0.08611111111111111
4 0.4322916666666667 0.44027777777777777 0.04895833333333333 0.08796296296296297
1 0.38723958333333336 0.44351851851851853 0.0515625 0.11851851851851852
4 0.21276041666666667 0.4527777777777778 0.03697916666666667 0.08518518518518518
1 0.47317708333333336 0.4912037037037037 0.04010416666666667 0.0787037037037037
6 0.7471354166666667 0.49537037037037035 0.06302083333333333 0.10185185185185185
8 0.6190104166666667 0.5046296296296297 0.050520833333333334 0.09259259259259259
1 0.17786458333333333 0.5328703703703703 0.06197916666666667 0.06944444444444445
2 0.471875 0.5587962962962963 0.042708333333333334 0.062037037037037036
2 0.3546875 0.05694444444444444 0.06041666666666667 0.10833333333333334
4 0.43359375 0.6078703703703704 0.0515625 0.08055555555555556
2 0.49505208333333334 0.6310185185185185 0.05572916666666667 0.08055555555555556
5 0.7203125 0.6768518518518518 0.0375 0.07592592592592592
0 0.46145833333333336 0.6837962962962963 0.05625 0.10462962962962963
8 0.16796875 0.6902777777777778 0.04635416666666667 0.11574074074074074
8 0.5348958333333333 0.7152777777777778 0.05416666666666667 0.08796296296296297
0 0.41770833333333335 0.7166666666666667 0.03958333333333333 0.09074074074074075
8 0.17786458333333333 0.762962962962963 0.06302083333333333 0.08518518518518518
7 0.8072916666666666 0.7722222222222223 0.04895833333333333 0.07592592592592592
7 0.7596354166666667 0.7875 0.0609375 0.125
0 0.7268229166666667 0.8333333333333334 0.05364583333333333 0.09259259259259259
0 0.3450520833333333 0.8425925925925926 0.0515625 0.09259259259259259
7 0.8052083333333333 0.8541666666666666 0.053125 0.0787037037037037
0 0.60078125 0.8680555555555556 0.0640625 0.09722222222222222
6 0.6729166666666667 0.8685185185185185 0.06041666666666667 0.08333333333333333
1 0.7083333333333334 0.9171296296296296 0.04479166666666667 0.06018518518518518
2 0.8078125 0.9217592592592593 0.027083333333333334 0.0787037037037037