4 0.7627604166666667 0.9351851851851852 0.04635416666666667 0.07407407407407407
2 0.36432291666666666 0.9472222222222222 0.05677083333333333 0.09444444444444444
0 0.259375 0.9597222222222223 0.06145833333333333 0.0787037037037037
2 0.7171875 0.9643518518518519 0.03958333333333333 0.06944444444444445
0 0.5114583333333333 0.9689814814814814 0.040625 0.06018518518518518
7 0.40729166666666666 0.9763888888888889 0.046875 0.04537037037037037
4 0.7341145833333333 0.12129629629629629 0.050520833333333334 0.07592592592592592
7 0.6919270833333333 0.17314814814814813 0.049479166666666664 0.07222222222222222
4 0.77265625 0.22592592592592592 0.05677083333333333 0.08888888888888889
0 0.6565104166666667 0.27870370370370373 0.06614583333333333 0.09814814814814815
1 0.5549479166666667 0.2962962962962963 0.049479166666666664 0.08888888888888889
4 0.5096354166666667 0.3 0.05572916666666667 0.07407407407407407
2 0.75546875 0.30462962962962964 0.0640625 0.09444444444444444
7 0.33984375 0.35462962962962963 0.05260416666666667 0.08703703703703704
2 0.7216145833333333 0.36666666666666664 0.0484375 0.07037037037037037
8 0.6763020833333333 0.375 0.05260416666666667 0.09444444444444444
0 0.53671875 0.38425925925925924 0.03697916666666667 0.07222222222222222
4 0.6294270833333333 0.4083333333333333 0.059895833333333336 0.08703703703703704
7 0.5700520833333333 0.41388888888888886 0.05364583333333333 0.09814814814814815
2 0.31328125 0.41388888888888886 0.050520833333333334 0.09074074074074075
8 0.8065104166666667 0.42685185185185187 0.0515625 0.07222222222222222
1 0.6856770833333333 0.44537037037037036 0.0453125 0.07222222222222222
7 0.52421875 0.4462962962962963 0.0453125 0.07407407407407407
7 0.35546875 0.45 0.058854166666666666 0.09259259259259259
0 0.72109375 0.45925925925925926 0.0390625 0.07777777777777778
2 0.20442708333333334 0.4638888888888889 0.0453125 0.07592592592592592
0 0.24869791666666666 0.4759259259259259 0.06614583333333333 0.07777777777777778
2 0.6283854166666667 0.4824074074074074 0.03697916666666667 0.07222222222222222
4 0.4591145833333333 0.5111111111111111 0.04635416666666667 0.07407407407407407
4 0.30859375 0.512962962962963 0.0421875 0.07037037037037037
8 0.19609375 0.5388888888888889 0.05572916666666667 0.0962962962962963
0 0.26015625 0.5555555555555556 0.05364583333333333 0.05555555555555555
0 0.52578125 0.5601851851851852 0.058854166666666666 0.09444444444444444
5 0.82578125 0.5712962962962963 0.06302083333333333 0.11296296296296296
1 0.47682291666666665 0.5972222222222222 0.0421875 0.07962962962962963
6 0.5700520833333333 0.6027777777777777 0.0421875 0.06851851851851852
0 0.19817708333333334 0.6055555555555555 0.06510416666666667 0.08148148148148149
2 0.23880208333333333 0.6166666666666667 0.03697916666666667 0.05925925925925926
6 0.2669270833333333 0.637962962962963 0.06302083333333333 0.08703703703703704
8 0.79921875 0.6574074074074074 0.049479166666666664 0.07777777777777778
5 0.19036458333333334 0.6861111111111111 0.0484375 0.06481481481481481
0 0.83671875 0.7342592592592593 0.0421875 0.09814814814814815
0 0.19296875 0.7425925925925926 0.043229166666666666 0.06666666666666667
2 0.19453125 0.8111111111111111 0.0484375 0.07777777777777778
6 0.39088541666666665 0.8444444444444444 0.06197916666666667 0.1259259259259259
4 0.7471354166666667 0.8657407407407407 0.05572916666666667 0.08333333333333333
7 0.43203125 0.8703703703703703 0.06510416666666667 0.10740740740740741
8 0.29609375 0.8981481481481481 0.0453125 0.08518518518518518
0 0.7981770833333334 0.9120370370370371 0.044270833333333336 0.07962962962962963
0 0.67421875 0.912962962962963 0.07239583333333334 0.10740740740740741