2 0.6018229166666667 0.9361111111111111 0.06510416666666667 0.09814814814814815
8 0.5536458333333333 0.9662037037037037 0.06458333333333334 0.06574074074074074
2 0.5815104166666667 0.33425925925925926 0.0703125 0.12777777777777777
1 0.6877604166666667 0.3638888888888889 0.04114583333333333 0.07222222222222222
4 0.6252604166666667 0.3851851851851852 0.06614583333333333 0.0962962962962963
4 0.6768229166666667 0.43333333333333335 0.0609375 0.08518518518518518
2 0.5940104166666667 0.4351851851851852 0.043229166666666666 0.07407407407407407
2 0.5752604166666667 0.47962962962962963 0.043229166666666666 0.05925925925925926
2 0.6825520833333333 0.5064814814814815 0.0328125 0.07592592592592592
7 0.44036458333333334 0.512962962962963 0.044270833333333336 0.07037037037037037
1 0.4986979166666667 0.5416666666666666 0.0421875 0.06851851851851852
0 0.5393229166666667 0.5611111111111111 0.044270833333333336 0.08518518518518518
4 0.23463541666666668 0.5768518518518518 0.0453125 0.06111111111111111
2 0.46953125 0.5833333333333334 0.0484375 0.08148148148148149
4 0.31588541666666664 0.6398148148148148 0.04739583333333333 0.07592592592592592
0 0.49244791666666665 0.687962962962963 0.06302083333333333 0.09814814814814815
1 0.30963541666666666 0.7166666666666667 0.04739583333333333 0.09259259259259259
6 0.24661458333333333 0.7814814814814814 0.06510416666666667 0.1