7 0.7153645833333333 0.1287037037037037 0.04635416666666667 0.08333333333333333
1 0.29713541666666665 0.2037037037037037 0.0390625 0.08148148148148149
0 0.6653645833333334 0.2175925925925926 0.04010416666666667 0.07962962962962963
4 0.33671875 0.23148148148148148 0.04635416666666667 0.08148148148148149
6 0.68359375 0.02962962962962963 0.03697916666666667 0.05925925925925926
6 0.76015625 0.3925925925925926 0.0671875 0.12222222222222222
8 0.39609375 0.4287037037037037 0.0515625 0.09814814814814815
0 0.44505208333333335 0.5055555555555555 0.0671875 0.1037037037037037
4 0.41692708333333334 0.6370370370370371 0.05572916666666667 0.1
2 0.66640625 0.6731481481481482 0.0421875 0.07962962962962963
7 0.61640625 0.6916666666666667 0.044270833333333336 0.09814814814814815
8 0.43671875 0.7101851851851851 0.0390625 0.06851851851851852
1 0.20338541666666668 0.725 0.043229166666666666 0.07962962962962963
2 0.28411458333333334 0.8268518518518518 0.050520833333333334 0.09074074074074075