4 0.48828125 0.937962962962963 0.03697916666666667 0.07592592592592592
8 0.4903645833333333 0.21481481481481482 0.03697916666666667 0.07407407407407407
7 0.42421875 0.25092592592592594 0.050520833333333334 0.07962962962962963
6 0.47942708333333334 0.3787037037037037 0.050520833333333334 0.08333333333333333
4 0.5231770833333333 0.38425925925925924 0.03802083333333333 0.07592592592592592
4 0.6283854166666667 0.49722222222222223 0.03802083333333333 0.06851851851851852
1 0.28619791666666666 0.5518518518518518 0.0390625 0.05925925925925926
0 0.39557291666666666 0.5851851851851851 0.06197916666666667 0.1037037037037037
2 0.35859375 0.675 0.04010416666666667 0.06851851851851852
2 0.31588541666666664 0.8194444444444444 0.0546875 0.09444444444444444
2 0.71484375 0.8203703703703704 0.0421875 0.07407407407407407
2 0.56796875 0.8203703703703704 0.0671875 0.10740740740740741
8 0.7549479166666667 0.8398148148148148 0.04114583333333333 0.06851851851851852