6 0.44505208333333335 0.9259259259259259 0.04114583333333333 0.07777777777777778
0 0.22109375 0.9435185185185185 0.06510416666666667 0.10925925925925926
4 0.6643229166666667 0.9546296296296296 0.0390625 0.07592592592592592
8 0.6138020833333333 0.9574074074074074 0.0421875 0.07777777777777778
0 0.5625 0.9662037037037037 0.051041666666666666 0.06574074074074074
4 0.4828125 0.9699074074074074 0.05 0.058333333333333334
4 0.1578125 0.9726851851851852 0.03958333333333333 0.05277777777777778
7 0.45078125 0.19537037037037036 0.05364583333333333 0.08703703703703704
5 0.73671875 0.20462962962962963 0.06510416666666667 0.09814814814814815
5 0.6013020833333333 0.20555555555555555 0.0421875 0.08148148148148149
6 0.54921875 0.22777777777777777 0.0640625 0.1037037037037037
2 0.6330729166666667 0.25277777777777777 0.0640625 0.12407407407407407
7 0.68828125 0.26944444444444443 0.05364583333333333 0.10185185185185185
0 0.45546875 0.30185185185185187 0.058854166666666666 0.0962962962962963
2 0.7216145833333333 0.3111111111111111 0.049479166666666664 0.07407407407407407
2 0.6565104166666667 0.3351851851851852 0.03802083333333333 0.06296296296296296
8 0.7497395833333333 0.337037037037037 0.04739583333333333 0.07407407407407407
7 0.6174479166666667 0.34629629629629627 0.0578125 0.0962962962962963
8 0.42109375 0.3592592592592593 0.05260416666666667 0.09259259259259259
6 0.5138020833333333 0.36203703703703705 0.05364583333333333 0.09814814814814815
2 0.8049479166666667 0.3675925925925926 0.0453125 0.07592592592592592
4 0.7138020833333333 0.3787037037037037 0.04739583333333333 0.07592592592592592
1 0.32109375 0.39166666666666666 0.0421875 0.08703703703703704
8 0.66796875 0.39166666666666666 0.04010416666666667 0.07222222222222222
2 0.5919270833333333 0.39444444444444443 0.04010416666666667 0.07777777777777778
1 0.6278645833333333 0.40185185185185185 0.049479166666666664 0.07407407407407407
1 0.22317708333333333 0.4064814814814815 0.044270833333333336 0.08703703703703704
7 0.80078125 0.43425925925925923 0.0453125 0.07592592592592592
4 0.7580729166666667 0.4398148148148148 0.0578125 0.10185185185185185
7 0.17005208333333333 0.44537037037037036 0.05677083333333333 0.10185185185185185
0 0.68203125 0.45185185185185184 0.0453125 0.07037037037037037
2 0.5903645833333333 0.45925925925925926 0.044270833333333336 0.06666666666666667
4 0.24192708333333332 0.462037037037037 0.04010416666666667 0.07592592592592592
4 0.20703125 0.4685185185185185 0.0359375 0.06666666666666667
7 0.6278645833333333 0.4685185185185185 0.043229166666666666 0.07407407407407407
6 0.27578125 0.49537037037037035 0.04739583333333333 0.09074074074074075
6 0.22109375 0.5027777777777778 0.033854166666666664 0.06111111111111111
0 0.37213541666666666 0.5222222222222223 0.06510416666666667 0.11481481481481481
4 0.50859375 0.5231481481481481 0.04635416666666667 0.06851851851851852
5 0.6622395833333333 0.5314814814814814 0.0453125 0.08888888888888889
6 0.19192708333333333 0.5407407407407407 0.04114583333333333 0.08148148148148149
4 0.24140625 0.55 0.043229166666666666 0.09259259259259259
2 0.33255208333333336 0.5685185185185185 0.044270833333333336 0.08518518518518518
0 0.7924479166666667 0.5731481481481482 0.07552083333333333 0.11296296296296296
4 0.16432291666666668 0.5805555555555556 0.0390625 0.08333333333333333
0 0.2903645833333333 0.5833333333333334 0.05572916666666667 0.08888888888888889
0 0.61015625 0.5935185185185186 0.0515625 0.08703703703703704
2 0.21536458333333333 0.5981481481481481 0.04114583333333333 0.08518518518518518
6 0.5372395833333333 0.5990740740740741 0.059895833333333336 0.11666666666666667
8 0.46171875 0.6018518518518519 0.05572916666666667 0.1037037037037037
7 0.2513020833333333 0.6092592592592593 0.0390625 0.07037037037037037
1 0.4861979166666667 0.6361111111111111 0.04114583333333333 0.07962962962962963
8 0.18619791666666666 0.6388888888888888 0.033854166666666664 0.07407407407407407
0 0.22317708333333333 0.6555555555555556 0.04635416666666667 0.07407407407407407
7 0.27109375 0.6648148148148149 0.04010416666666667 0.08888888888888889
4 0.5591145833333333 0.6685185185185185 0.04114583333333333 0.07037037037037037
4 0.16328125 0.6972222222222222 0.0453125 0.08333333333333333
4 0.7669270833333334 0.7101851851851851 0.05677083333333333 0.08333333333333333
8 0.21067708333333332 0.7138888888888889 0.0421875 0.07592592592592592
2 0.8111979166666666 0.7203703703703703 0.04739583333333333 0.08148148148148149
4 0.6596354166666667 0.7222222222222222 0.04635416666666667 0.08518518518518518
8 0.31328125 0.7379629629629629 0.049479166666666664 0.08703703703703704
1 0.5283854166666667 0.7407407407407407 0.050520833333333334 0.09259259259259259
8 0.17526041666666667 0.7638888888888888 0.05677083333333333 0.08333333333333333
6 0.48671875 0.775 0.049479166666666664 0.09814814814814815
1 0.7330729166666666 0.7787037037037037 0.07135416666666666 0.09814814814814815
4 0.7966145833333333 0.825 0.0578125 0.10555555555555556
6 0.5049479166666667 0.85 0.05364583333333333 0.07777777777777778
4 0.16536458333333334 0.850925925925926 0.043229166666666666 0.07592592592592592
4 0.20442708333333334 0.8546296296296296 0.0546875 0.10925925925925926
4 0.40703125 0.8685185185185185 0.0453125 0.07407407407407407
0 0.6533854166666667 0.8740740740740741 0.050520833333333334 0.08148148148148149
8 0.7393229166666667 0.9083333333333333 0.043229166666666666 0.07592592592592592
2 0.176296875 0.9194444444444444 0.04635416666666667 0.07222222222222222