2 0.7861979166666667 0.9314814814814815 0.049479166666666664 0.07407407407407407
2 0.18411458333333333 0.14351851851851852 0.0703125 0.10555555555555556
2 0.33307291666666666 0.2611111111111111 0.049479166666666664 0.07777777777777778
4 0.24765625 0.3212962962962963 0.04739583333333333 0.08703703703703704
8 0.3268229166666667 0.3648148148148148 0.049479166666666664 0.08518518518518518
6 0.2794270833333333 0.38055555555555554 0.06927083333333334 0.12407407407407407
0 0.6497395833333334 0.41574074074074074 0.049479166666666664 0.08333333333333333
4 0.5018229166666667 0.425 0.0265625 0.06851851851851852
7 0.32265625 0.4564814814814815 0.0578125 0.09814814814814815
1 0.8002604166666667 0.462037037037037 0.0421875 0.09444444444444444
8 0.53828125 0.4685185185185185 0.0578125 0.1
4 0.6893229166666667 0.5037037037037037 0.059895833333333336 0.09259259259259259
4 0.20963541666666666 0.5351851851851852 0.0421875 0.08518518518518518
4 0.48203125 0.575 0.049479166666666664 0.09074074074074075
4 0.24609375 0.5814814814814815 0.044270833333333336 0.07407407407407407
8 0.6002604166666666 0.75 0.07135416666666666 0.12222222222222222
0 0.38671875 0.7935185185185185 0.058854166666666666 0.10185185185185185
2 0.6809895833333334 0.8166666666666667 0.0515625 0.07407407407407407
7 0.7513020833333334 0.8527777777777777 0.0484375 0.08703703703703704
2 0.7028645833333333 0.9027777777777778 0.0515625 0.08333333333333333