0 0.6611979166666667 0.11574074074074074 0.0515625 0.07592592592592592
6 0.58203125 0.15833333333333333 0.043229166666666666 0.06481481481481481
4 0.6622395833333333 0.17314814814814813 0.0546875 0.06481481481481481
4 0.7013020833333333 0.20555555555555555 0.0609375 0.11481481481481481
6 0.5330729166666667 0.20555555555555555 0.06197916666666667 0.09259259259259259
4 0.6221354166666667 0.36666666666666664 0.050520833333333334 0.08518518518518518
4 0.4236979166666667 0.38981481481481484 0.04114583333333333 0.08703703703703704
0 0.45703125 0.40370370370370373 0.04739583333333333 0.07407407407407407
7 0.79609375 0.4546296296296296 0.050520833333333334 0.07222222222222222
8 0.66640625 0.45925925925925926 0.05677083333333333 0.0962962962962963
8 0.49661458333333336 0.487962962962963 0.0578125 0.10555555555555556
4 0.45026041666666666 0.49537037037037035 0.04010416666666667 0.09074074074074075
7 0.7966145833333333 0.5314814814814814 0.043229166666666666 0.08518518518518518
1 0.4080729166666667 0.5351851851851852 0.0609375 0.08518518518518518
2 0.7325520833333333 0.5481481481481482 0.0703125 0.1
7 0.4434895833333333 0.5574074074074075 0.028645833333333332 0.05925925925925926
6 0.4231770833333333 0.6574074074074074 0.05260416666666667 0.07777777777777778
0 0.7169270833333333 0.687037037037037 0.06302083333333333 0.08148148148148149
4 0.5736979166666667 0.08333333333333333 0.0703125 0.1037037037037037
0 0.7299479166666667 0.9037037037037037 0.0890625 0.1259259259259259
1 0.64296875 0.925 0.050520833333333334 0.08703703703703704