7 0.47578125 0.11837037037037038 0.0328125 0.05462962962962963
4 0.5356770833333333 0.1837962962962963 0.0421875 0.08425925925925926
2 0.43515625 0.26666666666666666 0.0515625 0.09444444444444444
0 0.24644270833333337 0.31343518518518515 0.04010416666666667 0.07685185185185185
7 0.2715260416666666 0.36527777777777776 0.03854166666666667 0.07314814814814814
4 0.5390625 0.38657407407407407 0.04375 0.0787037037037037
1 0.5045989583333333 0.4140462962962963 0.0390625 0.07314814814814814
4 0.4472239583333334 0.4142037037037037 0.051041666666666666 0.09814814814814815
4 0.20234375 0.4439814814814815 0.03802083333333333 0.0824074074074074
1 0.37447916666666664 0.4736111111111111 0.04583333333333333 0.0824074074074074
4 0.25104166666666666 0.5050925925925925 0.04479166666666667 0.08611111111111111
7 0.7955729166666666 0.512962962962963 0.04114583333333333 0.06851851851851852
4 0.6244791666666667 0.6064814814814815 0.03958333333333333 0.08518518518518518
8 0.259375 0.7097222222222223 0.04479166666666667 0.08425925925925926
2 0.7598958333333333 0.7101851851851851 0.04375 0.08518518518518518
0 0.61953125 0.7240740740740741 0.04114583333333333 0.07222222222222222
8 0.64921875 0.7814814814814814 0.04635416666666667 0.06481481481481481
8 0.6109375 0.8152777777777778 0.041666666666666664 0.07314814814814814
2 0.37890625 0.8666666666666667 0.043229166666666666 0.07592592592592592
4 0.6984375 0.8712962962962963 0.04583333333333333 0.07407407407407407