2 0.60546875 0.09351851851851851 0.0359375 0.06481481481481481
4 0.15807291666666667 0.950925925925926 0.043229166666666666 0.07962962962962963
0 0.2518229166666667 0.9537037037037037 0.04114583333333333 0.07777777777777778
5 0.4401041666666667 0.9680555555555556 0.04375 0.062037037037037036
0 0.4309895833333333 0.1 0.059895833333333336 0.1
0 0.4861979166666667 0.1388888888888889 0.034895833333333334 0.07407407407407407
4 0.17265625 0.16296296296296298 0.030729166666666665 0.05925925925925926
0 0.4393229166666667 0.19166666666666668 0.049479166666666664 0.07962962962962963
7 0.7830729166666667 0.21851851851851853 0.05572916666666667 0.08888888888888889
0 0.48046875 0.24814814814814815 0.06302083333333333 0.1037037037037037
0 0.6986979166666667 0.2759259259259259 0.03697916666666667 0.06296296296296296
2 0.29375 0.2777777777777778 0.03854166666666667 0.07777777777777778
0 0.8002604166666667 0.3 0.04010416666666667 0.06296296296296296
2 0.5252604166666667 0.3490740740740741 0.04010416666666667 0.07222222222222222
4 0.17526041666666667 0.03518518518518519 0.04010416666666667 0.07037037037037037
8 0.7684895833333333 0.35648148148148145 0.043229166666666666 0.07222222222222222
7 0.69609375 0.36018518518518516 0.044270833333333336 0.07592592592592592
1 0.29921875 0.4564814814814815 0.04010416666666667 0.07222222222222222
2 0.7981770833333334 0.46574074074074073 0.04635416666666667 0.06851851851851852
1 0.7419270833333333 0.49074074074074076 0.044270833333333336 0.07037037037037037
1 0.5361979166666667 0.05 0.043229166666666666 0.07777777777777778
6 0.6783854166666666 0.5166666666666667 0.0484375 0.09259259259259259
0 0.8091145833333333 0.5222222222222223 0.04114583333333333 0.06666666666666667
8 0.5315104166666667 0.5222222222222223 0.05260416666666667 0.08888888888888889
0 0.5731770833333333 0.5277777777777778 0.04010416666666667 0.06666666666666667
1 0.7169270833333333 0.5425925925925926 0.03802083333333333 0.06296296296296296
8 0.6486979166666667 0.5722222222222222 0.0390625 0.07407407407407407
4 0.23307291666666666 0.575925925925926 0.0390625 0.06666666666666667
1 0.19036458333333334 0.5787037037037037 0.0390625 0.06481481481481481
4 0.6908854166666667 0.5981481481481481 0.05260416666666667 0.09259259259259259
0 0.3111979166666667 0.6037037037037037 0.034895833333333334 0.07037037037037037
8 0.23723958333333334 0.687962962962963 0.0390625 0.08333333333333333
2 0.3684895833333333 0.06944444444444445 0.0515625 0.08703703703703704
2 0.7669270833333334 0.7231481481481481 0.0359375 0.06481481481481481
7 0.8075520833333333 0.7435185185185185 0.04635416666666667 0.07222222222222222
8 0.6997395833333333 0.7657407407407407 0.05364583333333333 0.09814814814814815
4 0.48098958333333336 0.07685185185185185 0.04114583333333333 0.07222222222222222
4 0.6627604166666666 0.08055555555555556 0.0359375 0.06851851851851852
7 0.6919270833333333 0.08333333333333333 0.0296875 0.05925925925925926
7 0.22421875 0.8351851851851851 0.0421875 0.06666666666666667
0 0.39088541666666665 0.8361111111111111 0.03802083333333333 0.07962962962962963
7 0.7877604166666666 0.8407407407407408 0.0546875 0.08888888888888889
4 0.18723958333333332 0.8481481481481481 0.028645833333333332 0.05555555555555555
0 0.5986979166666667 0.8657407407407407 0.0515625 0.09814814814814815
0 0.6669270833333333 0.9009259259259259 0.0546875 0.09444444444444444
4 0.22005208333333334 0.9055555555555556 0.04010416666666667 0.07777777777777778
2 0.7888020833333333 0.9166666666666666 0.04010416666666667 0.07407407407407407