1 0.46953125 0.20555555555555555 0.0390625 0.06666666666666667
4 0.5705729166666667 0.22592592592592592 0.04114583333333333 0.07407407407407407
6 0.27734375 0.23796296296296296 0.0546875 0.08703703703703704
5 0.6440104166666667 0.3 0.05260416666666667 0.0962962962962963
0 0.32890625 0.38333333333333336 0.0578125 0.0962962962962963
8 0.7205729166666667 0.39814814814814814 0.043229166666666666 0.06666666666666667
7 0.75078125 0.5370370370370371 0.0515625 0.0962962962962963
8 0.37786458333333334 0.5601851851851852 0.0453125 0.07962962962962963
0 0.30130208333333336 0.7537037037037037 0.03802083333333333 0.07037037037037037
4 0.33984375 0.7592592592592593 0.044270833333333336 0.07777777777777778
4 0.61015625 0.8305555555555556 0.03697916666666667 0.06851851851851852
0 0.6830729166666667 0.9175925925925926 0.06822916666666666 0.12037037037037036