0 0.5377604166666666 0.09768518518518518 0.05677083333333333 0.09537037037037037
0 0.21692708333333333 0.14027777777777778 0.0421875 0.0787037037037037
7 0.49140625 0.1425925925925926 0.04010416666666667 0.07777777777777778
1 0.7971354166666667 0.16435185185185186 0.0453125 0.075
4 0.63984375 0.16805555555555557 0.0453125 0.08796296296296297
4 0.44261979166666665 0.2066296296296296 0.044270833333333336 0.08796296296296297
7 0.67890625 0.21666666666666667 0.04010416666666667 0.06851851851851852
8 0.41067708333333336 0.26064814814814813 0.0453125 0.07314814814814814
8 0.3194479166666666 0.2777777777777778 0.03854166666666667 0.07037037037037037
7 0.7869791666666667 0.30185185185185187 0.04791666666666667 0.07222222222222222
0 0.3815104166666667 0.3101851851851852 0.05364583333333333 0.08888888888888889
0 0.2747395833333333 0.3314814814814815 0.043229166666666666 0.07592592592592592
0 0.4474895833333334 0.34475 0.04635416666666667 0.07777777777777778
2 0.5755208333333334 0.03564814814814815 0.06458333333333334 0.0712962962962963
2 0.375 0.4217592592592593 0.05416666666666667 0.08981481481481482
8 0.4473958333333333 0.4550925925925926 0.041666666666666664 0.0824074074074074
4 0.49453125 0.053703703703703705 0.030729166666666665 0.07222222222222222
6 0.5455729166666666 0.5555555555555556 0.06510416666666667 0.12962962962962962
0 0.7489583333333333 0.5875 0.042708333333333334 0.0787037037037037
2 0.45668749999999997 0.05987962962962963 0.04010416666666667 0.07592592592592592
1 0.29635416666666664 0.6347222222222222 0.03958333333333333 0.0712962962962963
2 0.8096354166666667 0.6527777777777778 0.04114583333333333 0.07962962962962963
4 0.5286458333333334 0.6717592592592593 0.059375 0.09907407407407408
0 0.16614583333333333 0.7134259259259259 0.04479166666666667 0.08055555555555556
7 0.8005208333333333 0.7189814814814814 0.046875 0.0824074074074074
2 0.16145833333333334 0.7782407407407408 0.04583333333333333 0.08055555555555556
6 0.4734375 0.8634259259259259 0.046875 0.0787037037037037