6 0.44765625 0.2898148148148148 0.050520833333333334 0.10185185185185185
4 0.47161458333333334 0.35555555555555557 0.033854166666666664 0.07777777777777778
0 0.6528645833333333 0.36018518518518516 0.0796875 0.13148148148148148
7 0.43515625 0.3731481481481482 0.04635416666666667 0.07962962962962963
4 0.5205729166666667 0.37407407407407406 0.04739583333333333 0.07407407407407407
8 0.49192708333333335 0.41944444444444445 0.0484375 0.10185185185185185
4 0.50234375 0.5277777777777778 0.0453125 0.08888888888888889
8 0.24557291666666667 0.5462962962962963 0.06822916666666666 0.07777777777777778
6 0.40963541666666664 0.5574074074074075 0.059895833333333336 0.1259259259259259
0 0.55546875 0.5657407407407408 0.0453125 0.08703703703703704
4 0.7934895833333333 0.5944444444444444 0.050520833333333334 0.07777777777777778
0 0.45755208333333336 0.6027777777777777 0.0421875 0.07592592592592592
2 0.7611979166666667 0.6398148148148148 0.04010416666666667 0.08703703703703704
4 0.8268229166666666 0.675 0.059895833333333336 0.10185185185185185
2 0.61171875 0.7240740740740741 0.043229166666666666 0.07777777777777778
2 0.48463541666666665 0.7731481481481481 0.05364583333333333 0.08703703703703704