4 0.63515625 0.9680555555555556 0.0609375 0.062037037037037036
4 0.188171875 0.1318611111111111 0.0421875 0.075
8 0.3111979166666667 0.2689814814814815 0.05364583333333333 0.09907407407407408
7 0.7364583333333333 0.3037037037037037 0.042708333333333334 0.07962962962962963
6 0.6911458333333333 0.33101851851851855 0.035416666666666666 0.06759259259259259
7 0.34609375 0.3453703703703704 0.044270833333333336 0.07777777777777778
0 0.5794270833333334 0.4898148148148148 0.044270833333333336 0.08148148148148149
6 0.421875 0.5824074074074074 0.065625 0.11851851851851852
1 0.5028645833333333 0.6134259259259259 0.043229166666666666 0.08425925925925926
0 0.31796875 0.7143518518518519 0.0671875 0.12685185185185185
1 0.8005208333333333 0.7203703703703703 0.03958333333333333 0.07592592592592592
2 0.271609375 0.7356481481481482 0.0453125 0.07685185185185185
2 0.7658854166666667 0.7657407407407407 0.044270833333333336 0.08148148148148149