2 0.18984375 0.937037037037037 0.04114583333333333 0.07037037037037037
4 0.62265625 0.950462962962963 0.0453125 0.08611111111111111
4 0.5354166666666667 0.950925925925926 0.053125 0.09259259259259259
7 0.27109375 0.9657407407407408 0.04010416666666667 0.06666666666666667
0 0.6877604166666667 0.9662037037037037 0.043229166666666666 0.06574074074074074
2 0.28203125 0.10925925925925926 0.05260416666666667 0.0962962962962963
6 0.5096354166666667 0.12129629629629629 0.0453125 0.07962962962962963
0 0.6565104166666667 0.19166666666666668 0.0515625 0.09444444444444444
7 0.47578125 0.19814814814814816 0.0359375 0.07407407407407407
0 0.32317708333333334 0.22407407407407406 0.06614583333333333 0.1111111111111111
6 0.5721354166666667 0.23333333333333334 0.059895833333333336 0.10740740740740741
8 0.24409895833333334 0.25555555555555554 0.034375 0.06111111111111111
2 0.41848958333333336 0.26944444444444443 0.0484375 0.09074074074074075
8 0.721875 0.27037037037037037 0.04895833333333333 0.1
4 0.2635416666666667 0.30416666666666664 0.03854166666666667 0.06759259259259259
4 0.19140625 0.3074074074074074 0.044270833333333336 0.07407407407407407
6 0.7658854166666667 0.325 0.0640625 0.11296296296296296
8 0.5661458333333333 0.33194444444444443 0.0375 0.075
4 0.6658854166666667 0.33425925925925926 0.04114583333333333 0.07592592592592592
0 0.37057291666666664 0.37037037037037035 0.03802083333333333 0.07037037037037037
2 0.18880208333333334 0.37407407407407406 0.030729166666666665 0.05555555555555555
0 0.26119791666666664 0.38055555555555554 0.05260416666666667 0.09074074074074075
0 0.4908854166666667 0.3962962962962963 0.0390625 0.07407407407407407
0 0.43828125 0.40185185185185185 0.03802083333333333 0.07037037037037037
2 0.19765625 0.4222222222222222 0.03177083333333333 0.05185185185185185
7 0.6596354166666667 0.4361111111111111 0.043229166666666666 0.06851851851851852
2 0.2981770833333333 0.43703703703703706 0.0390625 0.07407407407407407
8 0.3991354166666667 0.44166666666666665 0.04583333333333333 0.07407407407407407
6 0.5731770833333333 0.44351851851851853 0.04739583333333333 0.08333333333333333
0 0.8190104166666666 0.4527777777777778 0.0640625 0.10555555555555556
7 0.50859375 0.49722222222222223 0.049479166666666664 0.09074074074074075
7 0.62578125 0.4981481481481482 0.04010416666666667 0.06666666666666667
2 0.28359375 0.49907407407407406 0.0390625 0.06851851851851852
6 0.45755208333333336 0.05092592592592592 0.06614583333333333 0.10185185185185185
8 0.83203125 0.5458333333333333 0.0609375 0.09722222222222222
6 0.24661458333333333 0.5472222222222223 0.050520833333333334 0.09444444444444444
4 0.38776041666666666 0.05555555555555555 0.0390625 0.07037037037037037
0 0.35546875 0.5583333333333333 0.049479166666666664 0.08703703703703704
6 0.30026041666666664 0.575925925925926 0.05364583333333333 0.08148148148148149
7 0.6627604166666666 0.587037037037037 0.05364583333333333 0.08518518518518518
2 0.19609375 0.6018518518518519 0.049479166666666664 0.08518518518518518
4 0.27630208333333334 0.6175925925925926 0.03802083333333333 0.07407407407407407
6 0.23828125 0.6342592592592593 0.050520833333333334 0.08703703703703704
7 0.30390625 0.662962962962963 0.04010416666666667 0.07037037037037037
8 0.24192708333333332 0.7060185185185185 0.04739583333333333 0.06018518518518518
7 0.8356770833333333 0.7388888888888889 0.04114583333333333 0.11481481481481481
1 0.5854166666666667 0.7930555555555555 0.04375 0.07314814814814814
2 0.8161458333333333 0.8009259259259259 0.03958333333333333 0.07037037037037037
6 0.8434895833333333 0.8324074074074074 0.0296875 0.06851851851851852
8 0.23541666666666666 0.8527777777777777 0.04479166666666667 0.07962962962962963
2 0.19869791666666667 0.8768518518518519 0.033854166666666664 0.06851851851851852
8 0.5815989583333334 0.8841018518518519 0.053125 0.09537037037037037
5 0.4434895833333333 0.9123425925925925 0.05677083333333333 0.09259259259259259