6 0.7434895833333334 0.2412037037037037 0.06197916666666667 0.11574074074074074
2 0.3265625 0.2652777777777778 0.04791666666666667 0.08055555555555556
0 0.60625 0.34629629629629627 0.05 0.09444444444444444
8 0.74140625 0.412962962962963 0.0578125 0.11296296296296296
0 0.21953125 0.4685185185185185 0.0453125 0.07592592592592592
0 0.6575520833333334 0.4828703703703704 0.04114583333333333 0.0712962962962963
2 0.6817708333333333 0.512962962962963 0.03958333333333333 0.06666666666666667
0 0.7557291666666667 0.5171296296296296 0.04479166666666667 0.08055555555555556
2 0.73046875 0.5856481481481481 0.06197916666666667 0.08796296296296297
1 0.2484375 0.611574074074074 0.051041666666666666 0.06944444444444445
2 0.19609375 0.6601851851851852 0.05572916666666667 0.07407407407407407
2 0.8302083333333333 0.674537037037037 0.034375 0.08055555555555556
7 0.56796875 0.6907407407407408 0.04635416666666667 0.06666666666666667
6 0.41901041666666666 0.7851851851851852 0.0609375 0.12037037037037036
7 0.5223958333333333 0.8208333333333333 0.06979166666666667 0.1175925925925926