5 0.3533854166666667 0.12731481481481483 0.050520833333333334 0.075
6 0.5236979166666667 0.16342592592592592 0.0515625 0.09537037037037037
4 0.4354166666666667 0.17037037037037037 0.042708333333333334 0.07222222222222222
2 0.35 0.25 0.059375 0.09814814814814815
2 0.48802083333333335 0.33287037037037037 0.04375 0.0712962962962963
7 0.35 0.38935185185185184 0.036458333333333336 0.07314814814814814
0 0.7572916666666667 0.4425925925925926 0.042708333333333334 0.07592592592592592
8 0.31640625 0.6236111111111111 0.043229166666666666 0.0787037037037037
2 0.7927083333333333 0.6398148148148148 0.04479166666666667 0.07777777777777778
6 0.56484375 0.6861111111111111 0.05677083333333333 0.0962962962962963
8 0.41484375 0.0699074074074074 0.044270833333333336 0.08611111111111111
1 0.5721354166666667 0.09074074074074075 0.04010416666666667 0.07592592592592592