2 0.17526041666666667 0.10648148148148148 0.044270833333333336 0.07592592592592592
4 0.2747395833333333 0.13333333333333333 0.043229166666666666 0.07037037037037037
2 0.6580729166666667 0.15555555555555556 0.049479166666666664 0.09259259259259259
1 0.24661458333333333 0.1638888888888889 0.034895833333333334 0.07222222222222222
7 0.3731770833333333 0.16574074074074074 0.0421875 0.07592592592592592
4 0.20755208333333333 0.16944444444444445 0.0484375 0.08333333333333333
2 0.30442708333333335 0.17592592592592593 0.03802083333333333 0.06296296296296296
4 0.17265625 0.19537037037037036 0.0484375 0.06111111111111111
4 0.62421875 0.19814814814814816 0.025520833333333333 0.037037037037037035
0 0.5731770833333333 0.20833333333333334 0.0671875 0.12407407407407407
0 0.27109375 0.22685185185185186 0.05572916666666667 0.08703703703703704
4 0.65859375 0.22962962962962963 0.05677083333333333 0.08148148148148149
6 0.42578125 0.024074074074074074 0.06510416666666667 0.04814814814814815
8 0.34921875 0.024074074074074074 0.05677083333333333 0.04814814814814815
4 0.18203125 0.2564814814814815 0.0453125 0.06851851851851852
7 0.21171875 0.2722222222222222 0.04010416666666667 0.08148148148148149
0 0.38359375 0.2740740740740741 0.0578125 0.1037037037037037
8 0.5924479166666666 0.32222222222222224 0.03697916666666667 0.06666666666666667
0 0.17630208333333333 0.34074074074074073 0.04010416666666667 0.07407407407407407
7 0.23098958333333333 0.34814814814814815 0.06197916666666667 0.09259259259259259
2 0.81171875 0.3768518518518518 0.04635416666666667 0.07222222222222222
0 0.70078125 0.39351851851851855 0.06510416666666667 0.10185185185185185
0 0.19817708333333334 0.45555555555555555 0.07864583333333333 0.13333333333333333
1 0.7393229166666667 0.48518518518518516 0.03697916666666667 0.05925925925925926
6 0.42109375 0.49722222222222223 0.05260416666666667 0.07592592592592592
0 0.7013020833333333 0.5157407407407407 0.049479166666666664 0.07222222222222222
5 0.2799479166666667 0.05185185185185185 0.04114583333333333 0.08888888888888889
2 0.76953125 0.5287037037037037 0.043229166666666666 0.06111111111111111
4 0.6111979166666667 0.05648148148148148 0.043229166666666666 0.07592592592592592
7 0.5169270833333334 0.5648148148148148 0.0359375 0.06666666666666667
4 0.3919270833333333 0.5916666666666667 0.0546875 0.09074074074074075
8 0.55234375 0.5925925925925926 0.044270833333333336 0.07037037037037037
5 0.44140625 0.5935185185185186 0.04739583333333333 0.07962962962962963
5 0.7466145833333333 0.5990740740740741 0.09010416666666667 0.10185185185185185
6 0.5450520833333333 0.062037037037037036 0.0765625 0.12407407407407407
4 0.44140625 0.06759259259259259 0.0453125 0.08333333333333333
8 0.34036458333333336 0.6888888888888889 0.06197916666666667 0.1111111111111111
6 0.74453125 0.6972222222222222 0.05677083333333333 0.09814814814814815
2 0.8059895833333334 0.6990740740740741 0.0578125 0.09814814814814815
7 0.60234375 0.7064814814814815 0.0546875 0.10185185185185185
6 0.5028645833333333 0.7157407407407408 0.03697916666666667 0.07962962962962963
2 0.44765625 0.7166666666666667 0.03697916666666667 0.07037037037037037
5 0.41953125 0.7888888888888889 0.059895833333333336 0.1
8 0.5080729166666667 0.7898148148148149 0.043229166666666666 0.07592592592592592
1 0.4669270833333333 0.7916666666666666 0.044270833333333336 0.07592592592592592
2 0.18619791666666666 0.7981481481481482 0.0453125 0.07037037037037037
0 0.8111979166666666 0.8092592592592592 0.0453125 0.07407407407407407
6 0.15989583333333332 0.8324074074074074 0.03854166666666667 0.06851851851851852
1 0.25078125 0.08425925925925926 0.04114583333333333 0.07222222222222222
4 0.32265625 0.08518518518518518 0.03697916666666667 0.08148148148148149
4 0.37161458333333336 0.08703703703703704 0.043229166666666666 0.07777777777777778
7 0.46484375 0.9027777777777778 0.06302083333333333 0.10185185185185185
1 0.21432291666666667 0.09166666666666666 0.044270833333333336 0.06851851851851852