6 0.26953125 0.9259259259259259 0.04635416666666667 0.08148148148148149
8 0.19453125 0.9425925925925925 0.05677083333333333 0.09259259259259259
4 0.83046875 0.9481481481481482 0.03697916666666667 0.07407407407407407
2 0.7518229166666667 0.9527777777777777 0.0421875 0.07962962962962963
2 0.8005208333333333 0.9662037037037037 0.04375 0.06574074074074074
0 0.23489583333333333 0.9680555555555556 0.0375 0.062037037037037036
2 0.35546875 0.10833333333333334 0.04739583333333333 0.06851851851851852
6 0.79765625 0.1574074074074074 0.03802083333333333 0.05555555555555555
2 0.5393229166666667 0.16296296296296298 0.0359375 0.07407407407407407
2 0.37213541666666666 0.17222222222222222 0.0453125 0.07407407407407407
6 0.19869791666666667 0.17962962962962964 0.05260416666666667 0.08148148148148149
2 0.2908854166666667 0.18703703703703703 0.049479166666666664 0.08518518518518518
7 0.33515625 0.19444444444444445 0.03802083333333333 0.08148148148148149
8 0.5111979166666667 0.2101851851851852 0.04010416666666667 0.07222222222222222
2 0.3736979166666667 0.2351851851851852 0.04010416666666667 0.07777777777777778
7 0.47994791666666664 0.24537037037037038 0.027604166666666666 0.08703703703703704
7 0.5533854166666666 0.24722222222222223 0.05572916666666667 0.08703703703703704
8 0.31536458333333334 0.2490740740740741 0.03802083333333333 0.07222222222222222
2 0.20182291666666666 0.2657407407407407 0.0546875 0.09444444444444444
2 0.5966145833333333 0.2675925925925926 0.034895833333333334 0.06851851851851852
4 0.44869791666666664 0.2675925925925926 0.0484375 0.07222222222222222
6 0.27369791666666665 0.2740740740740741 0.06302083333333333 0.0962962962962963
7 0.4122395833333333 0.2824074074074074 0.0359375 0.07592592592592592
8 0.33359375 0.2972222222222222 0.043229166666666666 0.06851851851851852
2 0.5700520833333333 0.30462962962962964 0.028645833333333332 0.053703703703703705
2 0.7549479166666667 0.31203703703703706 0.058854166666666666 0.12037037037037036
8 0.52109375 0.31574074074074077 0.049479166666666664 0.09444444444444444
4 0.70234375 0.3194444444444444 0.043229166666666666 0.07592592592592592
6 0.6434895833333333 0.32592592592592595 0.0484375 0.0962962962962963
2 0.6033854166666667 0.3296296296296296 0.03802083333333333 0.07037037037037037
6 0.36770833333333336 0.337037037037037 0.04895833333333333 0.08148148148148149
8 0.47682291666666665 0.3416666666666667 0.04010416666666667 0.06481481481481481
6 0.30911458333333336 0.3472222222222222 0.0421875 0.06851851851851852
0 0.5591145833333333 0.362962962962963 0.033854166666666664 0.06666666666666667
0 0.26145833333333335 0.3712962962962963 0.046875 0.09814814814814815
5 0.20390625 0.37407407407407406 0.06510416666666667 0.1037037037037037
0 0.79609375 0.375 0.0390625 0.07222222222222222
1 0.4466145833333333 0.3824074074074074 0.03177083333333333 0.07962962962962963
1 0.5903645833333333 0.39537037037037037 0.03802083333333333 0.06481481481481481
8 0.34453125 0.3990740740740741 0.04010416666666667 0.07592592592592592
4 0.62265625 0.40185185185185185 0.0390625 0.07037037037037037
0 0.66328125 0.4101851851851852 0.04635416666666667 0.08703703703703704
0 0.2955729166666667 0.42777777777777776 0.0578125 0.09259259259259259
0 0.5330729166666667 0.4546296296296296 0.06510416666666667 0.11666666666666667
4 0.590625 0.45555555555555555 0.036458333333333336 0.07407407407407407
2 0.21640625 0.4583333333333333 0.04010416666666667 0.07222222222222222
4 0.6372395833333333 0.4648148148148148 0.0390625 0.06666666666666667
6 0.8221354166666667 0.4842592592592593 0.0640625 0.11296296296296296
7 0.3846354166666667 0.05092592592592592 0.05572916666666667 0.09074074074074075
8 0.29921875 0.5092592592592593 0.050520833333333334 0.06666666666666667
0 0.25078125 0.5111111111111111 0.0640625 0.10740740740740741
2 0.4934895833333333 0.5120370370370371 0.0421875 0.06481481481481481
2 0.6080729166666666 0.5314814814814814 0.05677083333333333 0.07777777777777778
4 0.20598958333333334 0.5342592592592592 0.0421875 0.06851851851851852
0 0.7924479166666667 0.5453703703703704 0.04635416666666667 0.07222222222222222
4 0.83203125 0.5611111111111111 0.04010416666666667 0.07037037037037037
4 0.18880208333333334 0.5962962962962963 0.043229166666666666 0.07407407407407407
0 0.62890625 0.5972222222222222 0.04010416666666667 0.06481481481481481
5 0.8283854166666667 0.6314814814814815 0.05364583333333333 0.07777777777777778
8 0.46848958333333335 0.6342592592592593 0.033854166666666664 0.07592592592592592
2 0.6653645833333334 0.6435185185185185 0.03177083333333333 0.07592592592592592
0 0.30911458333333336 0.6444444444444445 0.0421875 0.06666666666666667
6 0.5065104166666666 0.6583333333333333 0.0546875 0.09444444444444444
2 0.7924479166666667 0.662962962962963 0.04635416666666667 0.07407407407407407
8 0.6283854166666667 0.6712962962962963 0.0515625 0.08703703703703704
6 0.21536458333333333 0.6935185185185185 0.06302083333333333 0.11666666666666667
5 0.18984375 0.06944444444444445 0.049479166666666664 0.07962962962962963
7 0.8356770833333333 0.7231481481481481 0.044270833333333336 0.10555555555555556
7 0.79921875 0.7240740740740741 0.034895833333333334 0.07407407407407407
4 0.3580729166666667 0.7277777777777777 0.04635416666666667 0.07407407407407407
4 0.25703125 0.7425925925925926 0.0453125 0.07777777777777778
4 0.49244791666666665 0.7592592592592593 0.05260416666666667 0.08888888888888889
2 0.18932291666666667 0.7703703703703704 0.04010416666666667 0.07407407407407407
4 0.22317708333333333 0.7851851851851852 0.0453125 0.06666666666666667
4 0.25234375 0.8231481481481482 0.043229166666666666 0.06851851851851852
0 0.6486979166666667 0.8277777777777777 0.0546875 0.09259259259259259
0 0.54140625 0.8287037037037037 0.03802083333333333 0.08333333333333333
4 0.4778645833333333 0.8305555555555556 0.04010416666666667 0.06851851851851852
4 0.82890625 0.08333333333333333 0.0421875 0.09259259259259259
0 0.19661458333333334 0.8564814814814815 0.05260416666666667 0.09814814814814815
8 0.2799479166666667 0.8601851851851852 0.0421875 0.06481481481481481
8 0.73515625 0.862037037037037 0.05260416666666667 0.10185185185185185
7 0.8065104166666667 0.8759259259259259 0.05572916666666667 0.1
2 0.44505208333333335 0.08981481481481482 0.06197916666666667 0.09814814814814815
1 0.63046875 0.9 0.034895833333333334 0.08148148148148149
0 0.39505208333333336 0.9009259259259259 0.049479166666666664 0.09444444444444444
7 0.48411458333333335 0.9120370370370371 0.04635416666666667 0.08703703703703704
8 0.3377604166666667 0.9222222222222223 0.0515625 0.08518518518518518