2 0.46067708333333335 0.9342592592592592 0.0609375 0.10555555555555556
2 0.8125 0.9523148148148148 0.042708333333333334 0.09351851851851851
4 0.7330729166666666 0.9555555555555556 0.04739583333333333 0.07777777777777778
6 0.7729166666666667 0.9708333333333333 0.051041666666666666 0.05648148148148148
8 0.7028645833333333 0.14722222222222223 0.0390625 0.07962962962962963
6 0.68203125 0.20462962962962963 0.03802083333333333 0.06851851851851852
4 0.7861979166666667 0.023148148148148147 0.058854166666666666 0.046296296296296294
1 0.39140625 0.23425925925925925 0.06614583333333333 0.10925925925925926
0 0.72109375 0.24074074074074073 0.07447916666666667 0.12222222222222222
2 0.5596354166666667 0.025 0.0453125 0.05
0 0.5072916666666667 0.27685185185185185 0.04583333333333333 0.09814814814814815
4 0.76640625 0.2777777777777778 0.030729166666666665 0.05555555555555555
8 0.5596354166666667 0.2814814814814815 0.05260416666666667 0.1037037037037037
2 0.18619791666666666 0.030555555555555555 0.06510416666666667 0.06111111111111111
6 0.73671875 0.3175925925925926 0.049479166666666664 0.07222222222222222
2 0.81015625 0.3351851851851852 0.0453125 0.06666666666666667
1 0.22994791666666667 0.3638888888888889 0.043229166666666666 0.06851851851851852
7 0.60078125 0.037037037037037035 0.03802083333333333 0.07407407407407407
0 0.16015625 0.3962962962962963 0.04739583333333333 0.08148148148148149
8 0.7830729166666667 0.4009259259259259 0.0609375 0.11666666666666667
7 0.20078125 0.4148148148148148 0.0515625 0.08148148148148149
2 0.6122395833333333 0.425 0.06614583333333333 0.10185185185185185
7 0.7278645833333334 0.46296296296296297 0.0484375 0.07037037037037037
0 0.24036458333333333 0.04814814814814815 0.058854166666666666 0.0962962962962963
1 0.6690104166666667 0.49166666666666664 0.04114583333333333 0.07592592592592592
2 0.7986979166666667 0.5 0.049479166666666664 0.07407407407407407
2 0.24921875 0.5037037037037037 0.044270833333333336 0.07777777777777778
2 0.18098958333333334 0.5222222222222223 0.058854166666666666 0.10740740740740741
0 0.28359375 0.05277777777777778 0.04010416666666667 0.07222222222222222
0 0.2830729166666667 0.05648148148148148 0.03697916666666667 0.07592592592592592
7 0.7315104166666667 0.5657407407407408 0.05364583333333333 0.08333333333333333
2 0.8059895833333334 0.575 0.0390625 0.07222222222222222
8 0.48671875 0.6231481481481481 0.0359375 0.07962962962962963
4 0.52109375 0.6268518518518519 0.0359375 0.06481481481481481
6 0.44088541666666664 0.6648148148148149 0.06510416666666667 0.14074074074074075
6 0.7903645833333334 0.7 0.06822916666666666 0.11851851851851852
4 0.3216145833333333 0.0712962962962963 0.04114583333333333 0.09814814814814815
0 0.5252552083333334 0.7166666666666667 0.0484375 0.0962962962962963
4 0.23411458333333332 0.725925925925926 0.059895833333333336 0.0962962962962963
2 0.5763020833333333 0.7314814814814815 0.0421875 0.0962962962962963
7 0.69765625 0.07685185185185185 0.030729166666666665 0.07222222222222222
7 0.28671875 0.7981481481481482 0.0671875 0.1111111111111111
7 0.8096354166666667 0.7981481481481482 0.049479166666666664 0.06296296296296296
8 0.5544270833333333 0.9138888888888889 0.0421875 0.07962962962962963
0 0.64140625 0.09166666666666666 0.0546875 0.08703703703703704