7 0.4015625 0.09861111111111111 0.04791666666666667 0.07314814814814814
4 0.46822916666666664 0.10231481481481482 0.04375 0.08796296296296297
7 0.6903645833333333 0.23796296296296296 0.0515625 0.08148148148148149
7 0.35911458333333335 0.03564814814814815 0.05364583333333333 0.0712962962962963
2 0.7963541666666667 0.3726851851851852 0.041666666666666664 0.08425925925925926
4 0.8057291666666667 0.4740740740740741 0.03958333333333333 0.07592592592592592
0 0.6190104166666667 0.05185185185185185 0.058854166666666666 0.09444444444444444
0 0.78359375 0.5259259259259259 0.04635416666666667 0.07592592592592592
0 0.4588541666666667 0.5879629629629629 0.05625 0.1
0 0.61015625 0.7412037037037037 0.05364583333333333 0.09537037037037037
8 0.5044270833333333 0.761425925925926 0.0421875 0.07777777777777778
7 0.7927083333333333 0.8768518518518519 0.046875 0.07777777777777778
0 0.7221354166666667 0.9194444444444444 0.044270833333333336 0.08148148148148149