2 0.5763020833333333 0.14166666666666666 0.050520833333333334 0.06851851851851852
2 0.32265625 0.19074074074074074 0.0515625 0.09259259259259259
0 0.21536458333333333 0.22407407407407406 0.043229166666666666 0.08888888888888889
4 0.41744791666666664 0.2388888888888889 0.0296875 0.05185185185185185
1 0.5611979166666666 0.24259259259259258 0.06510416666666667 0.10740740740740741
4 0.7018229166666666 0.24722222222222223 0.05364583333333333 0.07962962962962963
4 0.6580729166666667 0.27314814814814814 0.0484375 0.08703703703703704
4 0.4549479166666667 0.275 0.04114583333333333 0.09814814814814815
8 0.28151041666666665 0.02962962962962963 0.0515625 0.05925925925925926
0 0.7544270833333333 0.3990740740740741 0.04010416666666667 0.08333333333333333
8 0.6075520833333333 0.4583333333333333 0.0421875 0.08703703703703704
4 0.4700520833333333 0.5694444444444444 0.058854166666666666 0.08333333333333333
4 0.36953125 0.575925925925926 0.043229166666666666 0.09259259259259259
8 0.17317708333333334 0.062037037037037036 0.0609375 0.10555555555555556
0 0.48411458333333335 0.6277777777777778 0.043229166666666666 0.07777777777777778
4 0.32005208333333335 0.7324074074074074 0.06822916666666666 0.10555555555555556
0 0.6518229166666667 0.7342592592592593 0.0640625 0.09074074074074075
8 0.3893229166666667 0.7620370370370371 0.06197916666666667 0.09444444444444444
0 0.66015625 0.8675925925925926 0.08072916666666667 0.12777777777777777
4 0.41327604166666665 0.8888888888888888 0.0515625 0.1