0 0.39149479166666673 0.16913888888888887 0.03958333333333333 0.07222222222222222
2 0.259375 0.17037037037037037 0.040625 0.07962962962962963
1 0.19895833333333332 0.2 0.040625 0.07962962962962963
4 0.4244791666666667 0.2064814814814815 0.03958333333333333 0.07407407407407407
0 0.5434895833333333 0.2300925925925926 0.05572916666666667 0.08425925925925926
8 0.33958333333333335 0.2523148148148148 0.05520833333333333 0.09537037037037037
0 0.34375 0.37962962962962965 0.051041666666666666 0.08333333333333333
6 0.70390625 0.6231481481481481 0.0328125 0.04814814814814815
2 0.6872395833333333 0.6694444444444444 0.0453125 0.07037037037037037
7 0.5088541666666667 0.6907407407407408 0.041666666666666664 0.07592592592592592
7 0.3223958333333333 0.7203611111111111 0.04375 0.08333333333333333
4 0.36223958333333334 0.8287037037037037 0.043229166666666666 0.08518518518518518
8 0.4515625 0.8819444444444444 0.052083333333333336 0.08796296296296297