2 0.2833333333333333 0.10277777777777777 0.05 0.07962962962962963
2 0.38984375 0.12037037037037036 0.0515625 0.08333333333333333
8 0.221265625 0.16620370370370371 0.0359375 0.058333333333333334
8 0.35234375 0.16666666666666666 0.04114583333333333 0.07962962962962963
0 0.4395833333333333 0.17222222222222222 0.03958333333333333 0.07037037037037037
4 0.25390625 0.17453703703703705 0.027604166666666666 0.04722222222222222
0 0.296875 0.18518518518518517 0.06666666666666667 0.10740740740740741
0 0.4041666666666667 0.19212962962962962 0.035416666666666666 0.06018518518518518
4 0.19036458333333334 0.21574074074074073 0.04635416666666667 0.07037037037037037
0 0.34453125 0.2263888888888889 0.0359375 0.06944444444444445
4 0.71015625 0.22685185185185186 0.04114583333333333 0.07037037037037037
4 0.2578125 0.22777777777777777 0.035416666666666666 0.06296296296296296
1 0.5333333333333333 0.25 0.03958333333333333 0.07037037037037037
8 0.384375 0.25 0.051041666666666666 0.08888888888888889
8 0.7458333333333333 0.26805555555555555 0.05 0.08796296296296297
7 0.45 0.027314814814814816 0.051041666666666666 0.05462962962962963
2 0.32369791666666664 0.27037037037037037 0.04114583333333333 0.07407407407407407
0 0.28411458333333334 0.28379629629629627 0.0515625 0.08611111111111111
5 0.23255208333333333 0.3013888888888889 0.06302083333333333 0.10277777777777777
0 0.4856770833333333 0.3347222222222222 0.03802083333333333 0.06759259259259259
2 0.1890625 0.34444444444444444 0.03333333333333333 0.05555555555555555
2 0.4080729166666667 0.36203703703703705 0.043229166666666666 0.07962962962962963
6 0.23776041666666667 0.3958333333333333 0.05260416666666667 0.09166666666666666
4 0.46076562499999996 0.3972222222222222 0.03854166666666667 0.06481481481481481
2 0.1890625 0.4013888888888889 0.035416666666666666 0.05648148148148148
4 0.609375 0.41944444444444445 0.053125 0.09259259259259259
4 0.43828125 0.4486111111111111 0.0421875 0.06388888888888888
7 0.5286458333333334 0.4842592592592593 0.04791666666666667 0.07962962962962963
4 0.38333333333333336 0.05138888888888889 0.040625 0.06944444444444445
6 0.428734375 0.5287037037037037 0.05260416666666667 0.08888888888888889
7 0.22083333333333333 0.5291666666666667 0.05416666666666667 0.08611111111111111
7 0.53515625 0.5657407407407408 0.03697916666666667 0.07037037037037037
7 0.6481770833333333 0.5685185185185185 0.05572916666666667 0.07222222222222222
2 0.8247395833333333 0.5814814814814815 0.04114583333333333 0.07407407407407407
2 0.19947916666666668 0.6074074074074074 0.05625 0.07962962962962963
0 0.5028645833333333 0.6361111111111111 0.058854166666666666 0.10925925925925926
8 0.2875 0.6388888888888888 0.03958333333333333 0.06481481481481481
7 0.8345468749999999 0.641824074074074 0.03333333333333333 0.07314814814814814
7 0.590625 0.6421296296296296 0.051041666666666666 0.09537037037037037
8 0.6365468750000001 0.6427499999999999 0.050520833333333334 0.09351851851851851
2 0.23723958333333334 0.6453703703703704 0.04114583333333333 0.07222222222222222
7 0.426734375 0.06527777777777778 0.035416666666666666 0.06944444444444445
0 0.43854166666666666 0.6592592592592592 0.03958333333333333 0.07222222222222222
2 0.18802083333333333 0.6791666666666667 0.03854166666666667 0.06759259259259259
1 0.7716145833333333 0.6824074074074075 0.04114583333333333 0.07407407407407407
7 0.81171875 0.7003055555555556 0.04635416666666667 0.09259259259259259
0 0.59921875 0.7208333333333333 0.04010416666666667 0.06759259259259259
6 0.43828125 0.7421296296296296 0.06197916666666667 0.11388888888888889
0 0.5580729166666667 0.7523148148148148 0.0515625 0.08796296296296297
2 0.82421875 0.7842592592592592 0.04010416666666667 0.07407407407407407
7 0.47161458333333334 0.799074074074074 0.0359375 0.07407407407407407
0 0.19427083333333334 0.8157407407407408 0.05416666666666667 0.08888888888888889
6 0.8419270833333333 0.8287037037037037 0.0359375 0.06481481481481481
7 0.5463541666666667 0.8314814814814815 0.04479166666666667 0.07962962962962963
4 0.39088541666666665 0.8572500000000001 0.04114583333333333 0.075
0 0.25442708333333336 0.8819444444444444 0.0484375 0.08425925925925926
6 0.48125 0.08981481481481482 0.059375 0.10925925925925926
0 0.20625 0.9009259259259259 0.040625 0.07037037037037037