0 0.5984375 0.21435185185185185 0.04791666666666667 0.09351851851851851
2 0.22864583333333333 0.2708333333333333 0.0375 0.062037037037037036
0 0.690625 0.31851851851851853 0.065625 0.10925925925925926
0 0.35260416666666666 0.3939814814814815 0.03958333333333333 0.0712962962962963
8 0.6533854166666667 0.4236111111111111 0.05364583333333333 0.09351851851851851
8 0.3111979166666667 0.44305555555555554 0.044270833333333336 0.06944444444444445
2 0.6908854166666667 0.4708333333333333 0.049479166666666664 0.09537037037037037
4 0.20147916666666665 0.5354907407407408 0.0484375 0.07407407407407407
8 0.5916666666666667 0.5699074074074074 0.03854166666666667 0.075
7 0.5270833333333333 0.6388888888888888 0.03854166666666667 0.07962962962962963
2 0.6065104166666667 0.6430555555555556 0.0390625 0.06944444444444445