8 0.5674479166666667 0.10740740740740741 0.043229166666666666 0.07407407407407407
4 0.179421875 0.14814814814814814 0.050520833333333334 0.09259259259259259
2 0.28411458333333334 0.1537037037037037 0.06822916666666666 0.11851851851851852
7 0.40234375 0.17592592592592593 0.033854166666666664 0.04814814814814815
4 0.22317708333333333 0.17592592592592593 0.05677083333333333 0.10740740740740741
2 0.5341145833333333 0.18055555555555555 0.0390625 0.06851851851851852
4 0.46380208333333334 0.21944444444444444 0.0484375 0.07592592592592592
4 0.57265625 0.30185185185185187 0.0484375 0.07777777777777778
4 0.6184895833333334 0.3296296296296296 0.049479166666666664 0.1
0 0.41015625 0.37962962962962965 0.04114583333333333 0.07777777777777778
0 0.37734375 0.44074074074074077 0.0453125 0.06296296296296296
8 0.27265625 0.4685185185185185 0.0453125 0.09259259259259259
4 0.31744791666666666 0.475 0.03697916666666667 0.06851851851851852
8 0.48411458333333335 0.475 0.04114583333333333 0.07222222222222222
2 0.41484375 0.4824074074074074 0.04010416666666667 0.06481481481481481
0 0.36692708333333335 0.5018518518518519 0.0453125 0.07037037037037037
4 0.61796875 0.05185185185185185 0.04635416666666667 0.07777777777777778
2 0.78828125 0.5527777777777778 0.034895833333333334 0.06481481481481481
4 0.4981770833333333 0.6203703703703703 0.04635416666666667 0.08518518518518518
4 0.8174479166666667 0.812037037037037 0.0328125 0.05740740740740741