2 0.35911458333333335 0.11481481481481481 0.044270833333333336 0.05925925925925926
0 0.57109375 0.1574074074074074 0.05677083333333333 0.0962962962962963
4 0.4471354166666667 0.20925925925925926 0.04010416666666667 0.07777777777777778
2 0.35911458333333335 0.22685185185185186 0.06927083333333334 0.10555555555555556
6 0.44869791666666664 0.37222222222222223 0.04114583333333333 0.08518518518518518
8 0.6966145833333334 0.3851851851851852 0.04739583333333333 0.08148148148148149
6 0.29296875 0.4601851851851852 0.04010416666666667 0.07222222222222222
0 0.7122395833333334 0.6157407407407407 0.043229166666666666 0.06481481481481481
0 0.6888020833333334 0.6731481481481482 0.0453125 0.06111111111111111
4 0.7263020833333333 0.7916666666666666 0.0421875 0.07962962962962963
4 0.39869791666666665 0.0824074074074074 0.049479166666666664 0.09814814814814815