0 0.43828125 0.19814814814814816 0.04114583333333333 0.06851851851851852
7 0.3541666666666667 0.2740740740740741 0.05 0.08888888888888889
6 0.5333333333333333 0.42916666666666664 0.059375 0.10462962962962963
0 0.6859375 0.46944444444444444 0.03854166666666667 0.06296296296296296
2 0.5682291666666667 0.48703703703703705 0.034375 0.06111111111111111
8 0.41901041666666666 0.5078703703703704 0.0453125 0.08611111111111111
2 0.5921875 0.5375 0.035416666666666666 0.06574074074074074
0 0.6986979166666667 0.5421296296296296 0.0484375 0.08796296296296297
4 0.3734375 0.5449074074074074 0.03854166666666667 0.06574074074074074
7 0.6364583333333333 0.5513888888888889 0.040625 0.075
4 0.34322916666666664 0.5930555555555556 0.029166666666666667 0.041666666666666664
2 0.40971875 0.6712962962962963 0.03958333333333333 0.07407407407407407
4 0.61875 0.6967592592592593 0.03958333333333333 0.06944444444444445
6 0.14583333333333334 0.7245370370370371 0.0375 0.05092592592592592
0 0.4869791666666667 0.8060185185185185 0.05 0.09351851851851851
6 0.6143229166666667 0.8814814814814815 0.06197916666666667 0.1111111111111111