6 0.39045312499999996 0.16666666666666666 0.05416666666666667 0.09444444444444444
7 0.61171875 0.25324074074074077 0.0453125 0.075
0 0.7088541666666667 0.29305555555555557 0.06458333333333334 0.10648148148148148
0 0.6598958333333333 0.34305555555555556 0.05 0.08425925925925926
7 0.2786458333333333 0.3597222222222222 0.05 0.10277777777777777
4 0.46484375 0.3939814814814815 0.0390625 0.075
4 0.6338541666666667 0.4097222222222222 0.04375 0.08055555555555556
1 0.19791666666666666 0.42592592592592593 0.04479166666666667 0.06481481481481481
8 0.19270833333333334 0.5023148148148148 0.036458333333333336 0.07685185185185185
4 0.3221354166666667 0.5430555555555555 0.0390625 0.07685185185185185
0 0.5770833333333333 0.5615740740740741 0.042708333333333334 0.062037037037037036
0 0.7166666666666667 0.5666666666666667 0.05520833333333333 0.09814814814814815
8 0.44114583333333335 0.6027777777777777 0.04583333333333333 0.07777777777777778
4 0.19661458333333334 0.6435185185185185 0.0484375 0.07407407407407407
5 0.6395833333333333 0.6953703703703704 0.059375 0.1