2 0.7231770833333333 0.9268518518518518 0.05260416666666667 0.08888888888888889
4 0.159375 0.9291666666666667 0.03854166666666667 0.07685185185185185
0 0.8151041666666666 0.9453703703703704 0.040625 0.07037037037037037
7 0.3328125 0.9490740740740741 0.05416666666666667 0.09814814814814815
2 0.67578125 0.9601851851851851 0.0515625 0.07777777777777778
4 0.60859375 0.9648148148148148 0.0359375 0.06851851851851852
1 0.7817708333333333 0.9694444444444444 0.041666666666666664 0.05925925925925926
7 0.5583333333333333 0.9699074074074074 0.03854166666666667 0.058333333333333334
0 0.75078125 0.9796296296296296 0.0390625 0.03888888888888889
5 0.675 0.10925925925925926 0.05520833333333333 0.09259259259259259
0 0.72890625 0.11203703703703703 0.03802083333333333 0.07037037037037037
7 0.8083333333333333 0.11712962962962963 0.04583333333333333 0.07685185185185185
2 0.7669270833333334 0.14212962962962963 0.05260416666666667 0.07685185185185185
7 0.19140625 0.16018518518518518 0.05572916666666667 0.09259259259259259
6 0.7255208333333333 0.16527777777777777 0.034375 0.05648148148148148
6 0.8059895833333334 0.19537037037037036 0.0421875 0.07222222222222222
1 0.7611979166666667 0.20972222222222223 0.03802083333333333 0.06759259259259259
0 0.665015625 0.02824074074074074 0.03697916666666667 0.05648148148148148
8 0.3140625 0.2824074074074074 0.0375 0.06481481481481481
0 0.7164947916666667 0.28271296296296294 0.051041666666666666 0.09259259259259259
0 0.8088541666666667 0.2953703703703704 0.034375 0.06296296296296296
4 0.3580729166666667 0.030555555555555555 0.0421875 0.06111111111111111
4 0.6979166666666666 0.031018518518518518 0.03958333333333333 0.058333333333333334
0 0.7635416666666667 0.32175925925925924 0.06041666666666667 0.11203703703703703
0 0.6153645833333333 0.033796296296296297 0.043229166666666666 0.06759259259259259
4 0.37057291666666664 0.33564814814814814 0.04635416666666667 0.0824074074074074
2 0.63046875 0.3402777777777778 0.0421875 0.0787037037037037
0 0.80546875 0.3888888888888889 0.0484375 0.08703703703703704
2 0.7635416666666667 0.4060185185185185 0.03958333333333333 0.06759259259259259
0 0.38333333333333336 0.4166666666666667 0.05 0.07962962962962963
6 0.3216145833333333 0.42314814814814816 0.0609375 0.10925925925925926
8 0.5690104166666666 0.44027777777777777 0.0484375 0.08425925925925926
6 0.71875 0.462037037037037 0.040625 0.06296296296296296
7 0.8036458333333333 0.47685185185185186 0.05520833333333333 0.08888888888888889
0 0.7580729166666667 0.04861111111111111 0.04739583333333333 0.08425925925925926
4 0.44296875 0.48842592592592593 0.03697916666666667 0.06388888888888888
0 0.3683072916666667 0.4981481481481482 0.04895833333333333 0.08333333333333333
4 0.5911458333333334 0.49953703703703706 0.03958333333333333 0.06759259259259259
0 0.7530416666666666 0.508175925925926 0.03697916666666667 0.06944444444444445
8 0.6932291666666667 0.5097222222222222 0.05 0.08425925925925926
4 0.7861979166666667 0.5189814814814815 0.04114583333333333 0.06944444444444445
7 0.40911458333333334 0.5314814814814814 0.0421875 0.06296296296296296
2 0.81328125 0.537962962962963 0.03802083333333333 0.06111111111111111
0 0.17604166666666668 0.5416666666666666 0.05 0.09259259259259259
2 0.8080729166666667 0.05648148148148148 0.04114583333333333 0.07222222222222222
4 0.7122395833333334 0.575 0.03697916666666667 0.07037037037037037
2 0.7455729166666667 0.5861111111111111 0.03802083333333333 0.07037037037037037
7 0.80703125 0.5981481481481481 0.0484375 0.07222222222222222
4 0.35859375 0.5995370370370371 0.04114583333333333 0.06944444444444445
2 0.4441822916666666 0.6080277777777777 0.0359375 0.07407407407407407
8 0.39609375 0.611574074074074 0.04010416666666667 0.075
4 0.47942708333333334 0.6134259259259259 0.0421875 0.06944444444444445
0 0.52734375 0.6194444444444445 0.0578125 0.11481481481481481
7 0.17213541666666668 0.6310185185185185 0.04739583333333333 0.0824074074074074
2 0.21354166666666666 0.6425925925925926 0.042708333333333334 0.07222222222222222
5 0.6354166666666666 0.6503055555555556 0.06145833333333333 0.11481481481481481
1 0.31614583333333335 0.6620370370370371 0.04791666666666667 0.09259259259259259
1 0.7015625 0.6625 0.03854166666666667 0.06944444444444445
6 0.7635416666666667 0.6643518518518519 0.06458333333333334 0.10277777777777777
7 0.8127604166666667 0.6689814814814815 0.03697916666666667 0.06574074074074074
0 0.3541666666666667 0.6692870370370371 0.0375 0.06944444444444445
2 0.40208333333333335 0.6976851851851852 0.0375 0.06759259259259259
7 0.1671875 0.7046296296296296 0.03958333333333333 0.06296296296296296
2 0.6872395833333333 0.725 0.0484375 0.08333333333333333
0 0.37326562500000005 0.7472222222222222 0.05 0.09074074074074075
4 0.5636302083333333 0.7479907407407408 0.0265625 0.05092592592592592
4 0.8 0.7601851851851852 0.04479166666666667 0.07037037037037037
4 0.6502604166666667 0.7648148148148148 0.0421875 0.07037037037037037
2 0.32057291666666665 0.7662037037037037 0.03697916666666667 0.06944444444444445
6 0.4236979166666667 0.7828703703703703 0.0515625 0.0787037037037037
8 0.5546875 0.787962962962963 0.03958333333333333 0.06111111111111111
7 0.5977447916666667 0.8026203703703704 0.04375 0.09351851851851851
4 0.3489583333333333 0.8074074074074075 0.0375 0.07222222222222222
4 0.3848958333333333 0.8273148148148148 0.03854166666666667 0.07685185185185185
6 0.7033020833333334 0.8319444444444445 0.06145833333333333 0.11388888888888889
0 0.3109375 0.8347222222222223 0.053125 0.09537037037037037
7 0.17005208333333333 0.8402777777777778 0.05677083333333333 0.09722222222222222
8 0.5674479166666667 0.8462962962962963 0.03802083333333333 0.06296296296296296
0 0.6486093749999999 0.8606481481481482 0.06145833333333333 0.11388888888888889
2 0.8096354166666667 0.8699074074074075 0.05364583333333333 0.08796296296296297
0 0.7651041666666667 0.8736111111111111 0.040625 0.075
4 0.5965260416666667 0.8800925925925925 0.040625 0.06944444444444445
4 0.47369791666666666 0.8962962962962963 0.0359375 0.07407407407407407
7 0.4359375 0.9037037037037037 0.0375 0.07222222222222222
1 0.5552083333333333 0.9106481481481481 0.03958333333333333 0.06759259259259259