0 0.35130208333333335 0.19027777777777777 0.050520833333333334 0.08425925925925926
7 0.53828125 0.2061759259259259 0.0421875 0.08148148148148149
2 0.590625 0.262037037037037 0.040625 0.07962962962962963
1 0.63984375 0.30092592592592593 0.04114583333333333 0.06481481481481481
0 0.6973958333333333 0.3055555555555556 0.051041666666666666 0.08888888888888889
4 0.30572916666666666 0.34629629629629627 0.0375 0.07222222222222222
2 0.33880208333333334 0.3680555555555556 0.03177083333333333 0.05648148148148148
7 0.5013020833333334 0.39351851851851855 0.03697916666666667 0.06481481481481481
6 0.68671875 0.42592592592592593 0.06302083333333333 0.10740740740740741
4 0.74921875 0.5504629629629629 0.04739583333333333 0.0824074074074074
6 0.7119791666666667 0.5828703703703704 0.040625 0.05092592592592592
4 0.475 0.6027777777777777 0.035416666666666666 0.07037037037037037
1 0.71171875 0.6314814814814815 0.04114583333333333 0.05555555555555555
4 0.5190104166666667 0.6884259259259259 0.04114583333333333 0.075
6 0.4635416666666667 0.0875 0.0375 0.06944444444444445