2 0.22942708333333334 0.9361111111111111 0.05364583333333333 0.09444444444444444
5 0.278125 0.9606481481481481 0.07916666666666666 0.07685185185185185
8 0.75078125 0.10462962962962963 0.03802083333333333 0.07592592592592592
2 0.34609375 0.16018518518518518 0.05364583333333333 0.07592592592592592
2 0.72734375 0.18055555555555555 0.03697916666666667 0.07962962962962963
1 0.6841145833333333 0.19074074074074074 0.04010416666666667 0.07037037037037037
4 0.3736979166666667 0.1962962962962963 0.027604166666666666 0.044444444444444446
4 0.5721354166666667 0.2064814814814815 0.0390625 0.06851851851851852
4 0.8002604166666667 0.2111111111111111 0.043229166666666666 0.06666666666666667
4 0.34401041666666665 0.23333333333333334 0.049479166666666664 0.06666666666666667
4 0.7463541666666667 0.23703703703703705 0.041666666666666664 0.07037037037037037
6 0.42890625 0.24074074074074073 0.0609375 0.11481481481481481
4 0.5315104166666667 0.02962962962962963 0.043229166666666666 0.05925925925925926
5 0.73515625 0.3388888888888889 0.03802083333333333 0.07407407407407407
0 0.82109375 0.3398148148148148 0.0390625 0.06851851851851852
8 0.5153645833333333 0.3675925925925926 0.043229166666666666 0.06481481481481481
6 0.5763020833333333 0.03981481481481482 0.05572916666666667 0.07962962962962963
7 0.4903645833333333 0.412962962962963 0.04010416666666667 0.07037037037037037
0 0.77578125 0.4740740740740741 0.0671875 0.1111111111111111
0 0.30182291666666666 0.4898148148148148 0.05677083333333333 0.09814814814814815
4 0.6419270833333334 0.5064814814814815 0.0515625 0.09074074074074075
4 0.5325520833333334 0.5175925925925926 0.05364583333333333 0.09814814814814815
6 0.60390625 0.5518518518518518 0.04010416666666667 0.06666666666666667
0 0.45546875 0.5657407407407408 0.0578125 0.10555555555555556
0 0.6747395833333333 0.05740740740740741 0.05260416666666667 0.08888888888888889
2 0.23046875 0.575925925925926 0.0328125 0.07407407407407407
8 0.8174479166666667 0.5861111111111111 0.06302083333333333 0.09444444444444444
1 0.26536458333333335 0.5972222222222222 0.0453125 0.06481481481481481
5 0.4205729166666667 0.6175925925925926 0.03802083333333333 0.06111111111111111
1 0.7247395833333333 0.06388888888888888 0.0359375 0.06851851851851852
7 0.46171875 0.65 0.03697916666666667 0.05925925925925926
7 0.59140625 0.6611111111111111 0.04635416666666667 0.0962962962962963
1 0.4205729166666667 0.6759259259259259 0.04010416666666667 0.06296296296296296
2 0.48411458333333335 0.6944444444444444 0.0359375 0.05925925925925926
4 0.34036458333333336 0.7018518518518518 0.04010416666666667 0.07777777777777778
5 0.64609375 0.7064814814814815 0.05260416666666667 0.10185185185185185
1 0.5169270833333334 0.7064814814814815 0.034895833333333334 0.06481481481481481
7 0.44869791666666664 0.7240740740740741 0.044270833333333336 0.08148148148148149
8 0.48671875 0.7574074074074074 0.04114583333333333 0.07037037037037037
7 0.6221354166666667 0.8055555555555556 0.05364583333333333 0.0962962962962963
2 0.7752604166666667 0.8361111111111111 0.0421875 0.06851851851851852
6 0.8377604166666667 0.837037037037037 0.030729166666666665 0.07777777777777778
2 0.73671875 0.8555555555555555 0.049479166666666664 0.08888888888888889
2 0.2596354166666667 0.8555555555555555 0.034895833333333334 0.05555555555555555
4 0.40286458333333336 0.08611111111111111 0.0421875 0.07222222222222222
0 0.2877604166666667 0.8814814814814815 0.043229166666666666 0.07407407407407407
0 0.37786458333333334 0.912962962962963 0.050520833333333334 0.1