0 0.16796875 0.9351851851851852 0.03802083333333333 0.07777777777777778
0 0.7450520833333333 0.962037037037037 0.0421875 0.06481481481481481
4 0.2721354166666667 0.12129629629629629 0.0359375 0.07962962962962963
7 0.30755208333333334 0.17407407407407408 0.03802083333333333 0.07407407407407407
4 0.22552083333333334 0.22314814814814815 0.03854166666666667 0.08333333333333333
0 0.34401041666666665 0.2796296296296296 0.06302083333333333 0.11481481481481481
1 0.45286458333333335 0.29074074074074074 0.03697916666666667 0.07407407407407407
4 0.48515625 0.2953703703703704 0.04114583333333333 0.07592592592592592
2 0.24036458333333333 0.3055555555555556 0.05364583333333333 0.08888888888888889
7 0.6606770833333333 0.35555555555555557 0.04010416666666667 0.06296296296296296
2 0.27369791666666665 0.36944444444444446 0.043229166666666666 0.07592592592592592
8 0.32421875 0.3731481481481482 0.050520833333333334 0.08333333333333333
0 0.46171875 0.3768518518518518 0.0359375 0.06851851851851852
4 0.37109375 0.4009259259259259 0.050520833333333334 0.08703703703703704
7 0.42942708333333335 0.4111111111111111 0.05260416666666667 0.08518518518518518
2 0.6825520833333333 0.412962962962963 0.0484375 0.08518518518518518
8 0.19140625 0.42685185185185187 0.04114583333333333 0.06851851851851852
7 0.47578125 0.44722222222222224 0.034895833333333334 0.06851851851851852
1 0.31328125 0.44814814814814813 0.034895833333333334 0.05925925925925926
7 0.64921875 0.45 0.04010416666666667 0.06296296296296296
2 0.7924479166666667 0.45925925925925926 0.04114583333333333 0.07037037037037037
0 0.2799479166666667 0.462037037037037 0.043229166666666666 0.06481481481481481
2 0.37838541666666664 0.4722222222222222 0.03802083333333333 0.06666666666666667
0 0.75078125 0.4777777777777778 0.05364583333333333 0.0962962962962963
4 0.6893229166666667 0.5064814814814815 0.0390625 0.07222222222222222
4 0.53984375 0.5148148148148148 0.03802083333333333 0.06666666666666667
5 0.35703125 0.5185185185185185 0.04114583333333333 0.07777777777777778
0 0.74453125 0.5583333333333333 0.0390625 0.06111111111111111
0 0.47734375 0.562962962962963 0.044270833333333336 0.08518518518518518
5 0.17630208333333333 0.5685185185185185 0.06510416666666667 0.1111111111111111
6 0.4361979166666667 0.5907407407407408 0.028645833333333332 0.05925925925925926
1 0.52265625 0.5935185185185186 0.03697916666666667 0.07222222222222222
2 0.27369791666666665 0.6 0.04114583333333333 0.07407407407407407
0 0.8033854166666666 0.6046296296296296 0.05260416666666667 0.09074074074074075
7 0.5528645833333333 0.6138888888888889 0.0453125 0.09814814814814815
6 0.73828125 0.6370370370370371 0.0515625 0.08888888888888889
8 0.19505208333333332 0.6574074074074074 0.04010416666666667 0.06296296296296296
0 0.42578125 0.6685185185185185 0.0390625 0.07777777777777778
4 0.49557291666666664 0.6787037037037037 0.0390625 0.07222222222222222
2 0.56796875 0.6796296296296296 0.050520833333333334 0.08888888888888889
5 0.80859375 0.6833333333333333 0.0421875 0.06666666666666667
6 0.6575520833333334 0.687962962962963 0.0609375 0.12037037037037036
0 0.46119791666666665 0.712037037037037 0.0453125 0.09074074074074075
0 0.16640625 0.725925925925926 0.04114583333333333 0.07777777777777778
4 0.5346354166666667 0.7342592592592593 0.0484375 0.09444444444444444
4 0.38046875 0.7361111111111112 0.05260416666666667 0.10185185185185185
2 0.5955729166666667 0.7388888888888889 0.04114583333333333 0.07407407407407407
4 0.42473958333333334 0.7453703703703703 0.03697916666666667 0.07222222222222222
0 0.81015625 0.7481481481481481 0.0453125 0.06666666666666667
1 0.48203125 0.8027777777777778 0.049479166666666664 0.09444444444444444
0 0.5736979166666667 0.8074074074074075 0.0578125 0.1111111111111111
2 0.8091145833333333 0.8092592592592592 0.049479166666666664 0.07037037037037037
8 0.71953125 0.8861111111111111 0.04114583333333333 0.07962962962962963
7 0.6403645833333333 0.8870370370370371 0.043229166666666666 0.06666666666666667
2 0.6778645833333333 0.9120370370370371 0.0515625 0.10925925925925926
8 0.5377604166666666 0.9148148148148149 0.0421875 0.07037037037037037