2 0.5427083333333333 0.2777777777777778 0.03854166666666667 0.07222222222222222
6 0.5088541666666667 0.3236111111111111 0.025 0.04537037037037037
0 0.47291666666666665 0.34120370370370373 0.03854166666666667 0.06944444444444445
7 0.5028645833333333 0.37916666666666665 0.04114583333333333 0.06944444444444445
5 0.5921875 0.38472222222222224 0.05416666666666667 0.08981481481481482
0 0.6252604166666667 0.4527777777777778 0.0453125 0.07222222222222222
0 0.2833333333333333 0.4532407407407407 0.040625 0.06388888888888888
6 0.46432291666666664 0.5092592592592593 0.0515625 0.09074074074074075
2 0.3234375 0.5092592592592593 0.0375 0.06851851851851852
0 0.26197916666666665 0.5175925925925926 0.05 0.08518518518518518
0 0.29322916666666665 0.5782407407407407 0.03958333333333333 0.07314814814814814
0 0.5255208333333333 0.624537037037037 0.052083333333333336 0.09907407407407408
7 0.7729166666666667 0.6504629629629629 0.05520833333333333 0.09907407407407408
8 0.28854166666666664 0.6675925925925926 0.053125 0.0962962962962963
7 0.4578125 0.6847222222222222 0.052083333333333336 0.09351851851851851
5 0.640625 0.7064814814814815 0.059375 0.10740740740740741
4 0.73671875 0.799537037037037 0.04635416666666667 0.075
2 0.28541666666666665 0.8050925925925926 0.04479166666666667 0.0787037037037037
6 0.66171875 0.8180555555555555 0.06510416666666667 0.11944444444444445
1 0.5280416666666667 0.8586481481481482 0.033854166666666664 0.06481481481481481
4 0.5645833333333333 0.912962962962963 0.03958333333333333 0.07407407407407407