7 0.59453125 0.23472222222222222 0.0484375 0.09351851851851851
2 0.6369791666666667 0.24351851851851852 0.03958333333333333 0.07407407407407407
0 0.2942708333333333 0.29814814814814816 0.04375 0.06666666666666667
2 0.6723958333333333 0.3199074074074074 0.04479166666666667 0.06574074074074074
4 0.7393229166666667 0.34814814814814815 0.05677083333333333 0.09259259259259259
2 0.4427083333333333 0.3527777777777778 0.035416666666666666 0.06851851851851852
6 0.36484375 0.37037037037037035 0.033854166666666664 0.06296296296296296
0 0.39895833333333336 0.37175925925925923 0.042708333333333334 0.0712962962962963
8 0.634375 0.38055555555555554 0.04895833333333333 0.08888888888888889
4 0.3033854166666667 0.39537037037037037 0.0453125 0.07407407407407407
2 0.3854166666666667 0.4361111111111111 0.040625 0.06296296296296296
7 0.49140625 0.4375 0.0390625 0.07685185185185185
1 0.646875 0.4759259259259259 0.040625 0.06851851851851852
2 0.346875 0.48333333333333334 0.030208333333333334 0.053703703703703705
6 0.28958333333333336 0.5925925925925926 0.06666666666666667 0.11296296296296296
1 0.6877604166666667 0.6083333333333333 0.0390625 0.06851851851851852
4 0.6606770833333333 0.6444444444444445 0.027604166666666666 0.04814814814814815
2 0.6828125 0.7037037037037037 0.040625 0.07407407407407407
4 0.2708333333333333 0.7143518518518519 0.04583333333333333 0.075