7 0.5825520833333333 0.15787037037037038 0.0453125 0.07314814814814814
4 0.6296875 0.21712962962962962 0.041666666666666664 0.07685185185185185
2 0.6671875 0.31666666666666665 0.03958333333333333 0.08333333333333333
2 0.634375 0.34074074074074073 0.034375 0.07222222222222222
8 0.35442708333333334 0.4601851851851852 0.05572916666666667 0.0962962962962963
8 0.19791666666666666 0.46574074074074073 0.04479166666666667 0.07777777777777778
6 0.2872395833333333 0.47962962962962963 0.06302083333333333 0.10925925925925926
4 0.4544270833333333 0.5381111111111111 0.0390625 0.08425925925925926
0 0.3255208333333333 0.5722222222222222 0.06458333333333334 0.11296296296296296
0 0.24583333333333332 0.6416666666666667 0.051041666666666666 0.08148148148148149
2 0.44505208333333335 0.6925925925925925 0.034895833333333334 0.07962962962962963
4 0.525 0.7462962962962963 0.03854166666666667 0.07962962962962963
4 0.5677083333333334 0.7564814814814815 0.040625 0.07777777777777778
2 0.46927083333333336 0.8157407407407408 0.04375 0.08888888888888889
6 0.559375 0.08564814814814815 0.051041666666666666 0.09166666666666666
0 0.39895833333333336 0.861574074074074 0.042708333333333334 0.07685185185185185