2 0.5869791666666667 0.4652777777777778 0.0375 0.07314814814814814
7 0.62109375 0.4962962962962963 0.04010416666666667 0.07222222222222222
4 0.49895833333333334 0.5069444444444444 0.040625 0.075
4 0.46067708333333335 0.5212962962962963 0.05260416666666667 0.09259259259259259
2 0.5684895833333333 0.575 0.05260416666666667 0.09074074074074075
2 0.33177083333333335 0.5925925925925926 0.06041666666666667 0.1111111111111111
1 0.3932291666666667 0.6050925925925926 0.03958333333333333 0.075
8 0.67265625 0.6342592592592593 0.04739583333333333 0.09259259259259259
7 0.7143229166666667 0.06388888888888888 0.04114583333333333 0.07222222222222222
1 0.5265625 0.6402777777777777 0.03333333333333333 0.06759259259259259
0 0.6328125 0.6421296296296296 0.0375 0.075
2 0.4908854166666667 0.6458333333333334 0.03802083333333333 0.06944444444444445
2 0.41171875 0.6467592592592593 0.0328125 0.05648148148148148
2 0.4609375 0.6606481481481481 0.034375 0.06574074074074074
4 0.36822916666666666 0.7064814814814815 0.029166666666666667 0.06111111111111111
1 0.6546875 0.7518518518518519 0.03958333333333333 0.07407407407407407
0 0.4356770833333333 0.7606481481481482 0.0515625 0.08611111111111111
4 0.52890625 0.7703703703703704 0.0328125 0.05555555555555555
7 0.48359375 0.7828703703703703 0.043229166666666666 0.08425925925925926