7 0.45338541666666665 0.20555555555555555 0.0390625 0.07407407407407407
0 0.60234375 0.32037037037037036 0.03697916666666667 0.07407407407407407
0 0.49140625 0.32037037037037036 0.04635416666666667 0.08888888888888889
7 0.42526041666666664 0.3731481481481482 0.05364583333333333 0.09444444444444444
0 0.57421875 0.40555555555555556 0.0515625 0.08518518518518518
0 0.40598958333333335 0.4287037037037037 0.0359375 0.07222222222222222
4 0.5018229166666667 0.45185185185185184 0.03802083333333333 0.06296296296296296
5 0.67421875 0.4861111111111111 0.04739583333333333 0.09814814814814815
2 0.19557291666666668 0.487962962962963 0.03802083333333333 0.06851851851851852
8 0.30078125 0.5027777777777778 0.0359375 0.06851851851851852
6 0.26171875 0.5731481481481482 0.05677083333333333 0.09444444444444444
1 0.19453125 0.6592592592592592 0.0421875 0.06666666666666667
1 0.30182291666666666 0.08981481481481482 0.0421875 0.07592592592592592