4 0.44921875 0.2199074074074074 0.03697916666666667 0.075
8 0.646875 0.2865740740740741 0.036458333333333336 0.075
8 0.6041666666666666 0.2902777777777778 0.051041666666666666 0.08981481481481482
0 0.36744791666666665 0.30925925925925923 0.0671875 0.11296296296296296
7 0.565625 0.33564814814814814 0.03854166666666667 0.07314814814814814
1 0.24322916666666666 0.4912037037037037 0.04375 0.06944444444444445
0 0.6078125 0.562037037037037 0.0375 0.07407407407407407
7 0.7359375 0.5986111111111111 0.04583333333333333 0.08425925925925926
6 0.7833333333333333 0.6546296296296297 0.03854166666666667 0.05925925925925926
2 0.3502604166666667 0.6819444444444445 0.0453125 0.08055555555555556
4 0.28463541666666664 0.7324074074074074 0.0578125 0.1
6 0.6557291666666667 0.7337962962962963 0.06458333333333334 0.1175925925925926
2 0.58984375 0.8189814814814815 0.043229166666666666 0.08055555555555556
1 0.48515625 0.8277777777777777 0.04010416666666667 0.07592592592592592