4 0.8309895833333333 0.9398148148148148 0.050520833333333334 0.08703703703703704
2 0.19166666666666668 0.9643518518518519 0.042708333333333334 0.06944444444444445
7 0.7703125 0.9652777777777778 0.04583333333333333 0.06759259259259259
0 0.22994791666666667 0.10185185185185185 0.03802083333333333 0.05555555555555555
0 0.8268229166666666 0.11388888888888889 0.0421875 0.06851851851851852
2 0.33671875 0.11944444444444445 0.043229166666666666 0.06481481481481481
4 0.3268229166666667 0.1824074074074074 0.0421875 0.06481481481481481
7 0.24765625 0.2175925925925926 0.044270833333333336 0.08703703703703704
4 0.19817708333333334 0.2490740740740741 0.034895833333333334 0.053703703703703705
2 0.33567708333333335 0.25555555555555554 0.0515625 0.08148148148148149
2 0.59921875 0.2657407407407407 0.04114583333333333 0.07962962962962963
2 0.19036458333333334 0.2972222222222222 0.0359375 0.053703703703703705
0 0.39401041666666664 0.03333333333333333 0.0453125 0.06666666666666667
4 0.20026041666666666 0.36666666666666664 0.05572916666666667 0.08518518518518518
2 0.37994791666666666 0.39351851851851855 0.0359375 0.05740740740740741
2 0.67578125 0.4222222222222222 0.0484375 0.09259259259259259
8 0.22890625 0.42407407407407405 0.03802083333333333 0.07777777777777778
1 0.34921875 0.04722222222222222 0.04114583333333333 0.07222222222222222
2 0.19661458333333334 0.5138888888888888 0.04635416666666667 0.07222222222222222
4 0.33671875 0.537962962962963 0.0453125 0.07592592592592592
4 0.62734375 0.5574074074074075 0.04114583333333333 0.07407407407407407
2 0.19401041666666666 0.5740740740740741 0.03697916666666667 0.05555555555555555
1 0.5841145833333333 0.5888888888888889 0.05260416666666667 0.1037037037037037
5 0.3736979166666667 0.5935185185185186 0.06302083333333333 0.10185185185185185
4 0.23932291666666666 0.6046296296296296 0.0421875 0.07222222222222222
1 0.65703125 0.6055555555555555 0.04114583333333333 0.08148148148148149
8 0.29973958333333334 0.6231481481481481 0.0359375 0.06851851851851852
6 0.6236979166666666 0.6351851851851852 0.0546875 0.09259259259259259
0 0.8377604166666667 0.6444444444444445 0.04114583333333333 0.06666666666666667
0 0.3372395833333333 0.6546296296296297 0.04010416666666667 0.07222222222222222
6 0.40338541666666666 0.6824074074074075 0.0703125 0.11296296296296296
6 0.20260416666666667 0.687037037037037 0.0625 0.12222222222222222
2 0.8361979166666667 0.7074074074074074 0.04010416666666667 0.07037037037037037
0 0.30442708333333335 0.7759259259259259 0.0453125 0.08148148148148149
7 0.19453125 0.7796296296296297 0.03802083333333333 0.07037037037037037
8 0.49453125 0.8453703703703703 0.0546875 0.09814814814814815
6 0.21484375 0.9064814814814814 0.03697916666666667 0.06111111111111111