0 0.4466145833333333 0.20462962962962963 0.04635416666666667 0.07962962962962963
2 0.7278645833333334 0.21203703703703702 0.04635416666666667 0.07222222222222222
2 0.59921875 0.2490740740740741 0.034895833333333334 0.06851851851851852
2 0.26328125 0.2851851851851852 0.04010416666666667 0.07037037037037037
6 0.52265625 0.29259259259259257 0.058854166666666666 0.1
0 0.40182291666666664 0.3277777777777778 0.0421875 0.07407407407407407
2 0.70859375 0.3768518518518518 0.0328125 0.053703703703703705
0 0.7408854166666666 0.42592592592592593 0.04114583333333333 0.07777777777777778
1 0.5263020833333333 0.42685185185185187 0.0390625 0.07592592592592592
4 0.5106770833333333 0.562037037037037 0.0515625 0.10185185185185185
0 0.19557291666666668 0.6583333333333333 0.0484375 0.07222222222222222
5 0.35494791666666664 0.6759259259259259 0.04010416666666667 0.08888888888888889
4 0.4742239583333333 0.7388888888888889 0.043229166666666666 0.08518518518518518
8 0.25338541666666664 0.07685185185185185 0.043229166666666666 0.06851851851851852
1 0.5247395833333334 0.08055555555555556 0.044270833333333336 0.06851851851851852
7 0.36380208333333336 0.08796296296296297 0.04114583333333333 0.08333333333333333