5 0.47578125 0.25555555555555554 0.06614583333333333 0.08888888888888889
8 0.53359375 0.2851851851851852 0.0421875 0.08148148148148149
0 0.40338541666666666 0.4462962962962963 0.0484375 0.0962962962962963
8 0.5565104166666667 0.524074074074074 0.0484375 0.07777777777777778
0 0.7059895833333333 0.5425925925925926 0.05572916666666667 0.1037037037037037
6 0.59921875 0.549074074074074 0.0484375 0.09444444444444444
8 0.4627604166666667 0.5555555555555556 0.0578125 0.09259259259259259
2 0.8028645833333333 0.5768518518518518 0.0390625 0.07962962962962963
0 0.5205729166666667 0.6018518518518519 0.0390625 0.06666666666666667
4 0.6283854166666667 0.675 0.044270833333333336 0.07222222222222222
6 0.7942708333333334 0.7074074074074074 0.040625 0.07407407407407407
0 0.78515625 0.8175925925925925 0.06510416666666667 0.10925925925925926
7 0.29453125 0.8203703703703704 0.059895833333333336 0.1111111111111111