2 0.23098958333333333 0.9425925925925925 0.058854166666666666 0.08888888888888889
8 0.7096354166666666 0.14722222222222223 0.04114583333333333 0.07222222222222222
1 0.64140625 0.15 0.03802083333333333 0.07777777777777778
2 0.3455729166666667 0.15925925925925927 0.05677083333333333 0.09259259259259259
4 0.5783854166666667 0.1824074074074074 0.043229166666666666 0.08703703703703704
4 0.6203125 0.2101851851851852 0.03958333333333333 0.06851851851851852
4 0.80234375 0.21388888888888888 0.0390625 0.06851851851851852
2 0.6997395833333333 0.23148148148148148 0.0421875 0.07777777777777778
4 0.7486979166666666 0.25277777777777777 0.04010416666666667 0.06851851851851852
2 0.6565104166666667 0.27037037037037037 0.0515625 0.08518518518518518
4 0.4041666666666667 0.27314814814814814 0.022916666666666665 0.04259259259259259
7 0.6231770833333333 0.275 0.024479166666666666 0.046296296296296294
4 0.50703125 0.2916666666666667 0.03802083333333333 0.06851851851851852
0 0.5731770833333333 0.2962962962962963 0.049479166666666664 0.08518518518518518
4 0.70390625 0.3101851851851852 0.04010416666666667 0.06851851851851852
4 0.7518229166666667 0.3194444444444444 0.0421875 0.06851851851851852
4 0.5783854166666667 0.032407407407407406 0.04739583333333333 0.06481481481481481
4 0.4153645833333333 0.32592592592592595 0.04635416666666667 0.07407407407407407
0 0.8236979166666667 0.33796296296296297 0.0421875 0.06481481481481481
4 0.65234375 0.3527777777777778 0.0390625 0.06481481481481481
2 0.6971354166666667 0.38425925925925924 0.05572916666666667 0.08703703703703704
5 0.7549479166666667 0.3861111111111111 0.03802083333333333 0.07222222222222222
2 0.6065104166666667 0.38796296296296295 0.06197916666666667 0.10925925925925926
0 0.5143229166666666 0.3907407407407407 0.04635416666666667 0.08518518518518518
6 0.5580729166666667 0.4064814814814815 0.0484375 0.08333333333333333
0 0.45807291666666666 0.43425925925925923 0.0359375 0.06481481481481481
0 0.6684895833333333 0.44814814814814813 0.050520833333333334 0.09259259259259259
1 0.7252604166666666 0.4546296296296296 0.04114583333333333 0.08333333333333333
4 0.48932291666666666 0.4546296296296296 0.04010416666666667 0.07222222222222222
0 0.7736979166666667 0.4703703703703704 0.06302083333333333 0.1
0 0.30182291666666666 0.49907407407407406 0.0546875 0.09444444444444444
4 0.49505208333333334 0.5138888888888888 0.0453125 0.06851851851851852
2 0.22890625 0.5796296296296296 0.033854166666666664 0.06296296296296296
8 0.82109375 0.5861111111111111 0.05364583333333333 0.09814814814814815
1 0.26588541666666665 0.5981481481481481 0.03697916666666667 0.06666666666666667
6 0.8356770833333333 0.8333333333333334 0.034895833333333334 0.06666666666666667
2 0.77890625 0.8398148148148148 0.0390625 0.08333333333333333
2 0.25755208333333335 0.8592592592592593 0.0390625 0.05555555555555555
2 0.7372395833333333 0.8611111111111112 0.05260416666666667 0.1
0 0.28932291666666665 0.9009259259259259 0.04635416666666667 0.07222222222222222