2 0.3802083333333333 0.10416666666666667 0.04895833333333333 0.08796296296296297
7 0.2671875 0.1574074074074074 0.05416666666666667 0.09259259259259259
2 0.8072916666666666 0.32407407407407407 0.05416666666666667 0.09259259259259259
0 0.20807291666666666 0.35462962962962963 0.0453125 0.08333333333333333
7 0.30026041666666664 0.35648148148148145 0.05572916666666667 0.09259259259259259
7 0.5302083333333333 0.3902777777777778 0.059375 0.09907407407407408
6 0.6041666666666666 0.4203703703703704 0.06197916666666667 0.1175925925925926
2 0.20338541666666668 0.45185185185185184 0.0515625 0.06481481481481481
5 0.69921875 0.45601851851851855 0.0671875 0.125
0 0.5658854166666667 0.47962962962962963 0.03697916666666667 0.07407407407407407
8 0.64140625 0.5592592592592592 0.0578125 0.09444444444444444
1 0.41171875 0.5625 0.04114583333333333 0.08796296296296297
1 0.2513020833333333 0.5657407407407408 0.030729166666666665 0.07592592592592592
8 0.20833333333333334 0.5726851851851852 0.04375 0.11296296296296296
4 0.5770833333333333 0.5925925925925926 0.04375 0.08333333333333333
7 0.25416666666666665 0.7027777777777777 0.05416666666666667 0.08518518518518518
2 0.19791666666666666 0.7546296296296297 0.03333333333333333 0.07407407407407407