2 0.78671875 0.9425925925925925 0.044270833333333336 0.07407407407407407
4 0.15729166666666666 0.9587962962962963 0.04895833333333333 0.08055555555555556
4 0.5645833333333333 0.9662037037037037 0.06770833333333333 0.06574074074074074
8 0.46119791666666665 0.13240740740740742 0.0453125 0.07222222222222222
7 0.50390625 0.1787037037037037 0.0515625 0.09444444444444444
7 0.21067708333333332 0.18981481481481483 0.03802083333333333 0.09074074074074075
2 0.27421875 0.19537037037037036 0.03802083333333333 0.08333333333333333
5 0.73359375 0.20277777777777778 0.058854166666666666 0.09444444444444444
1 0.37109375 0.21203703703703702 0.04635416666666667 0.09074074074074075
8 0.46536458333333336 0.25462962962962965 0.04739583333333333 0.09444444444444444
4 0.16432291666666668 0.25925925925925924 0.03697916666666667 0.05925925925925926
2 0.5591145833333333 0.2657407407407407 0.04114583333333333 0.08703703703703704
0 0.20494791666666667 0.30648148148148147 0.049479166666666664 0.10185185185185185
4 0.6221354166666667 0.33240740740740743 0.0484375 0.07592592592592592
4 0.17057291666666666 0.33425925925925926 0.04739583333333333 0.07962962962962963
2 0.8033854166666666 0.3638888888888889 0.050520833333333334 0.09444444444444444
4 0.2565104166666667 0.3685185185185185 0.050520833333333334 0.07777777777777778
4 0.6075520833333333 0.39166666666666666 0.049479166666666664 0.06851851851851852
7 0.79921875 0.4537037037037037 0.0421875 0.05925925925925926
4 0.48359375 0.4537037037037037 0.044270833333333336 0.08518518518518518
6 0.37526041666666665 0.5027777777777778 0.07552083333333333 0.12407407407407407
7 0.6309895833333333 0.5120370370370371 0.0578125 0.10185185185185185
0 0.18932291666666667 0.5472222222222223 0.043229166666666666 0.08703703703703704
8 0.53515625 0.5472222222222223 0.0515625 0.09074074074074075
0 0.6861979166666666 0.5527777777777778 0.06614583333333333 0.10925925925925926
4 0.22421875 0.5546296296296296 0.0421875 0.08333333333333333
7 0.49296875 0.5657407407407408 0.044270833333333336 0.07962962962962963
2 0.6294270833333333 0.5907407407407408 0.03177083333333333 0.06666666666666667
8 0.16067708333333333 0.5925925925925926 0.0421875 0.07407407407407407
4 0.56484375 0.5953703703703703 0.03802083333333333 0.07962962962962963
7 0.5986979166666667 0.6055555555555555 0.0390625 0.07777777777777778
0 0.8028645833333333 0.6138888888888889 0.0578125 0.10185185185185185
4 0.28463541666666664 0.625 0.04635416666666667 0.08703703703703704
0 0.44557291666666665 0.6342592592592593 0.05364583333333333 0.10185185185185185
8 0.68359375 0.637962962962963 0.0484375 0.06481481481481481
0 0.5138020833333333 0.6444444444444445 0.049479166666666664 0.09259259259259259
8 0.6361979166666667 0.6462962962962963 0.04114583333333333 0.07777777777777778
2 0.16223958333333333 0.6518518518518519 0.034895833333333334 0.06666666666666667
6 0.76796875 0.6638888888888889 0.06302083333333333 0.12037037037037036
4 0.5950520833333334 0.674074074074074 0.0421875 0.08148148148148149
1 0.5591145833333333 0.6842592592592592 0.049479166666666664 0.09814814814814815
7 0.7122395833333334 0.6907407407407408 0.0515625 0.09259259259259259
7 0.21119791666666668 0.7018518518518518 0.0453125 0.09259259259259259
4 0.34088541666666666 0.712037037037037 0.05677083333333333 0.10185185185185185
6 0.6263020833333334 0.725 0.0359375 0.07592592592592592
4 0.80703125 0.7944444444444444 0.0578125 0.09259259259259259
4 0.49140625 0.8018518518518518 0.043229166666666666 0.08148148148148149
2 0.41119791666666666 0.8074074074074075 0.04114583333333333 0.08518518518518518
7 0.4549479166666667 0.8240740740740741 0.04114583333333333 0.08518518518518518
0 0.32265625 0.825 0.05572916666666667 0.08703703703703704
2 0.20807291666666666 0.8537037037037037 0.043229166666666666 0.0962962962962963
4 0.23932291666666666 0.8666666666666667 0.04739583333333333 0.08518518518518518
8 0.16536458333333334 0.8768518518518519 0.059895833333333336 0.09814814814814815
0 0.8106770833333333 0.8814814814814815 0.04635416666666667 0.08518518518518518
2 0.33046875 0.9092592592592592 0.04635416666666667 0.08518518518518518
5 0.69609375 0.9157407407407407 0.04635416666666667 0.08333333333333333