2 0.653125 0.09953703703703703 0.034375 0.06018518518518518
7 0.27682291666666664 0.1259259259259259 0.05260416666666667 0.09074074074074075
4 0.38958333333333334 0.16805555555555557 0.04375 0.07685185185185185
1 0.27265625 0.20185185185185187 0.04635416666666667 0.07037037037037037
0 0.77421875 0.33935185185185185 0.0421875 0.09166666666666666
6 0.3625 0.41805555555555557 0.05625 0.09537037037037037
0 0.20520833333333333 0.4263888888888889 0.04375 0.0787037037037037
0 0.5213541666666667 0.4486111111111111 0.040625 0.06944444444444445
8 0.30755208333333334 0.4837962962962963 0.0515625 0.09166666666666666
2 0.35963541666666665 0.49074074074074076 0.043229166666666666 0.06851851851851852
0 0.2669270833333333 0.5203703703703704 0.0421875 0.07777777777777778
2 0.5315104166666667 0.6236111111111111 0.04010416666666667 0.06759259259259259
2 0.19921875 0.6560185185185186 0.043229166666666666 0.07685185185185185
6 0.37473958333333335 0.7449074074074075 0.0734375 0.11388888888888889
7 0.23072916666666668 0.8814814814814815 0.04583333333333333 0.08148148148148149