2 0.7471354166666667 0.9416666666666667 0.05364583333333333 0.09444444444444444
0 0.6963541666666667 0.9439814814814815 0.0625 0.11018518518518519
2 0.21640625 0.9546296296296296 0.044270833333333336 0.07962962962962963
8 0.5981770833333333 0.10277777777777777 0.0453125 0.08333333333333333
0 0.8231770833333333 0.11851851851851852 0.04635416666666667 0.09259259259259259
7 0.5153645833333333 0.11944444444444445 0.0359375 0.06481481481481481
7 0.31536458333333334 0.12314814814814815 0.044270833333333336 0.06851851851851852
7 0.46484375 0.14074074074074075 0.04739583333333333 0.08888888888888889
2 0.19088541666666667 0.14537037037037037 0.04114583333333333 0.07962962962962963
0 0.5622395833333333 0.14907407407407408 0.04010416666666667 0.06851851851851852
7 0.5096354166666667 0.17685185185185184 0.0328125 0.06111111111111111
4 0.2596354166666667 0.20833333333333334 0.043229166666666666 0.07222222222222222
0 0.4153645833333333 0.2111111111111111 0.04010416666666667 0.07037037037037037
8 0.20651041666666667 0.21296296296296297 0.0515625 0.08148148148148149
6 0.45546875 0.26296296296296295 0.059895833333333336 0.1037037037037037
5 0.23567708333333334 0.2740740740740741 0.05572916666666667 0.08518518518518518
6 0.19140625 0.2824074074074074 0.03802083333333333 0.07592592592592592
2 0.37213541666666666 0.2953703703703704 0.0390625 0.06851851851851852
2 0.40859375 0.3 0.034895833333333334 0.06296296296296296
6 0.3299479166666667 0.30092592592592593 0.0484375 0.08703703703703704
4 0.18463541666666666 0.32592592592592595 0.030729166666666665 0.040740740740740744
6 0.73671875 0.32685185185185184 0.0515625 0.09814814814814815
7 0.24713541666666666 0.3398148148148148 0.043229166666666666 0.06851851851851852
4 0.6122395833333333 0.03518518518518519 0.0640625 0.07037037037037037
6 0.23515625 0.03611111111111111 0.0515625 0.07222222222222222
4 0.3731770833333333 0.037037037037037035 0.03697916666666667 0.07407407407407407
4 0.19348958333333333 0.3768518518518518 0.04739583333333333 0.06851851851851852
0 0.8247395833333333 0.03796296296296296 0.044270833333333336 0.06851851851851852
0 0.6643229166666667 0.3824074074074074 0.04635416666666667 0.08703703703703704
2 0.29348958333333336 0.38333333333333336 0.06510416666666667 0.1037037037037037
8 0.8049479166666667 0.39814814814814814 0.044270833333333336 0.07777777777777778
7 0.68828125 0.42777777777777776 0.044270833333333336 0.08518518518518518
4 0.30182291666666666 0.462037037037037 0.0421875 0.07592592592592592
0 0.50078125 0.05277777777777778 0.044270833333333336 0.09074074074074075
4 0.7268229166666667 0.5342592592592592 0.0546875 0.09444444444444444
8 0.30963541666666666 0.053703703703703705 0.0390625 0.07037037037037037
5 0.42109375 0.053703703703703705 0.0578125 0.10740740740740741
2 0.5283854166666667 0.5537037037037037 0.0390625 0.07407407407407407
1 0.7481770833333333 0.058333333333333334 0.034895833333333334 0.06111111111111111
6 0.4591145833333333 0.6175925925925926 0.05260416666666667 0.09444444444444444
7 0.74296875 0.6324074074074074 0.0453125 0.07962962962962963
1 0.6940104166666666 0.6416666666666667 0.04114583333333333 0.07222222222222222
0 0.7856770833333333 0.06481481481481481 0.043229166666666666 0.09259259259259259
2 0.18880208333333334 0.6620370370370371 0.043229166666666666 0.07962962962962963
0 0.8346354166666666 0.6638888888888889 0.04114583333333333 0.08703703703703704
0 0.6169270833333333 0.6898148148148148 0.04114583333333333 0.06851851851851852
2 0.7216145833333333 0.6898148148148148 0.0421875 0.07222222222222222
8 0.19088541666666667 0.7277777777777777 0.04114583333333333 0.06666666666666667
2 0.7486979166666666 0.7490740740740741 0.04635416666666667 0.09074074074074075
4 0.18307291666666667 0.775 0.027604166666666666 0.05
0 0.5440104166666667 0.0787037037037037 0.0390625 0.07592592592592592
5 0.8388020833333333 0.7888888888888889 0.0453125 0.08148148148148149
2 0.7846354166666667 0.7935185185185185 0.0453125 0.07592592592592592
0 0.19973958333333333 0.07962962962962963 0.04635416666666667 0.08518518518518518
1 0.71484375 0.8027777777777778 0.03697916666666667 0.07962962962962963
2 0.23098958333333333 0.8324074074074074 0.04010416666666667 0.06851851851851852
6 0.8059895833333334 0.8824074074074074 0.0484375 0.09444444444444444
2 0.28463541666666664 0.899074074074074 0.05364583333333333 0.09444444444444444