8 0.51484375 0.11018518518518519 0.0515625 0.1
0 0.5494791666666666 0.15648148148148147 0.042708333333333334 0.07222222222222222
2 0.8138020833333334 0.18425925925925926 0.05572916666666667 0.09074074074074075
4 0.74375 0.2490740740740741 0.03333333333333333 0.053703703703703705
4 0.7658854166666667 0.30092592592592593 0.034895833333333334 0.06481481481481481
4 0.47942708333333334 0.30833333333333335 0.0515625 0.09259259259259259
4 0.7838541666666666 0.35185185185185186 0.04479166666666667 0.07407407407407407
6 0.7169270833333333 0.387037037037037 0.06197916666666667 0.10185185185185185
2 0.5661458333333333 0.3888888888888889 0.03958333333333333 0.07407407407407407
4 0.33046875 0.4083333333333333 0.0578125 0.08888888888888889
4 0.8385416666666666 0.42685185185185187 0.03958333333333333 0.07037037037037037
4 0.7755208333333333 0.46064814814814814 0.03958333333333333 0.06388888888888888
1 0.19713541666666667 0.4648148148148148 0.043229166666666666 0.06481481481481481
2 0.28802083333333334 0.47824074074074074 0.040625 0.06759259259259259
5 0.7002604166666667 0.48564814814814816 0.0578125 0.10092592592592593
8 0.521875 0.5125 0.04479166666666667 0.075
2 0.25026041666666665 0.5296296296296297 0.04114583333333333 0.06296296296296296
7 0.23463541666666668 0.5925925925925926 0.0484375 0.07407407407407407
2 0.2916666666666667 0.7291666666666666 0.04583333333333333 0.06944444444444445
0 0.5736979166666667 0.7560185185185185 0.0515625 0.09537037037037037
7 0.45 0.7671296296296296 0.05520833333333333 0.09537037037037037