2 0.7705729166666667 0.9527777777777777 0.03697916666666667 0.06111111111111111
2 0.77890625 0.12685185185185185 0.0390625 0.07592592592592592
4 0.6106770833333334 0.13240740740740742 0.044270833333333336 0.07592592592592592
6 0.7231770833333333 0.16111111111111112 0.0421875 0.07777777777777778
4 0.68046875 0.24722222222222223 0.04635416666666667 0.08333333333333333
2 0.7815104166666667 0.26851851851851855 0.05260416666666667 0.09259259259259259
0 0.21744791666666666 0.2972222222222222 0.0453125 0.08333333333333333
2 0.33932291666666664 0.387037037037037 0.0578125 0.09259259259259259
2 0.80390625 0.39166666666666666 0.0453125 0.08333333333333333
7 0.7549479166666667 0.3925925925925926 0.043229166666666666 0.07037037037037037
8 0.43984375 0.48703703703703705 0.04010416666666667 0.06666666666666667
4 0.33359375 0.5018518518518519 0.04010416666666667 0.07407407407407407
6 0.37005208333333334 0.5083333333333333 0.04010416666666667 0.07592592592592592
4 0.27786458333333336 0.5166666666666667 0.043229166666666666 0.07407407407407407
7 0.71484375 0.5453703703703704 0.05677083333333333 0.09074074074074075
4 0.77578125 0.5824074074074074 0.04114583333333333 0.07962962962962963
4 0.5653645833333333 0.5861111111111111 0.0515625 0.09074074074074075
0 0.67109375 0.6194444444444445 0.06927083333333334 0.10925925925925926
0 0.4830729166666667 0.6277777777777778 0.05364583333333333 0.08888888888888889
8 0.78203125 0.6694444444444444 0.05572916666666667 0.09444444444444444
4 0.8174479166666667 0.6962962962962963 0.0265625 0.05555555555555555
4 0.7424479166666667 0.7481481481481481 0.06197916666666667 0.09259259259259259
6 0.45026041666666666 0.875 0.0546875 0.09814814814814815
8 0.7825520833333334 0.8898148148148148 0.04635416666666667 0.07222222222222222