4 0.2635416666666667 0.18703703703703703 0.04479166666666667 0.07222222222222222
2 0.29296875 0.2064814814814815 0.04010416666666667 0.06481481481481481
8 0.178125 0.23703703703703705 0.03854166666666667 0.06111111111111111
1 0.5841145833333333 0.025 0.0484375 0.05
4 0.5703125 0.2740740740740741 0.04479166666666667 0.06296296296296296
4 0.18619791666666666 0.2833333333333333 0.0296875 0.04259259259259259
8 0.6203125 0.30648148148148147 0.03958333333333333 0.07037037037037037
0 0.5402760416666667 0.3199074074074074 0.03854166666666667 0.06574074074074074
1 0.5721354166666667 0.3592592592592593 0.0359375 0.06481481481481481
4 0.5606770833333333 0.4152777777777778 0.043229166666666666 0.06759259259259259
0 0.7544270833333333 0.45555555555555555 0.04114583333333333 0.07222222222222222
8 0.21223958333333334 0.4564814814814815 0.04010416666666667 0.07037037037037037
0 0.17578125 0.49074074074074076 0.034895833333333334 0.06851851851851852
8 0.6442708333333333 0.5152777777777777 0.05416666666666667 0.08611111111111111
2 0.79296875 0.5342592592592592 0.03802083333333333 0.053703703703703705
4 0.7291666666666666 0.5768518518518518 0.040625 0.06481481481481481
4 0.18151041666666667 0.07037037037037037 0.04114583333333333 0.06296296296296296
4 0.384375 0.7060185185185185 0.05520833333333333 0.09351851851851851