4 0.16901041666666666 0.9398148148148148 0.050520833333333334 0.08703703703703704
2 0.8083333333333333 0.9643518518518519 0.042708333333333334 0.06944444444444445
7 0.2296875 0.9652777777777778 0.04583333333333333 0.06759259259259259
0 0.7700520833333333 0.10185185185185185 0.03802083333333333 0.05555555555555555
0 0.17317708333333334 0.11388888888888889 0.0421875 0.06851851851851852
2 0.66328125 0.11944444444444445 0.043229166666666666 0.06481481481481481
4 0.6731770833333334 0.1824074074074074 0.0421875 0.06481481481481481
7 0.75234375 0.2175925925925926 0.044270833333333336 0.08703703703703704
4 0.8018229166666667 0.2490740740740741 0.034895833333333334 0.053703703703703705
2 0.6643229166666667 0.25555555555555554 0.0515625 0.08148148148148149
2 0.40078125 0.2657407407407407 0.04114583333333333 0.07962962962962963
2 0.8096354166666667 0.2972222222222222 0.0359375 0.053703703703703705
0 0.6059895833333333 0.03333333333333333 0.0453125 0.06666666666666667
4 0.7997395833333333 0.36666666666666664 0.05572916666666667 0.08518518518518518
2 0.6200520833333333 0.39351851851851855 0.0359375 0.05740740740740741
2 0.32421875 0.4222222222222222 0.0484375 0.09259259259259259
8 0.77109375 0.42407407407407405 0.03802083333333333 0.07777777777777778
1 0.65078125 0.04722222222222222 0.04114583333333333 0.07222222222222222
2 0.8033854166666666 0.5138888888888888 0.04635416666666667 0.07222222222222222
4 0.66328125 0.537962962962963 0.0453125 0.07592592592592592
4 0.37265625 0.5574074074074075 0.04114583333333333 0.07407407407407407
2 0.8059895833333334 0.5740740740740741 0.03697916666666667 0.05555555555555555
1 0.4158854166666667 0.5888888888888889 0.05260416666666667 0.1037037037037037
5 0.6263020833333334 0.5935185185185186 0.06302083333333333 0.10185185185185185
4 0.7606770833333333 0.6046296296296296 0.0421875 0.07222222222222222
1 0.34296875 0.6055555555555555 0.04114583333333333 0.08148148148148149
8 0.7002604166666667 0.6231481481481481 0.0359375 0.06851851851851852
6 0.3763020833333333 0.6351851851851852 0.0546875 0.09259259259259259
0 0.16223958333333333 0.6444444444444445 0.04114583333333333 0.06666666666666667
0 0.6627604166666666 0.6546296296296297 0.04010416666666667 0.07222222222222222
6 0.5966145833333333 0.6824074074074075 0.0703125 0.11296296296296296
6 0.7973958333333333 0.687037037037037 0.0625 0.12222222222222222
2 0.16380208333333332 0.7074074074074074 0.04010416666666667 0.07037037037037037
0 0.6955729166666667 0.7759259259259259 0.0453125 0.08148148148148149
7 0.80546875 0.7796296296296297 0.03802083333333333 0.07037037037037037
8 0.50546875 0.8453703703703703 0.0546875 0.09814814814814815
6 0.78515625 0.9064814814814814 0.03697916666666667 0.06111111111111111