7 0.28845833333333337 0.9530833333333333 0.04635416666666667 0.08148148148148149
2 0.33515625 0.9555555555555556 0.0546875 0.08703703703703704
4 0.4591145833333333 0.9634259259259259 0.04114583333333333 0.06944444444444445
8 0.29739583333333336 0.14722222222222223 0.04375 0.06851851851851852
6 0.3184895833333333 0.19814814814814816 0.0359375 0.053703703703703705
0 0.28177083333333336 0.2361111111111111 0.06458333333333334 0.10740740740740741
2 0.6453125 0.25324074074074077 0.03854166666666667 0.06759259259259259
7 0.4010416666666667 0.029166666666666667 0.04479166666666667 0.058333333333333334
7 0.7044270833333334 0.03148148148148148 0.03697916666666667 0.06296296296296296
2 0.19166666666666668 0.3421296296296296 0.03854166666666667 0.06944444444444445
1 0.7658854166666667 0.3712962962962963 0.04114583333333333 0.07037037037037037
0 0.8363697916666666 0.39305555555555555 0.03697916666666667 0.06944444444444445
6 0.5067708333333333 0.41203703703703703 0.06145833333333333 0.1111111111111111
7 0.7984375 0.4152777777777778 0.042708333333333334 0.07685185185185185
0 0.7528645833333333 0.043055555555555555 0.05572916666666667 0.08611111111111111
1 0.4283854166666667 0.4263888888888889 0.04739583333333333 0.09351851851851851
4 0.23359375 0.4398148148148148 0.05364583333333333 0.08703703703703704
6 0.27369791666666665 0.49953703703703706 0.04114583333333333 0.058333333333333334
2 0.8096354166666667 0.5111111111111111 0.04739583333333333 0.07407407407407407
2 0.19739583333333333 0.5125 0.04375 0.06574074074074074
8 0.4622395833333333 0.549537037037037 0.0421875 0.06574074074074074
2 0.28541666666666665 0.5569444444444445 0.035416666666666666 0.058333333333333334
4 0.47109375 0.6143518518518518 0.0421875 0.075
0 0.5130208333333334 0.6259259259259259 0.03958333333333333 0.06296296296296296
4 0.24383854166666669 0.6421296296296296 0.030729166666666665 0.049074074074074076
2 0.6130208333333333 0.6453703703703704 0.053125 0.09074074074074075
7 0.24036458333333333 0.6949074074074074 0.0421875 0.06574074074074074
0 0.48880208333333336 0.7157407407407408 0.0515625 0.08333333333333333
2 0.19010416666666666 0.7171296296296297 0.030208333333333334 0.06759259259259259
2 0.44088541666666664 0.7324074074074074 0.03697916666666667 0.07222222222222222
0 0.32803645833333334 0.7777777777777778 0.04635416666666667 0.07962962962962963
7 0.29973958333333334 0.07962962962962963 0.030729166666666665 0.05185185185185185
6 0.7130208333333333 0.799074074074074 0.05 0.09259259259259259
0 0.3533854166666667 0.08611111111111111 0.04114583333333333 0.07407407407407407