7 0.71328125 0.18518518518518517 0.0484375 0.1
5 0.5361979166666667 0.36203703703703705 0.050520833333333334 0.08703703703703704
6 0.37526041666666665 0.3972222222222222 0.06614583333333333 0.11666666666666667
6 0.30859375 0.4166666666666667 0.0640625 0.1
8 0.5044270833333333 0.4324074074074074 0.049479166666666664 0.07962962962962963
4 0.8252604166666667 0.4361111111111111 0.049479166666666664 0.08333333333333333
0 0.5393229166666667 0.5009259259259259 0.044270833333333336 0.07592592592592592
5 0.38255208333333335 0.5370370370370371 0.04739583333333333 0.07777777777777778
0 0.26796875 0.6240740740740741 0.043229166666666666 0.07777777777777778
2 0.5440104166666667 0.6583333333333333 0.04114583333333333 0.07222222222222222
0 0.3184895833333333 0.6842592592592592 0.05572916666666667 0.09814814814814815
5 0.5815104166666667 0.9222222222222223 0.0453125 0.07777777777777778