0 0.6205729166666667 0.9537037037037037 0.044270833333333336 0.08888888888888889
4 0.48515625 0.32037037037037036 0.0484375 0.08148148148148149
2 0.39765625 0.4888888888888889 0.03802083333333333 0.07037037037037037
2 0.4549479166666667 0.5277777777777778 0.03177083333333333 0.05555555555555555
7 0.40911458333333334 0.5435185185185185 0.0359375 0.05740740740740741
0 0.39453125 0.6111111111111112 0.03802083333333333 0.07407407407407407
7 0.45703125 0.6305555555555555 0.0359375 0.06481481481481481
4 0.4158854166666667 0.662962962962963 0.0390625 0.06296296296296296
0 0.82421875 0.6638888888888889 0.043229166666666666 0.07592592592592592
1 0.19869791666666667 0.6796296296296296 0.04635416666666667 0.07407407407407407
2 0.7013020833333333 0.6824074074074075 0.049479166666666664 0.09444444444444444
0 0.37734375 0.6935185185185185 0.0328125 0.07222222222222222
0 0.63046875 0.7129629629629629 0.034895833333333334 0.08148148148148149
1 0.66484375 0.7175925925925926 0.0390625 0.07222222222222222
8 0.32734375 0.7722222222222223 0.0390625 0.06666666666666667
4 0.5924479166666666 0.7777777777777778 0.0359375 0.07037037037037037
4 0.7033854166666667 0.812962962962963 0.0328125 0.06296296296296296
4 0.24557291666666667 0.8138888888888889 0.0421875 0.07592592592592592
4 0.64765625 0.8240740740740741 0.04010416666666667 0.07037037037037037
7 0.6072916666666667 0.8388888888888889 0.036458333333333336 0.06296296296296296