1 0.53046875 0.20555555555555555 0.0390625 0.06666666666666667
4 0.42942708333333335 0.22592592592592592 0.04114583333333333 0.07407407407407407
6 0.72265625 0.23796296296296296 0.0546875 0.08703703703703704
5 0.35598958333333336 0.3 0.05260416666666667 0.0962962962962963
0 0.67109375 0.38333333333333336 0.0578125 0.0962962962962963
8 0.2794270833333333 0.39814814814814814 0.043229166666666666 0.06666666666666667
7 0.24921875 0.5370370370370371 0.0515625 0.0962962962962963
8 0.6221354166666667 0.5601851851851852 0.0453125 0.07962962962962963
0 0.6986979166666667 0.7537037037037037 0.03802083333333333 0.07037037037037037
4 0.66015625 0.7592592592592593 0.044270833333333336 0.07777777777777778
4 0.38984375 0.8305555555555556 0.03697916666666667 0.06851851851851852
0 0.31692708333333336 0.9175925925925926 0.06822916666666666 0.12037037037037036