6 0.5893229166666667 0.9314814814814815 0.049479166666666664 0.08888888888888889
2 0.6669270833333333 0.9435185185185185 0.0546875 0.09074074074074075
2 0.8067708333333333 0.9578703703703704 0.05625 0.0824074074074074
4 0.2015625 0.9671296296296297 0.04375 0.06388888888888888
7 0.4375 0.9736111111111111 0.042708333333333334 0.05092592592592592
1 0.55078125 0.13425925925925927 0.03697916666666667 0.06851851851851852
0 0.30442708333333335 0.20185185185185187 0.04010416666666667 0.07777777777777778
0 0.57421875 0.2074074074074074 0.050520833333333334 0.09259259259259259
4 0.45546875 0.24351851851851852 0.03802083333333333 0.06481481481481481
0 0.62890625 0.2564814814814815 0.034895833333333334 0.06111111111111111
5 0.25026041666666665 0.287962962962963 0.0546875 0.08703703703703704
0 0.7299479166666667 0.2953703703703704 0.043229166666666666 0.07592592592592592
0 0.48359375 0.30185185185185187 0.0421875 0.07037037037037037
6 0.6783854166666666 0.3055555555555556 0.06510416666666667 0.11481481481481481
0 0.6028645833333334 0.3055555555555556 0.050520833333333334 0.07407407407407407
4 0.37734375 0.337037037037037 0.04010416666666667 0.07037037037037037
4 0.63046875 0.3416666666666667 0.0359375 0.06481481481481481
1 0.57265625 0.3416666666666667 0.049479166666666664 0.08333333333333333
7 0.28515625 0.3490740740740741 0.0578125 0.08333333333333333
1 0.52109375 0.3675925925925926 0.03802083333333333 0.06111111111111111
2 0.35494791666666664 0.3962962962962963 0.04114583333333333 0.07037037037037037
7 0.4388020833333333 0.4046296296296296 0.04010416666666667 0.07222222222222222
6 0.5513020833333333 0.4111111111111111 0.04635416666666667 0.08518518518518518
7 0.5122395833333333 0.44166666666666665 0.034895833333333334 0.06851851851851852
1 0.31171875 0.4425925925925926 0.0359375 0.07407407407407407
8 0.5893229166666667 0.45555555555555555 0.043229166666666666 0.07777777777777778
7 0.46171875 0.46944444444444444 0.0484375 0.08703703703703704
5 0.35651041666666666 0.4777777777777778 0.06510416666666667 0.10740740740740741
2 0.5377604166666666 0.48148148148148145 0.033854166666666664 0.06296296296296296
7 0.49505208333333334 0.4861111111111111 0.0359375 0.07592592592592592
0 0.26484375 0.5037037037037037 0.04635416666666667 0.07407407407407407
0 0.71640625 0.5083333333333333 0.05260416666666667 0.08333333333333333
4 0.5674479166666667 0.5083333333333333 0.034895833333333334 0.07222222222222222
4 0.5153645833333333 0.5361111111111111 0.03697916666666667 0.06851851851851852
1 0.4700520833333333 0.5435185185185185 0.033854166666666664 0.07222222222222222
8 0.20911458333333333 0.5638888888888889 0.05364583333333333 0.10555555555555556
2 0.5424479166666667 0.5712962962962963 0.030729166666666665 0.06111111111111111
0 0.29609375 0.5777777777777777 0.0359375 0.06296296296296296
4 0.5763020833333333 0.5879629629629629 0.050520833333333334 0.08333333333333333
8 0.78828125 0.5898148148148148 0.043229166666666666 0.06481481481481481
2 0.7606770833333333 0.6287037037037037 0.044270833333333336 0.06851851851851852
0 0.23671875 0.6425925925925926 0.06302083333333333 0.11851851851851852
6 0.28828125 0.6444444444444445 0.043229166666666666 0.07777777777777778
0 0.3731770833333333 0.6768518518518518 0.044270833333333336 0.08333333333333333
7 0.80390625 0.6888888888888889 0.0578125 0.0962962962962963
4 0.4388020833333333 0.7203703703703703 0.04010416666666667 0.07777777777777778
2 0.48098958333333336 0.7212962962962963 0.043229166666666666 0.09074074074074075
8 0.39921875 0.7314814814814815 0.04635416666666667 0.10740740740740741
4 0.6393229166666666 0.7314814814814815 0.05364583333333333 0.08888888888888889
0 0.19713541666666667 0.7351851851851852 0.0359375 0.07777777777777778
4 0.16067708333333333 0.737037037037037 0.04010416666666667 0.08148148148148149
4 0.23046875 0.7407407407407407 0.0421875 0.07407407407407407
7 0.7559895833333333 0.7435185185185185 0.0328125 0.05740740740740741
8 0.30703125 0.7731481481481481 0.0453125 0.08333333333333333
0 0.37213541666666666 0.8018518518518518 0.044270833333333336 0.07407407407407407
8 0.5065104166666666 0.8018518518518518 0.04010416666666667 0.08148148148148149
6 0.5997395833333333 0.8064814814814815 0.059895833333333336 0.12037037037037036
7 0.8059895833333334 0.8148148148148148 0.059895833333333336 0.0962962962962963
4 0.23932291666666666 0.8157407407407408 0.030729166666666665 0.046296296296296294
5 0.20911458333333333 0.8212962962962963 0.0390625 0.07592592592592592
0 0.16744791666666667 0.8222222222222222 0.0515625 0.1
5 0.5872395833333334 0.8648148148148148 0.043229166666666666 0.06666666666666667
1 0.39505208333333336 0.8740740740740741 0.0421875 0.07407407407407407
0 0.3424479166666667 0.8981481481481481 0.05572916666666667 0.10740740740740741
7 0.7846354166666667 0.899074074074074 0.03802083333333333 0.07222222222222222
4 0.8190104166666666 0.9064814814814814 0.03177083333333333 0.06111111111111111
7 0.2950520833333333 0.9083333333333333 0.044270833333333336 0.08333333333333333
0 0.7216145833333333 0.9166666666666666 0.05364583333333333 0.0962962962962963
4 0.44505208333333335 0.9203703703703704 0.03802083333333333 0.07777777777777778
0 0.5106770833333333 0.9231481481481482 0.050520833333333334 0.09814814814814815