0 0.38177083333333334 0.9319444444444445 0.04375 0.07685185185185185
7 0.7934895833333333 0.9481481481481482 0.04114583333333333 0.06481481481481481
2 0.5299479166666666 0.9527777777777777 0.049479166666666664 0.08888888888888889
2 0.5794270833333334 0.9574074074074074 0.033854166666666664 0.06111111111111111
2 0.45546875 0.9629629629629629 0.04010416666666667 0.07222222222222222
4 0.42421875 0.3296296296296296 0.0421875 0.05740740740740741
4 0.3416666666666667 0.34629629629629627 0.040625 0.07592592592592592
2 0.38550520833333335 0.40448148148148144 0.049479166666666664 0.08611111111111111
8 0.41432291666666665 0.43333333333333335 0.043229166666666666 0.06666666666666667
2 0.7908854166666667 0.48055555555555557 0.044270833333333336 0.08148148148148149
0 0.3841145833333333 0.5087962962962963 0.04114583333333333 0.06759259259259259
6 0.460765625 0.5117314814814814 0.036458333333333336 0.06851851851851852
1 0.4354166666666667 0.5541666666666667 0.03854166666666667 0.06574074074074074
1 0.6361979166666667 0.5884259259259259 0.04114583333333333 0.06388888888888888
7 0.5815260416666667 0.5905648148148147 0.03958333333333333 0.06574074074074074
8 0.80390625 0.5907407407407408 0.0578125 0.09814814814814815
5 0.33619791666666665 0.6162037037037037 0.06197916666666667 0.11944444444444445
0 0.48125 0.625462962962963 0.06145833333333333 0.10462962962962963
0 0.61171875 0.6481481481481481 0.05260416666666667 0.08333333333333333
4 0.6147552083333333 0.7348796296296296 0.05625 0.09259259259259259
4 0.5497395833333333 0.7768518518518519 0.04114583333333333 0.07037037037037037
2 0.6953125 0.7972222222222223 0.04375 0.07777777777777778
0 0.8049479166666667 0.7976851851851852 0.059895833333333336 0.09351851851851851
8 0.5697916666666667 0.8268518518518518 0.03854166666666667 0.06666666666666667
0 0.4674479166666667 0.8672777777777777 0.04114583333333333 0.07592592592592592
0 0.6953125 0.8787037037037037 0.04375 0.07037037037037037
0 0.8072916666666666 0.8828703703703704 0.053125 0.08981481481481482
7 0.5443541666666666 0.8856481481481482 0.04010416666666667 0.08055555555555556
0 0.74765625 0.899074074074074 0.0640625 0.11481481481481481