2 0.4916317991631799 0.29197761194029853 0.03347280334728033 0.07276119402985075
8 0.4497907949790795 0.30363805970149255 0.051255230125523014 0.09048507462686567
8 0.5734832635983264 0.31576492537313433 0.03922594142259414 0.06623134328358209
2 0.3472803347280335 0.35867537313432835 0.05439330543933055 0.09421641791044776
1 0.5685146443514645 0.37919776119402987 0.03556485355648536 0.0625
7 0.4610355648535565 0.3908582089552239 0.04236401673640167 0.07276119402985075
1 0.5047071129707112 0.4193097014925373 0.03556485355648536 0.0625
0 0.5839435146443515 0.4412313432835821 0.03608786610878661 0.06343283582089553
8 0.37260983263598324 0.4557555970149253 0.0397489539748954 0.07276119402985075
2 0.3342050209205021 0.4608208955223881 0.0397489539748954 0.06529850746268656
8 0.6934414225941422 0.4750839552238806 0.04288702928870293 0.06529850746268656
2 0.5938807531380753 0.5097947761194029 0.03608786610878661 0.05690298507462686
8 0.5185669456066946 0.5685634328358209 0.047594142259414225 0.08488805970149253
0 0.448744769874477 0.5876865671641791 0.04079497907949791 0.06902985074626866
4 0.5706066945606695 0.601679104477612 0.03765690376569038 0.07276119402985075
2 0.3752615062761506 0.6333955223880597 0.03713389121338912 0.06529850746268656
0 0.5326882845188284 0.7369402985074627 0.038179916317991634 0.07649253731343283
4 0.3884518828451883 0.7548600746268657 0.029288702928870293 0.06063432835820896