4 0.6908854166666667 0.4203703703703704 0.044270833333333336 0.07777777777777778
1 0.40234375 0.04351851851851852 0.0421875 0.07592592592592592
6 0.30546875 0.5046296296296297 0.044270833333333336 0.06851851851851852
7 0.22213541666666667 0.5138888888888888 0.03802083333333333 0.09074074074074075
4 0.31484375 0.5537037037037037 0.027604166666666666 0.06296296296296296
7 0.3893229166666667 0.5962962962962963 0.0265625 0.05925925925925926
8 0.36276041666666664 0.6240740740740741 0.0359375 0.07407407407407407
2 0.4434895833333333 0.6268518518518519 0.043229166666666666 0.08703703703703704
0 0.5419270833333333 0.6277777777777778 0.0421875 0.08518518518518518
4 0.6013020833333333 0.6574074074074074 0.050520833333333334 0.08148148148148149
4 0.5153645833333333 0.6962962962962963 0.03697916666666667 0.07777777777777778
8 0.33307291666666666 0.7148148148148148 0.04114583333333333 0.08888888888888889
2 0.23567708333333334 0.7203703703703703 0.0421875 0.07037037037037037
4 0.24192708333333332 0.7972222222222223 0.0546875 0.09074074074074075
7 0.3377604166666667 0.8694444444444445 0.044270833333333336 0.08333333333333333