8 0.20755208333333333 0.025 0.0484375 0.05
2 0.46015625 0.2833333333333333 0.050520833333333334 0.07777777777777778
8 0.5575520833333333 0.3138888888888889 0.044270833333333336 0.07592592592592592
2 0.51171875 0.34074074074074073 0.05364583333333333 0.09259259259259259
2 0.433078125 0.37962962962962965 0.0421875 0.05925925925925926
6 0.5096354166666667 0.42962962962962964 0.05364583333333333 0.08888888888888889
0 0.5533854166666666 0.4398148148148148 0.0421875 0.07962962962962963
0 0.4283854166666667 0.4759259259259259 0.0578125 0.09259259259259259
6 0.6611979166666667 0.5314814814814814 0.04010416666666667 0.07777777777777778
5 0.3653645833333333 0.562037037037037 0.058854166666666666 0.09814814814814815
0 0.45286458333333335 0.5703703703703704 0.0421875 0.07407407407407407
4 0.54609375 0.5814814814814815 0.04739583333333333 0.07407407407407407
0 0.18984375 0.9101851851851852 0.04010416666666667 0.09259259259259259