2 0.25729166666666664 0.21666666666666667 0.04895833333333333 0.07592592592592592
4 0.4674479166666667 0.27175925925925926 0.049479166666666664 0.0824074074074074
4 0.8098958333333334 0.40925925925925927 0.029166666666666667 0.053703703703703705
0 0.575 0.4115740740740741 0.040625 0.06574074074074074
8 0.25078125 0.4444444444444444 0.0453125 0.07962962962962963
8 0.6033854166666667 0.48055555555555557 0.04010416666666667 0.06666666666666667
4 0.5200520833333333 0.500462962962963 0.050520833333333334 0.08796296296296297
1 0.6106770833333334 0.5685185185185185 0.050520833333333334 0.09444444444444444
4 0.5453125 0.5851851851851851 0.03958333333333333 0.07222222222222222
0 0.41354166666666664 0.6277777777777778 0.040625 0.06851851851851852
0 0.7604166666666666 0.6296296296296297 0.042708333333333334 0.06851851851851852
4 0.5666666666666667 0.6532407407407408 0.040625 0.0712962962962963
2 0.7958333333333333 0.6601851851851852 0.034375 0.06296296296296296
4 0.61640625 0.6611111111111111 0.043229166666666666 0.06851851851851852
4 0.51796875 0.6888888888888889 0.04010416666666667 0.07962962962962963
8 0.47369791666666666 0.7384259259259259 0.049479166666666664 0.10092592592592593
8 0.5855052083333334 0.7444444444444445 0.03697916666666667 0.07222222222222222
0 0.55 0.7537037037037037 0.035416666666666666 0.06851851851851852
4 0.6096354166666667 0.7898148148148149 0.04010416666666667 0.06296296296296296