8 0.4903645833333333 0.1037037037037037 0.05260416666666667 0.08148148148148149
8 0.32265625 0.16296296296296298 0.0421875 0.08518518518518518
5 0.4669270833333333 0.23148148148148148 0.05572916666666667 0.1
4 0.6580729166666667 0.2518518518518518 0.0421875 0.08518518518518518
0 0.7309895833333333 0.27685185185185185 0.044270833333333336 0.09074074074074075
0 0.49244791666666665 0.287962962962963 0.049479166666666664 0.06481481481481481
5 0.4393229166666667 0.2972222222222222 0.0484375 0.08703703703703704
4 0.47994791666666664 0.325 0.059895833333333336 0.07962962962962963
7 0.34765625 0.4203703703703704 0.04635416666666667 0.07407407407407407
2 0.47265625 0.4444444444444444 0.0484375 0.0962962962962963
8 0.5231770833333333 0.4759259259259259 0.043229166666666666 0.07407407407407407
0 0.5591145833333333 0.487962962962963 0.03802083333333333 0.07962962962962963
8 0.3768229166666667 0.49074074074074076 0.0546875 0.0962962962962963
8 0.5924479166666666 0.512962962962963 0.044270833333333336 0.09259259259259259
2 0.55234375 0.5527777777777778 0.0390625 0.07222222222222222
2 0.5091145833333334 0.575925925925926 0.0546875 0.1037037037037037