2 0.3651041666666667 0.17083333333333334 0.05416666666666667 0.10648148148148148
2 0.6330729166666667 0.25972222222222224 0.0390625 0.06944444444444445
2 0.4014791666666666 0.3544722222222222 0.03697916666666667 0.075
8 0.42890625 0.4324074074074074 0.034895833333333334 0.06666666666666667
0 0.7244791666666667 0.4398148148148148 0.06875 0.1111111111111111
4 0.5903645833333333 0.48194444444444445 0.0453125 0.07314814814814814
7 0.4640625 0.4827222222222223 0.0375 0.06481481481481481
0 0.6552083333333333 0.500462962962963 0.05520833333333333 0.08796296296296297
4 0.5903645833333333 0.5597222222222222 0.05572916666666667 0.08796296296296297
7 0.5544270833333333 0.6319444444444444 0.0421875 0.06944444444444445
8 0.5494791666666666 0.7013888888888888 0.035416666666666666 0.0712962962962963
8 0.5080729166666667 0.7069444444444445 0.0515625 0.0824074074074074
0 0.41770833333333335 0.774537037037037 0.03854166666666667 0.07314814814814814
1 0.6153645833333333 0.7944444444444444 0.043229166666666666 0.08333333333333333
2 0.5138020833333333 0.8027777777777778 0.044270833333333336 0.07777777777777778