1 0.5723958333333333 0.9629629629629629 0.03958333333333333 0.06851851851851852
2 0.5052083333333334 0.9712962962962963 0.046875 0.05555555555555555
2 0.2830729166666667 0.16435185185185186 0.0390625 0.06759259259259259
6 0.23619791666666667 0.2074074074074074 0.049479166666666664 0.09444444444444444
8 0.37786458333333334 0.48518518518518516 0.0453125 0.07222222222222222
2 0.4505208333333333 0.48657407407407405 0.0375 0.06759259259259259
0 0.41458333333333336 0.5152777777777777 0.040625 0.07314814814814814
0 0.38029687500000003 0.5949074074074074 0.0390625 0.06944444444444445
7 0.5174479166666667 0.6287037037037037 0.03697916666666667 0.07407407407407407
8 0.42994791666666665 0.6439814814814815 0.0578125 0.08611111111111111
7 0.36953125 0.6560185185185186 0.04114583333333333 0.07685185185185185
2 0.27838541666666666 0.6564814814814814 0.0421875 0.07037037037037037
2 0.325 0.6675925925925926 0.03854166666666667 0.07037037037037037
7 0.6752604166666667 0.7680555555555556 0.04635416666666667 0.0787037037037037
4 0.24971875000000002 0.7716851851851851 0.043229166666666666 0.0787037037037037
0 0.55546875 0.7962962962962963 0.044270833333333336 0.07962962962962963
0 0.3966145833333333 0.8083333333333333 0.03697916666666667 0.07407407407407407
1 0.23854166666666668 0.8442870370370371 0.04479166666666667 0.07685185185185185
2 0.62421875 0.8611111111111112 0.03177083333333333 0.06851851851851852
4 0.49973958333333335 0.8958333333333334 0.043229166666666666 0.075