0 0.3533854166666667 0.95 0.04739583333333333 0.08518518518518518
6 0.44557291666666665 0.27685185185185185 0.058854166666666666 0.12037037037037036
2 0.6966145833333334 0.375 0.04010416666666667 0.07592592592592592
0 0.7544270833333333 0.3990740740740741 0.05572916666666667 0.08333333333333333
0 0.21692708333333333 0.41944444444444445 0.0390625 0.07222222222222222
6 0.5231770833333333 0.4361111111111111 0.0515625 0.09444444444444444
0 0.7533854166666667 0.5083333333333333 0.0640625 0.09814814814814815
2 0.3190104166666667 0.5361111111111111 0.04739583333333333 0.06851851851851852
7 0.24557291666666667 0.6222222222222222 0.058854166666666666 0.08888888888888889
4 0.7309895833333333 0.662962962962963 0.033854166666666664 0.06666666666666667
2 0.65078125 0.7240740740740741 0.0421875 0.08518518518518518
4 0.25234375 0.7509259259259259 0.04739583333333333 0.06851851851851852
8 0.24401041666666667 0.8342592592592593 0.0578125 0.09074074074074075
6 0.4466145833333333 0.8777777777777778 0.06302083333333333 0.11481481481481481
2 0.575 0.8944444444444445 0.04791666666666667 0.07407407407407407