7 0.39765104166666665 0.20972222222222223 0.04739583333333333 0.08981481481481482
8 0.45286458333333335 0.22268518518518518 0.04635416666666667 0.06944444444444445
0 0.66015625 0.25787037037037036 0.05677083333333333 0.08055555555555556
0 0.4622395833333333 0.30787037037037035 0.06197916666666667 0.10648148148148148
7 0.7765625 0.5050925925925925 0.06354166666666666 0.0787037037037037
2 0.43776041666666665 0.512962962962963 0.058854166666666666 0.09074074074074075
7 0.696875 0.600462962962963 0.058333333333333334 0.10833333333333334
6 0.70625 0.7129629629629629 0.06354166666666666 0.1111111111111111
0 0.48541666666666666 0.725 0.06979166666666667 0.10185185185185185
2 0.7635416666666667 0.8296296296296296 0.04791666666666667 0.08518518518518518
0 0.70234375 0.8587962962962963 0.06666666666666667 0.10648148148148148