4 0.47734375 0.18287037037037038 0.0609375 0.0787037037037037
8 0.48984375 0.2949074074074074 0.04635416666666667 0.08055555555555556
0 0.665625 0.3476851851851852 0.08020833333333334 0.11574074074074074
0 0.44166666666666665 0.34953703703703703 0.04895833333333333 0.09722222222222222
1 0.2721354166666667 0.3611111111111111 0.05677083333333333 0.08333333333333333
8 0.2078125 0.375 0.04791666666666667 0.07407407407407407
2 0.2591145833333333 0.42453703703703705 0.0515625 0.08981481481481482
6 0.5458333333333333 0.4888888888888889 0.06458333333333334 0.10185185185185185
2 0.6174479166666667 0.5467592592592593 0.05677083333333333 0.10648148148148148
0 0.6158854166666666 0.6513888888888889 0.07239583333333334 0.1175925925925926
1 0.45651041666666664 0.6671296296296296 0.0453125 0.08796296296296297