8 0.3203125 0.14537037037037037 0.03958333333333333 0.07222222222222222
8 0.7559895833333333 0.2273148148148148 0.05260416666666667 0.09351851851851851
4 0.28203125 0.25046296296296294 0.03697916666666667 0.06574074074074074
1 0.6713541666666667 0.262037037037037 0.05 0.08333333333333333
4 0.7854166666666667 0.30833333333333335 0.042708333333333334 0.07037037037037037
0 0.45 0.3347222222222222 0.03854166666666667 0.06388888888888888
4 0.6934895833333333 0.3416666666666667 0.04114583333333333 0.06851851851851852
4 0.3421875 0.34814814814814815 0.03958333333333333 0.07037037037037037
4 0.21875 0.375 0.04479166666666667 0.07407407407407407
4 0.19010416666666666 0.40879629629629627 0.029166666666666667 0.049074074074074076
0 0.2682291666666667 0.4101851851851852 0.03958333333333333 0.07037037037037037
8 0.6752604166666667 0.4356481481481482 0.04114583333333333 0.06944444444444445
0 0.6895833333333333 0.4925925925925926 0.03854166666666667 0.06481481481481481
0 0.21640625 0.525 0.04114583333333333 0.06296296296296296
4 0.45859375 0.6041666666666666 0.0484375 0.08796296296296297
2 0.20416666666666666 0.6620370370370371 0.034375 0.06111111111111111
4 0.25546875 0.7013888888888888 0.04114583333333333 0.06018518518518518
8 0.21822916666666667 0.7407407407407407 0.03958333333333333 0.07037037037037037