2 0.47578125 0.20833333333333334 0.0484375 0.08333333333333333
0 0.21484375 0.24074074074074073 0.043229166666666666 0.07777777777777778
0 0.50078125 0.2796296296296296 0.05677083333333333 0.1037037037037037
2 0.19375 0.2972222222222222 0.0375 0.05740740740740741
8 0.43203125 0.31203703703703706 0.03802083333333333 0.07592592592592592
4 0.33515625 0.3138888888888889 0.05260416666666667 0.07592592592592592
2 0.7057291666666666 0.3541666666666667 0.05416666666666667 0.09722222222222222
8 0.47421875 0.37222222222222223 0.05364583333333333 0.08888888888888889
8 0.65703125 0.46296296296296297 0.0359375 0.07407407407407407
1 0.4783854166666667 0.4638888888888889 0.0453125 0.09444444444444444
0 0.5372395833333333 0.46574074074074073 0.050520833333333334 0.08333333333333333
7 0.5955729166666667 0.5805555555555556 0.0421875 0.07962962962962963
4 0.19713541666666667 0.6018518518518519 0.0453125 0.07037037037037037
4 0.5296875 0.6138888888888889 0.03958333333333333 0.07592592592592592
8 0.19713541666666667 0.6851851851851852 0.0453125 0.07037037037037037
2 0.19973958333333333 0.7583333333333333 0.044270833333333336 0.06851851851851852