4 0.35520833333333335 0.9745370370370371 0.04895833333333333 0.049074074074074076
0 0.5247395833333334 0.14166666666666666 0.050520833333333334 0.08333333333333333
2 0.4908854166666667 0.16111111111111112 0.050520833333333334 0.07777777777777778
2 0.46484375 0.22685185185185186 0.049479166666666664 0.10555555555555556
4 0.34088541666666666 0.2861111111111111 0.044270833333333336 0.09444444444444444
0 0.29609375 0.3 0.0515625 0.1
6 0.6893229166666667 0.3472222222222222 0.0421875 0.06851851851851852
1 0.67421875 0.40370370370370373 0.0453125 0.06666666666666667
2 0.7768229166666667 0.4212962962962963 0.044270833333333336 0.07222222222222222
1 0.7018229166666666 0.4638888888888889 0.0546875 0.07592592592592592
4 0.6919270833333333 0.5555555555555556 0.028645833333333332 0.05925925925925926
4 0.7268229166666667 0.5768518518518518 0.06614583333333333 0.10185185185185185
6 0.28880208333333335 0.6 0.08489583333333334 0.1259259259259259
2 0.5239583333333333 0.6787037037037037 0.042708333333333334 0.07962962962962963
7 0.4705729166666667 0.7527777777777778 0.0484375 0.08703703703703704
2 0.5096354166666667 0.7731481481481481 0.049479166666666664 0.07592592592592592
8 0.5679739583333333 0.7907407407407407 0.06614583333333333 0.1
7 0.42682291666666666 0.7962962962962963 0.0484375 0.11851851851851852
2 0.47109375 0.0824074074074074 0.0453125 0.07592592592592592