8 0.34088541666666666 0.2962962962962963 0.058854166666666666 0.08888888888888889
4 0.7903645833333334 0.31666666666666665 0.04739583333333333 0.09259259259259259
4 0.44869791666666664 0.32314814814814813 0.06197916666666667 0.10185185185185185
8 0.30859375 0.3638888888888889 0.049479166666666664 0.05740740740740741
0 0.7221354166666667 0.4324074074074074 0.044270833333333336 0.07962962962962963
7 0.6690104166666667 0.5037037037037037 0.04635416666666667 0.07777777777777778
6 0.35651041666666666 0.575925925925926 0.06302083333333333 0.10740740740740741
6 0.5033854166666667 0.5842592592592593 0.044270833333333336 0.07222222222222222
4 0.66015625 0.6231481481481481 0.04114583333333333 0.08333333333333333
8 0.49296875 0.6472222222222223 0.04010416666666667 0.07222222222222222
8 0.6236979166666666 0.7324074074074074 0.043229166666666666 0.06111111111111111