0 0.77734375 0.1361111111111111 0.04010416666666667 0.07592592592592592
7 0.3888020833333333 0.1527777777777778 0.04010416666666667 0.06851851851851852
8 0.80390625 0.18333333333333332 0.0453125 0.08148148148148149
0 0.32109375 0.26666666666666666 0.0421875 0.07407407407407407
4 0.38984375 0.2851851851851852 0.0421875 0.07037037037037037
7 0.33515625 0.35833333333333334 0.05364583333333333 0.09444444444444444
2 0.36015625 0.4962962962962963 0.03697916666666667 0.05925925925925926
8 0.78671875 0.5018518518518519 0.058854166666666666 0.09259259259259259
1 0.7486979166666666 0.5111111111111111 0.04114583333333333 0.07407407407407407
8 0.41484375 0.5314814814814814 0.04010416666666667 0.07037037037037037
2 0.32578125 0.5388888888888889 0.05677083333333333 0.0962962962962963
6 0.35390625 0.6138888888888889 0.06197916666666667 0.11666666666666667
4 0.51796875 0.6212962962962963 0.050520833333333334 0.08703703703703704
4 0.81328125 0.6481481481481481 0.030729166666666665 0.06296296296296296
4 0.6716145833333333 0.7277777777777777 0.0453125 0.09259259259259259
1 0.5966145833333333 0.7527777777777778 0.0640625 0.11296296296296296
7 0.62578125 0.8675925925925926 0.04114583333333333 0.07222222222222222