0 0.31796875 0.014814814814814815 0.05677083333333333 0.02962962962962963
0 0.5919270833333333 0.3138888888888889 0.049479166666666664 0.10185185185185185
8 0.6388020833333333 0.35185185185185186 0.0453125 0.07407407407407407
2 0.5861979166666667 0.3814814814814815 0.03177083333333333 0.05555555555555555
7 0.5486979166666667 0.38333333333333336 0.044270833333333336 0.07407407407407407
5 0.38359375 0.4111111111111111 0.04739583333333333 0.10740740740740741
6 0.5190104166666667 0.4444444444444444 0.043229166666666666 0.08148148148148149
0 0.48984375 0.48333333333333334 0.0390625 0.08888888888888889
2 0.49609375 0.5879629629629629 0.034895833333333334 0.07592592592592592
6 0.6049479166666667 0.5925925925925926 0.05260416666666667 0.12222222222222222
0 0.5591145833333333 0.5981481481481481 0.050520833333333334 0.0962962962962963