2 0.5984375 0.3175925925925926 0.06458333333333334 0.10740740740740741
4 0.3377604166666667 0.3194444444444444 0.0359375 0.06111111111111111
1 0.6265625 0.41759259259259257 0.0375 0.06296296296296296
4 0.275 0.4356481481481482 0.03333333333333333 0.06574074074074074
2 0.6638020833333333 0.45 0.03177083333333333 0.06296296296296296
7 0.3684895833333333 0.45601851851851855 0.043229166666666666 0.06574074074074074
1 0.3411458333333333 0.4976851851851852 0.040625 0.06388888888888888
4 0.6372395833333333 0.5046296296296297 0.04114583333333333 0.07037037037037037
1 0.41171875 0.5101851851851852 0.0359375 0.06111111111111111
8 0.29375 0.5268518518518519 0.05520833333333333 0.09074074074074075
2 0.38255208333333335 0.5439814814814815 0.03697916666666667 0.06574074074074074
0 0.5307291666666667 0.5583333333333333 0.03854166666666667 0.07037037037037037
7 0.25677083333333334 0.5847222222222223 0.059375 0.10092592592592593
4 0.5801197916666666 0.6233055555555556 0.05677083333333333 0.09166666666666666
0 0.3958333333333333 0.7013888888888888 0.051041666666666666 0.08425925925925926
2 0.73203125 0.7324074074074074 0.04010416666666667 0.08148148148148149
2 0.38697916666666665 0.8393518518518519 0.051041666666666666 0.09537037037037037
2 0.61640625 0.8703703703703703 0.04114583333333333 0.07962962962962963