4 0.8158854166666667 0.1398148148148148 0.06822916666666666 0.10555555555555556
4 0.51015625 0.16574074074074074 0.03802083333333333 0.11666666666666667
4 0.6888020833333334 0.19166666666666668 0.05572916666666667 0.07592592592592592
0 0.20078125 0.23981481481481481 0.058854166666666666 0.09444444444444444
0 0.6028645833333334 0.26296296296296295 0.0484375 0.10740740740740741
8 0.5466145833333333 0.3527777777777778 0.05260416666666667 0.11666666666666667
4 0.20546875 0.3972222222222222 0.05364583333333333 0.08333333333333333
7 0.6361979166666667 0.4027777777777778 0.04010416666666667 0.09074074074074075
7 0.52578125 0.5166666666666667 0.04010416666666667 0.07407407407407407
1 0.5997395833333333 0.5574074074074075 0.05260416666666667 0.08148148148148149
0 0.25390625 0.5583333333333333 0.0421875 0.06481481481481481
2 0.32890625 0.5731481481481482 0.044270833333333336 0.09814814814814815
0 0.2877604166666667 0.575925925925926 0.04010416666666667 0.09259259259259259
4 0.3372395833333333 0.6527777777777778 0.0484375 0.06481481481481481
1 0.6033854166666667 0.6620370370370371 0.0515625 0.08703703703703704
2 0.33567708333333335 0.7287037037037037 0.05572916666666667 0.09814814814814815
8 0.19609375 0.7462962962962963 0.0453125 0.08148148148148149
2 0.45651041666666664 0.09166666666666666 0.04114583333333333 0.07962962962962963
7 0.27890625 0.9203703703703704 0.04635416666666667 0.08888888888888889