0 0.4356770833333333 0.14675925925925926 0.04114583333333333 0.07685185185185185
2 0.7658854166666667 0.1486111111111111 0.0390625 0.06574074074074074
0 0.6567708333333333 0.1865740740740741 0.03958333333333333 0.06759259259259259
8 0.8315104166666667 0.19398148148148148 0.04114583333333333 0.075
8 0.6841145833333333 0.26851851851851855 0.0421875 0.07592592592592592
0 0.47265625 0.33101851851851855 0.050520833333333334 0.10462962962962963
2 0.3380208333333333 0.34629629629629627 0.04375 0.07592592592592592
6 0.34453125 0.4222222222222222 0.044270833333333336 0.07222222222222222
7 0.609375 0.047685185185185185 0.04479166666666667 0.0787037037037037
2 0.5984375 0.5828703703703704 0.03125 0.06388888888888888
8 0.6284739583333334 0.6351851851851852 0.051041666666666666 0.09074074074074075
4 0.20807291666666666 0.6638888888888889 0.06302083333333333 0.1037037037037037
4 0.65625 0.7546296296296297 0.042708333333333334 0.08888888888888889