8 0.69140625 0.9361111111111111 0.033854166666666664 0.09444444444444444
7 0.72578125 0.9361111111111111 0.04010416666666667 0.09074074074074075
8 0.63984375 0.10092592592592593 0.05572916666666667 0.10185185185185185
1 0.5309895833333333 0.13796296296296295 0.0421875 0.06851851851851852
0 0.6611979166666667 0.17962962962962964 0.044270833333333336 0.08148148148148149
4 0.5002604166666667 0.3333333333333333 0.049479166666666664 0.1
8 0.7028645833333333 0.037037037037037035 0.044270833333333336 0.07407407407407407
7 0.72578125 0.4 0.0546875 0.1
6 0.8299479166666667 0.412962962962963 0.03177083333333333 0.07407407407407407
2 0.40651041666666665 0.42777777777777776 0.043229166666666666 0.07037037037037037
6 0.7809895833333333 0.4648148148148148 0.0359375 0.08148148148148149
6 0.32734375 0.4685185185185185 0.0390625 0.07407407407407407
2 0.69765625 0.4740740740740741 0.033854166666666664 0.06666666666666667
0 0.8221354166666667 0.4861111111111111 0.05364583333333333 0.10185185185185185
4 0.39348958333333334 0.5083333333333333 0.0484375 0.08703703703703704
5 0.765625 0.5435185185185185 0.042708333333333334 0.07962962962962963
1 0.7877604166666666 0.6046296296296296 0.0390625 0.06851851851851852
7 0.3184895833333333 0.6083333333333333 0.0359375 0.06481481481481481
2 0.59453125 0.6453703703703704 0.033854166666666664 0.08333333333333333
7 0.5018229166666667 0.65 0.05260416666666667 0.08518518518518518
4 0.7502604166666667 0.6814814814814815 0.04114583333333333 0.07777777777777778
2 0.42265625 0.6916666666666667 0.033854166666666664 0.07222222222222222
4 0.80078125 0.075 0.0421875 0.07592592592592592
2 0.32734375 0.8027777777777778 0.0453125 0.06851851851851852
0 0.43515625 0.8472222222222222 0.04635416666666667 0.08333333333333333
4 0.4903645833333333 0.8472222222222222 0.0296875 0.06111111111111111
4 0.33567708333333335 0.08611111111111111 0.043229166666666666 0.06481481481481481
2 0.20807291666666666 0.8685185185185185 0.044270833333333336 0.07777777777777778
0 0.6080729166666666 0.9046296296296297 0.04635416666666667 0.09444444444444444