7 0.38515625 0.9555555555555556 0.05572916666666667 0.08518518518518518
7 0.6403645833333333 0.10185185185185185 0.06510416666666667 0.1
0 0.28203125 0.11296296296296296 0.044270833333333336 0.08518518518518518
4 0.7674479166666667 0.11481481481481481 0.0390625 0.07407407407407407
2 0.7216145833333333 0.125 0.05572916666666667 0.08703703703703704
0 0.43359375 0.15833333333333333 0.03802083333333333 0.08703703703703704
4 0.6934895833333333 0.18425925925925926 0.050520833333333334 0.07222222222222222
0 0.2986979166666667 0.2101851851851852 0.058854166666666666 0.09814814814814815
4 0.46328125 0.22777777777777777 0.043229166666666666 0.0962962962962963
1 0.17317708333333334 0.25925925925925924 0.044270833333333336 0.1037037037037037
4 0.4002604166666667 0.2935185185185185 0.04010416666666667 0.08703703703703704
0 0.7174479166666666 0.02962962962962963 0.04010416666666667 0.05925925925925926
8 0.3216145833333333 0.2972222222222222 0.05572916666666667 0.09814814814814815
2 0.80390625 0.3037037037037037 0.043229166666666666 0.08518518518518518
7 0.44244791666666666 0.31203703703703706 0.04739583333333333 0.06481481481481481
7 0.7408854166666666 0.33796296296296297 0.05572916666666667 0.06851851851851852
4 0.8002604166666667 0.37592592592592594 0.044270833333333336 0.07037037037037037
4 0.33567708333333335 0.38981481481481484 0.04010416666666667 0.09074074074074075
7 0.76640625 0.38981481481481484 0.0484375 0.06481481481481481
6 0.4158854166666667 0.04351851851851852 0.06510416666666667 0.08703703703703704
4 0.7549479166666667 0.04351851851851852 0.043229166666666666 0.06851851851851852
4 0.7841145833333333 0.43703703703703706 0.0359375 0.05925925925925926
6 0.4627604166666667 0.4398148148148148 0.0671875 0.1388888888888889
5 0.7221354166666667 0.4462962962962963 0.05364583333333333 0.08518518518518518
2 0.8080729166666667 0.4527777777777778 0.04114583333333333 0.07222222222222222
0 0.37786458333333334 0.4564814814814815 0.0578125 0.10555555555555556
6 0.16328125 0.5018518518518519 0.04114583333333333 0.08518518518518518
2 0.8065104166666667 0.5222222222222223 0.0421875 0.07407407407407407
1 0.76484375 0.5398148148148149 0.04635416666666667 0.07592592592592592
0 0.61640625 0.612037037037037 0.05572916666666667 0.09814814814814815
1 0.17005208333333333 0.6185185185185185 0.03802083333333333 0.07777777777777778
0 0.7674479166666667 0.6305555555555555 0.043229166666666666 0.07592592592592592
1 0.69453125 0.662962962962963 0.043229166666666666 0.08518518518518518
7 0.68515625 0.07037037037037037 0.0578125 0.1111111111111111
8 0.7872395833333333 0.8027777777777778 0.0453125 0.07592592592592592
8 0.34661458333333334 0.8037037037037037 0.0453125 0.09259259259259259
2 0.39348958333333334 0.8537037037037037 0.05572916666666667 0.0962962962962963
0 0.31484375 0.08796296296296297 0.044270833333333336 0.06851851851851852
8 0.7815104166666667 0.8916666666666667 0.0546875 0.07592592592592592