7 0.5942708333333333 0.26851851851851855 0.041666666666666664 0.06851851851851852
8 0.7026041666666667 0.29074074074074074 0.052083333333333336 0.09074074074074075
8 0.49609375 0.3087962962962963 0.0390625 0.075
0 0.79765625 0.3587962962962963 0.0421875 0.0787037037037037
4 0.35911458333333335 0.5203703703703704 0.0484375 0.07592592592592592
2 0.6450520833333333 0.5449074074074074 0.03697916666666667 0.07314814814814814
1 0.21258854166666669 0.550611111111111 0.044270833333333336 0.07222222222222222
0 0.4265625 0.5587962962962963 0.05 0.08981481481481482
0 0.46953125 0.5814814814814815 0.04010416666666667 0.07222222222222222
7 0.41484375 0.6370370370370371 0.043229166666666666 0.07222222222222222
1 0.2872395833333333 0.8004629629629629 0.0421875 0.06574074074074074