8 0.5388020833333333 0.18981481481481483 0.0515625 0.09074074074074075
4 0.6403645833333333 0.20092592592592592 0.03802083333333333 0.07592592592592592
6 0.27005208333333336 0.2833333333333333 0.05364583333333333 0.08888888888888889
4 0.40286458333333336 0.29444444444444445 0.04010416666666667 0.07037037037037037
0 0.7252604166666666 0.34814814814814815 0.06614583333333333 0.1111111111111111
6 0.3690104166666667 0.35185185185185186 0.0640625 0.1111111111111111
7 0.21640625 0.4703703703703704 0.04635416666666667 0.07407407407407407
2 0.6122395833333333 0.4925925925925926 0.0359375 0.08148148148148149
0 0.3497395833333333 0.5027777777777778 0.0421875 0.06851851851851852
2 0.6497395833333334 0.5342592592592592 0.03802083333333333 0.06481481481481481
8 0.24609375 0.5564814814814815 0.0453125 0.07962962962962963
4 0.7841145833333333 0.5814814814814815 0.04010416666666667 0.07407407407407407
2 0.6153645833333333 0.6916666666666667 0.04010416666666667 0.07592592592592592
0 0.42578125 0.7712962962962963 0.04010416666666667 0.07592592592592592
2 0.46119791666666665 0.7777777777777778 0.03802083333333333 0.06296296296296296
4 0.48046875 0.8574074074074074 0.0390625 0.07037037037037037