8 0.59140625 0.2740740740740741 0.0578125 0.0962962962962963
0 0.31692708333333336 0.2777777777777778 0.04635416666666667 0.08518518518518518
0 0.38619791666666664 0.2833333333333333 0.04739583333333333 0.0962962962962963
6 0.5216145833333333 0.3111111111111111 0.06822916666666666 0.1259259259259259
4 0.7997395833333333 0.337037037037037 0.06822916666666666 0.11481481481481481
7 0.33151041666666664 0.34074074074074073 0.0359375 0.05555555555555555
4 0.38776041666666666 0.3537037037037037 0.05260416666666667 0.07407407407407407
7 0.5643229166666667 0.35648148148148145 0.04739583333333333 0.10185185185185185
8 0.66328125 0.43703703703703706 0.059895833333333336 0.08518518518518518
2 0.40286458333333336 0.45 0.059895833333333336 0.11481481481481481
4 0.34713541666666664 0.45185185185185184 0.04635416666666667 0.07777777777777778
0 0.4752604166666667 0.4546296296296296 0.0359375 0.07222222222222222
4 0.7013020833333333 0.5222222222222223 0.06302083333333333 0.09259259259259259
5 0.31640625 0.5259259259259259 0.05364583333333333 0.08148148148148149
2 0.47265625 0.5324074074074074 0.06197916666666667 0.07592592592592592
4 0.61640625 0.5944444444444444 0.04739583333333333 0.08518518518518518
6 0.5372395833333333 0.7907407407407407 0.0578125 0.11851851851851852