4 0.3703125 0.9513888888888888 0.05625 0.09537037037037037
2 0.82578125 0.1111111111111111 0.04010416666666667 0.07037037037037037
4 0.7236979166666667 0.12222222222222222 0.04635416666666667 0.07037037037037037
7 0.6263020833333334 0.15 0.03697916666666667 0.07037037037037037
1 0.75390625 0.15092592592592594 0.0359375 0.06111111111111111
2 0.6919270833333333 0.1574074074074074 0.034895833333333334 0.06666666666666667
2 0.3424479166666667 0.1574074074074074 0.0484375 0.08888888888888889
4 0.7919270833333333 0.16111111111111112 0.0515625 0.09259259259259259
4 0.8263020833333333 0.18518518518518517 0.0453125 0.06296296296296296
4 0.3768229166666667 0.19814814814814816 0.025520833333333333 0.04814814814814815
0 0.4278645833333333 0.20462962962962963 0.06302083333333333 0.10185185185185185
0 0.7294270833333333 0.2064814814814815 0.049479166666666664 0.09074074074074075
6 0.6919270833333333 0.22037037037037038 0.03697916666666667 0.07037037037037037
4 0.33984375 0.22592592592592592 0.04739583333333333 0.08148148148148149
0 0.6283854166666667 0.23333333333333334 0.05364583333333333 0.08518518518518518
4 0.8315104166666667 0.24537037037037038 0.04114583333333333 0.07222222222222222
6 0.5559895833333334 0.24814814814814815 0.0359375 0.06296296296296296
8 0.38828125 0.25092592592592594 0.0359375 0.06111111111111111
2 0.7841145833333333 0.2537037037037037 0.0359375 0.06296296296296296
8 0.5205729166666667 0.25555555555555554 0.0421875 0.07037037037037037
8 0.64765625 0.026851851851851852 0.04114583333333333 0.053703703703703705
0 0.7388020833333333 0.2796296296296296 0.044270833333333336 0.06666666666666667
7 0.4283854166666667 0.28703703703703703 0.0390625 0.07407407407407407
4 0.339328125 0.287962962962963 0.04010416666666667 0.06851851851851852
1 0.7075520833333333 0.3138888888888889 0.03697916666666667 0.07592592592592592
5 0.5986979166666667 0.325 0.03802083333333333 0.06111111111111111
0 0.8299479166666667 0.32592592592592595 0.0421875 0.07777777777777778
7 0.7903645833333334 0.3314814814814815 0.05260416666666667 0.08888888888888889
2 0.63671875 0.3611111111111111 0.0390625 0.08148148148148149
2 0.19140625 0.38055555555555554 0.04010416666666667 0.06111111111111111
2 0.5861979166666667 0.38796296296296295 0.03802083333333333 0.06481481481481481
0 0.29921875 0.39444444444444443 0.0515625 0.08888888888888889
0 0.8190104166666666 0.412962962962963 0.0640625 0.10740740740740741
1 0.26015625 0.4888888888888889 0.0359375 0.06296296296296296
5 0.7877604166666666 0.5009259259259259 0.05572916666666667 0.08333333333333333
0 0.29609375 0.5101851851851852 0.0453125 0.06481481481481481
2 0.23463541666666668 0.5296296296296297 0.0328125 0.05555555555555555
6 0.4588541666666667 0.05462962962962963 0.059375 0.10925925925925926
8 0.82421875 0.5472222222222223 0.05364583333333333 0.09444444444444444
4 0.38567708333333334 0.05740740740740741 0.043229166666666666 0.07037037037037037
7 0.73203125 0.5851851851851851 0.05677083333333333 0.08888888888888889
5 0.7158854166666667 0.05925925925925926 0.04739583333333333 0.07407407407407407
5 0.25546875 0.6018518518518519 0.06822916666666666 0.10740740740740741
2 0.33880208333333334 0.6240740740740741 0.05364583333333333 0.09259259259259259
6 0.41848958333333336 0.6287037037037037 0.044270833333333336 0.07592592592592592
2 0.19713541666666667 0.6944444444444444 0.05364583333333333 0.0962962962962963
6 0.2518229166666667 0.6962962962962963 0.05260416666666667 0.09259259259259259
7 0.5549479166666667 0.075 0.03802083333333333 0.07962962962962963
2 0.8158854166666667 0.799074074074074 0.0390625 0.06851851851851852
0 0.18828125 0.8 0.0421875 0.06296296296296296
4 0.6278645833333333 0.08055555555555556 0.044270833333333336 0.07592592592592592
1 0.78515625 0.08055555555555556 0.03697916666666667 0.06111111111111111
1 0.5580729166666667 0.8175925925925925 0.03802083333333333 0.06851851851851852
6 0.8403645833333333 0.8333333333333334 0.030729166666666665 0.06296296296296296
1 0.7533854166666667 0.08611111111111111 0.03697916666666667 0.06481481481481481
4 0.67421875 0.08703703703703704 0.0453125 0.07777777777777778
0 0.49713541666666666 0.8731481481481481 0.04114583333333333 0.07222222222222222