4 0.23828125 0.9342592592592592 0.0484375 0.07222222222222222
4 0.41171875 0.937037037037037 0.0390625 0.07777777777777778
7 0.30104166666666665 0.9560185185185185 0.053125 0.08611111111111111
6 0.3723958333333333 0.9662037037037037 0.04583333333333333 0.06574074074074074
4 0.26848958333333334 0.1259259259259259 0.058854166666666666 0.0962962962962963
2 0.19296875 0.13148148148148148 0.0390625 0.07037037037037037
2 0.22057291666666667 0.1712962962962963 0.03802083333333333 0.06111111111111111
6 0.34088541666666666 0.17685185185185184 0.05364583333333333 0.08703703703703704
4 0.18567708333333333 0.18611111111111112 0.0265625 0.053703703703703705
7 0.6752604166666667 0.2222222222222222 0.04114583333333333 0.07407407407407407
7 0.19401041666666666 0.22962962962962963 0.04114583333333333 0.07407407407407407
7 0.24192708333333332 0.23425925925925925 0.049479166666666664 0.07592592592592592
4 0.2986979166666667 0.26944444444444443 0.04635416666666667 0.07592592592592592
0 0.21588541666666666 0.27870370370370373 0.0390625 0.06851851851851852
0 0.6471354166666666 0.2953703703703704 0.04114583333333333 0.07222222222222222
7 0.27005208333333336 0.3037037037037037 0.044270833333333336 0.07407407407407407
2 0.22942708333333334 0.33055555555555555 0.03697916666666667 0.07222222222222222
4 0.7341145833333333 0.3453703703703704 0.044270833333333336 0.07592592592592592
0 0.3966145833333333 0.03611111111111111 0.03802083333333333 0.06481481481481481
6 0.48411458333333335 0.3685185185185185 0.06302083333333333 0.10740740740740741
4 0.2955729166666667 0.03796296296296296 0.044270833333333336 0.07592592592592592
0 0.71328125 0.39166666666666666 0.0421875 0.06111111111111111
7 0.5294270833333333 0.4148148148148148 0.04114583333333333 0.06296296296296296
1 0.4388020833333333 0.41574074074074074 0.0390625 0.06111111111111111
2 0.20390625 0.4222222222222222 0.06927083333333334 0.1111111111111111
6 0.8033854166666666 0.44722222222222224 0.059895833333333336 0.10555555555555556
0 0.6216145833333333 0.44907407407407407 0.03802083333333333 0.07592592592592592
0 0.7455729166666667 0.4537037037037037 0.06197916666666667 0.1
7 0.6940104166666666 0.475 0.0515625 0.09074074074074075
2 0.42682291666666666 0.49166666666666664 0.0484375 0.09074074074074075
8 0.22890625 0.5074074074074074 0.050520833333333334 0.09259259259259259
0 0.5216145833333333 0.5157407407407407 0.050520833333333334 0.08703703703703704
4 0.74921875 0.524074074074074 0.028645833333333332 0.040740740740740744
8 0.8330729166666667 0.5296296296296297 0.03802083333333333 0.07037037037037037
7 0.8018229166666667 0.5398148148148149 0.04010416666666667 0.10185185185185185
0 0.7205729166666667 0.5564814814814815 0.050520833333333334 0.09074074074074075
1 0.7658854166666667 0.5694444444444444 0.034895833333333334 0.07222222222222222
4 0.4861979166666667 0.5787037037037037 0.03802083333333333 0.07222222222222222
5 0.5716145833333334 0.587037037037037 0.0609375 0.1111111111111111
0 0.20338541666666668 0.5916666666666667 0.0640625 0.11296296296296296
2 0.5200520833333333 0.5962962962962963 0.044270833333333336 0.07407407407407407
1 0.63203125 0.6027777777777777 0.04010416666666667 0.06481481481481481
1 0.7981770833333334 0.6046296296296296 0.04114583333333333 0.07222222222222222
7 0.7372395833333333 0.6268518518518519 0.04010416666666667 0.06481481481481481
4 0.8309895833333333 0.6277777777777778 0.0484375 0.0962962962962963
2 0.5158854166666667 0.6620370370370371 0.03697916666666667 0.07222222222222222
8 0.7924479166666667 0.6648148148148149 0.044270833333333336 0.07037037037037037
5 0.2643229166666667 0.6712962962962963 0.04635416666666667 0.07592592592592592
1 0.18671875 0.6722222222222223 0.034895833333333334 0.06666666666666667
7 0.5559895833333334 0.6759259259259259 0.04010416666666667 0.06666666666666667
4 0.7591145833333334 0.6796296296296296 0.044270833333333336 0.07037037037037037
4 0.21380208333333334 0.6824074074074075 0.04114583333333333 0.07592592592592592
4 0.7033854166666667 0.7175925925925926 0.0390625 0.06481481481481481
8 0.78515625 0.7324074074074074 0.05677083333333333 0.09444444444444444
4 0.65390625 0.7444444444444445 0.0421875 0.07037037037037037
4 0.22942708333333334 0.7444444444444445 0.050520833333333334 0.0962962962962963
8 0.28515625 0.7462962962962963 0.04635416666666667 0.07777777777777778
0 0.6065104166666667 0.7685185185185185 0.0390625 0.07407407407407407
7 0.71171875 0.7870370370370371 0.04739583333333333 0.08148148148148149
6 0.8283854166666667 0.7925925925925926 0.06197916666666667 0.1111111111111111
0 0.19505208333333332 0.7962962962962963 0.0515625 0.08148148148148149
1 0.7502604166666667 0.8148148148148148 0.04739583333333333 0.0962962962962963
2 0.46328125 0.8333333333333334 0.04010416666666667 0.06296296296296296
2 0.78984375 0.8388888888888889 0.043229166666666666 0.06666666666666667
2 0.6580729166666667 0.8694444444444445 0.04010416666666667 0.07592592592592592
8 0.23411458333333332 0.8703703703703703 0.04010416666666667 0.07037037037037037
2 0.18828125 0.8777777777777778 0.0421875 0.07777777777777778
4 0.29192708333333334 0.8907407407407407 0.043229166666666666 0.07777777777777778
8 0.5783854166666667 0.899074074074074 0.04114583333333333 0.07222222222222222
4 0.48203125 0.9212962962962963 0.050520833333333334 0.09444444444444444
4 0.34348958333333335 0.924074074074074 0.04010416666666667 0.07407407407407407