7 0.62265625 0.9333333333333333 0.04010416666666667 0.07777777777777778
2 0.4140625 0.9449074074074074 0.07708333333333334 0.10833333333333334
4 0.22473958333333333 0.9462962962962963 0.044270833333333336 0.08148148148148149
4 0.6565104166666667 0.9574074074074074 0.04635416666666667 0.07777777777777778
5 0.35520833333333335 0.9634259259259259 0.065625 0.0712962962962963
4 0.6072916666666667 0.9773148148148149 0.046875 0.04351851851851852
7 0.6861979166666666 0.17407407407407408 0.05677083333333333 0.1037037037037037
0 0.43359375 0.19074074074074074 0.06822916666666666 0.11851851851851852
7 0.64609375 0.2064814814814815 0.043229166666666666 0.07962962962962963
2 0.7309895833333333 0.26481481481481484 0.033854166666666664 0.07777777777777778
1 0.5893229166666667 0.2712962962962963 0.050520833333333334 0.09444444444444444
2 0.47890625 0.27314814814814814 0.034895833333333334 0.05
4 0.5486979166666667 0.2740740740740741 0.033854166666666664 0.06666666666666667
5 0.68828125 0.2861111111111111 0.05260416666666667 0.08703703703703704
2 0.63671875 0.29444444444444445 0.04739583333333333 0.09259259259259259
4 0.5388020833333333 0.02962962962962963 0.05677083333333333 0.05925925925925926
6 0.43671875 0.2972222222222222 0.06614583333333333 0.12407407407407407
2 0.3106770833333333 0.3111111111111111 0.0390625 0.08148148148148149
2 0.7080729166666667 0.3472222222222222 0.03697916666666667 0.06111111111111111
1 0.33151041666666664 0.36203703703703705 0.03802083333333333 0.07222222222222222
0 0.66953125 0.36944444444444446 0.0546875 0.08703703703703704
2 0.7200520833333334 0.4212962962962963 0.0453125 0.06851851851851852
8 0.28151041666666665 0.42777777777777776 0.05364583333333333 0.08888888888888889
4 0.31796875 0.43703703703703706 0.0421875 0.05555555555555555
1 0.75234375 0.4537037037037037 0.04010416666666667 0.07037037037037037
4 0.40703125 0.462037037037037 0.04010416666666667 0.08333333333333333
0 0.3690104166666667 0.4759259259259259 0.043229166666666666 0.06666666666666667
2 0.7153645833333333 0.4777777777777778 0.04010416666666667 0.06666666666666667
8 0.6763020833333333 0.4787037037037037 0.043229166666666666 0.07592592592592592
4 0.27057291666666666 0.5 0.0453125 0.07407407407407407
8 0.76953125 0.525 0.059895833333333336 0.08703703703703704
0 0.6627604166666666 0.5509259259259259 0.0640625 0.09814814814814815
0 0.29661458333333335 0.5638888888888889 0.05260416666666667 0.08703703703703704
7 0.7158854166666667 0.5648148148148148 0.04739583333333333 0.1
5 0.78671875 0.5888888888888889 0.04635416666666667 0.08148148148148149
0 0.38567708333333334 0.5981481481481481 0.050520833333333334 0.06666666666666667
2 0.55546875 0.6157407407407407 0.04114583333333333 0.07592592592592592
2 0.32890625 0.637962962962963 0.050520833333333334 0.07962962962962963
8 0.5950520833333334 0.6712962962962963 0.0609375 0.09814814814814815
0 0.22005208333333334 0.6861111111111111 0.0578125 0.09814814814814815
0 0.39036458333333335 0.6916666666666667 0.06822916666666666 0.10925925925925926
0 0.2591145833333333 0.7574074074074074 0.06614583333333333 0.11481481481481481
2 0.6528645833333333 0.8546296296296296 0.0484375 0.10555555555555556
2 0.26015625 0.8657407407407407 0.0421875 0.08333333333333333
7 0.37838541666666664 0.8731481481481481 0.043229166666666666 0.07592592592592592
2 0.46328125 0.875 0.03802083333333333 0.07222222222222222
7 0.22369791666666666 0.8842592592592593 0.04635416666666667 0.06851851851851852
7 0.30859375 0.9009259259259259 0.049479166666666664 0.06851851851851852