0 0.18333333333333332 0.9333333333333333 0.04583333333333333 0.08333333333333333
8 0.3890625 0.9523148148148148 0.05625 0.08611111111111111
8 0.83828125 0.9523148148148148 0.06614583333333333 0.09351851851851851
6 0.27057291666666666 0.9569444444444445 0.0796875 0.08425925925925926
0 0.6309895833333333 0.9578703703703704 0.0453125 0.0824074074074074
7 0.7973958333333333 0.9671296296296297 0.052083333333333336 0.06388888888888888
6 0.76171875 0.17824074074074073 0.09322916666666667 0.16203703703703703
4 0.6171875 0.2013888888888889 0.05 0.0787037037037037
1 0.37786458333333334 0.20601851851851852 0.0578125 0.08796296296296297
5 0.5434895833333333 0.21203703703703702 0.06302083333333333 0.1037037037037037
8 0.7911458333333333 0.022222222222222223 0.05 0.044444444444444446
5 0.3177083333333333 0.24444444444444444 0.06458333333333334 0.09444444444444444
6 0.49166666666666664 0.26990740740740743 0.04791666666666667 0.08981481481481482
0 0.7091145833333333 0.27870370370370373 0.05260416666666667 0.06666666666666667
2 0.3216145833333333 0.3106481481481482 0.04635416666666667 0.06944444444444445
0 0.43697916666666664 0.3106481481481482 0.06875 0.10648148148148148
5 0.36171875 0.34305555555555556 0.06927083333333334 0.125
4 0.7151041666666667 0.34629629629629627 0.04895833333333333 0.06296296296296296
1 0.48125 0.350462962962963 0.051041666666666666 0.07685185185185185
2 0.74921875 0.3527777777777778 0.04635416666666667 0.07222222222222222
0 0.5994791666666667 0.36666666666666664 0.07604166666666666 0.12222222222222222
0 0.31354166666666666 0.3763888888888889 0.058333333333333334 0.09907407407407408
4 0.4546875 0.38287037037037036 0.05520833333333333 0.06759259259259259
6 0.41432291666666665 0.39861111111111114 0.04635416666666667 0.08796296296296297
2 0.7294270833333333 0.4027777777777778 0.04114583333333333 0.06481481481481481
8 0.8153645833333333 0.4287037037037037 0.0421875 0.07407407407407407
8 0.76640625 0.43194444444444446 0.0515625 0.08055555555555556
7 0.6393229166666666 0.44537037037037036 0.04739583333333333 0.08148148148148149
1 0.42994791666666665 0.4476851851851852 0.0421875 0.07685185185185185
4 0.78828125 0.45185185185185184 0.03177083333333333 0.05555555555555555
2 0.7296875 0.475 0.042708333333333334 0.07407407407407407
6 0.70859375 0.48055555555555557 0.04114583333333333 0.07592592592592592
4 0.8315104166666667 0.4824074074074074 0.04114583333333333 0.08148148148148149
4 0.7921875 0.49444444444444446 0.04375 0.08148148148148149
2 0.3380208333333333 0.5069444444444444 0.058333333333333334 0.09722222222222222
7 0.7580729166666667 0.5231481481481481 0.05260416666666667 0.09259259259259259
2 0.71796875 0.5444444444444444 0.04635416666666667 0.06481481481481481
0 0.6002604166666666 0.5462962962962963 0.0515625 0.08333333333333333
0 0.68046875 0.55 0.0421875 0.07222222222222222
0 0.49895833333333334 0.5671296296296297 0.03854166666666667 0.08796296296296297
4 0.21197916666666666 0.5810185185185185 0.071875 0.10648148148148148
8 0.7846354166666667 0.5921296296296297 0.06822916666666666 0.09537037037037037
0 0.83125 0.6074074074074074 0.059375 0.11851851851851852
1 0.390625 0.6356481481481482 0.03854166666666667 0.0712962962962963
0 0.2953125 0.6439814814814815 0.06354166666666666 0.10648148148148148
2 0.42161458333333335 0.6671296296296296 0.043229166666666666 0.0787037037037037
7 0.52109375 0.6837962962962963 0.0421875 0.08611111111111111
4 0.8333385416666667 0.6902777777777778 0.06041666666666667 0.08333333333333333
1 0.28619791666666666 0.7208333333333333 0.04010416666666667 0.0712962962962963
1 0.59921875 0.7212962962962963 0.05677083333333333 0.11296296296296296
2 0.2015625 0.7231481481481481 0.042708333333333334 0.07592592592592592
0 0.47604166666666664 0.7291666666666666 0.06145833333333333 0.09722222222222222
7 0.7981770833333334 0.7300925925925926 0.0515625 0.09907407407407408
8 0.765625 0.7393518518518518 0.03854166666666667 0.08055555555555556
8 0.8385416666666666 0.7481481481481481 0.04375 0.07407407407407407
0 0.4078125 0.7550925925925925 0.04375 0.0787037037037037
0 0.2328125 0.7731481481481481 0.06354166666666666 0.10185185185185185
4 0.37265625 0.7777777777777778 0.04114583333333333 0.07407407407407407
2 0.72265625 0.7805555555555556 0.0671875 0.1388888888888889
0 0.18619791666666666 0.7916666666666666 0.04635416666666667 0.06481481481481481
8 0.6424479166666667 0.7925925925925926 0.04739583333333333 0.08518518518518518
7 0.7908854166666667 0.8 0.04635416666666667 0.09074074074074075
0 0.44036458333333334 0.8032407407407407 0.03697916666666667 0.06944444444444445
6 0.8341145833333333 0.8162037037037037 0.06197916666666667 0.11388888888888889
8 0.6747395833333333 0.8388888888888889 0.04635416666666667 0.08518518518518518
8 0.40234375 0.8550925925925926 0.06302083333333333 0.10462962962962963
6 0.18567708333333333 0.8564814814814815 0.0453125 0.08333333333333333
4 0.7677083333333333 0.8569444444444444 0.04479166666666667 0.06944444444444445
6 0.33958333333333335 0.8592592592592593 0.058333333333333334 0.10185185185185185
0 0.23802083333333332 0.8597222222222223 0.05625 0.09537037037037037
4 0.6354166666666666 0.8763888888888889 0.065625 0.10462962962962963
7 0.5354166666666667 0.8912037037037037 0.04375 0.08796296296296297
2 0.7205729166666667 0.8916666666666667 0.04114583333333333 0.07407407407407407
7 0.8442708333333333 0.8935185185185185 0.03854166666666667 0.09259259259259259
4 0.7856770833333333 0.9078703703703703 0.0421875 0.0787037037037037
4 0.47161458333333334 0.924537037037037 0.0515625 0.09907407407407408