4 0.40182291666666664 0.1388888888888889 0.0515625 0.0962962962962963
8 0.3216145833333333 0.15462962962962962 0.03802083333333333 0.06851851851851852
1 0.36041666666666666 0.20277777777777778 0.04479166666666667 0.09074074074074075
4 0.78359375 0.2763888888888889 0.0421875 0.07685185185185185
4 0.35520833333333335 0.3106481481481482 0.03958333333333333 0.075
4 0.40286458333333336 0.3597222222222222 0.04114583333333333 0.06759259259259259
4 0.19296875 0.41203703703703703 0.027604166666666666 0.06481481481481481
8 0.47239583333333335 0.4152777777777778 0.03958333333333333 0.075
4 0.27838541666666666 0.45416666666666666 0.0421875 0.075
0 0.4953125 0.4791666666666667 0.035416666666666666 0.07314814814814814
2 0.40911458333333334 0.5967592592592592 0.04114583333333333 0.06759259259259259
0 0.2390625 0.6319444444444444 0.04479166666666667 0.06574074074074074
2 0.203125 0.6587962962962963 0.030208333333333334 0.05462962962962963
4 0.2625 0.6962962962962963 0.04375 0.07222222222222222
0 0.4630208333333333 0.075 0.03854166666666667 0.07037037037037037
8 0.25286458333333334 0.7796296296296297 0.043229166666666666 0.07407407407407407
0 0.4044270833333333 0.8092592592592592 0.03697916666666667 0.07222222222222222
4 0.36796875 0.8203703703703704 0.0359375 0.07037037037037037
8 0.4817708333333333 0.8712962962962963 0.051041666666666666 0.08888888888888889