4 0.729602510460251 0.13899253731343283 0.04288702928870293 0.07276119402985075
0 0.7625523012552301 0.1884328358208955 0.04811715481171548 0.10074626865671642
0 0.3352510460251046 0.29244402985074625 0.038702928870292884 0.06809701492537314
6 0.6749476987447699 0.03544776119402985 0.03713389121338912 0.0708955223880597
2 0.5606694560669456 0.3670708955223881 0.0397489539748954 0.07742537313432836
4 0.50418410041841 0.4449626865671642 0.038702928870292884 0.08208955223880597
4 0.20632845188284518 0.458955223880597 0.047594142259414225 0.06902985074626866
0 0.5734832635983264 0.4743470149253731 0.03713389121338912 0.06623134328358209
8 0.3088389121338912 0.47901119402985076 0.04131799163179916 0.06623134328358209
1 0.6012029288702929 0.5111940298507462 0.03608786610878661 0.06716417910447761
6 0.5389644351464435 0.5569029850746269 0.04131799163179916 0.07276119402985075
4 0.6608263598326359 0.6273320895522388 0.05177824267782427 0.09421641791044776
5 0.4905857740585774 0.7364738805970149 0.049163179916317995 0.08861940298507463
1 0.5431485355648535 0.9281716417910447 0.04131799163179916 0.07276119402985075