0 0.7067708333333333 0.29768518518518516 0.041666666666666664 0.0712962962962963
2 0.3971354166666667 0.3143518518518518 0.0421875 0.075
4 0.74453125 0.4375 0.04739583333333333 0.07685185185185185
2 0.50546875 0.4740740740740741 0.04010416666666667 0.07222222222222222
1 0.48098958333333336 0.5259259259259259 0.0390625 0.06481481481481481
2 0.5244791666666667 0.5615740740740741 0.03958333333333333 0.0712962962962963
0 0.6419270833333334 0.5638888888888889 0.0546875 0.08518518518518518
4 0.44296875 0.587037037037037 0.050520833333333334 0.09074074074074075
7 0.7247395833333333 0.5925925925925926 0.05572916666666667 0.10555555555555556
0 0.56015625 0.6152777777777778 0.034895833333333334 0.06574074074074074
1 0.5044270833333333 0.625 0.0421875 0.06666666666666667
6 0.5984375 0.6328703703703704 0.03333333333333333 0.05648148148148148
2 0.41822916666666665 0.6666666666666666 0.04375 0.07592592592592592
2 0.57890625 0.6726851851851852 0.030729166666666665 0.062037037037037036
4 0.51484375 0.675 0.033854166666666664 0.05185185185185185
6 0.7408854166666666 0.7194444444444444 0.06510416666666667 0.11481481481481481
7 0.5361979166666667 0.7425925925925926 0.04114583333333333 0.07592592592592592
2 0.6153645833333333 0.8050925925925926 0.04114583333333333 0.0712962962962963
4 0.7658854166666667 0.8055555555555556 0.044270833333333336 0.07592592592592592