4 0.43359375 0.15416666666666667 0.04739583333333333 0.07314814814814814
4 0.7505208333333333 0.21388888888888888 0.059375 0.1
4 0.21536458333333333 0.24259259259259258 0.05364583333333333 0.10185185185185185
4 0.4890625 0.24953703703703703 0.06041666666666667 0.11574074074074074
2 0.4375 0.2518518518518518 0.035416666666666666 0.07407407407407407
0 0.55 0.25462962962962965 0.03854166666666667 0.07407407407407407
7 0.509375 0.3199074074074074 0.030208333333333334 0.05092592592592592
8 0.5026041666666666 0.3726851851851852 0.04479166666666667 0.075
4 0.5635416666666667 0.43472222222222223 0.04479166666666667 0.07685185185185185
8 0.53203125 0.5050925925925925 0.0359375 0.06574074074074074
2 0.8088541666666667 0.5259259259259259 0.04375 0.07037037037037037
0 0.3519114583333333 0.5402777777777777 0.03333333333333333 0.06574074074074074
4 0.38958333333333334 0.562037037037037 0.036458333333333336 0.08148148148148149
4 0.29348958333333336 0.59475 0.043229166666666666 0.06851851851851852
2 0.19296875 0.600462962962963 0.04114583333333333 0.06759259259259259
0 0.58359375 0.6212962962962963 0.0453125 0.07037037037037037
4 0.54453125 0.6347222222222222 0.0453125 0.08425925925925926
4 0.6575520833333334 0.6597222222222222 0.03697916666666667 0.06574074074074074
4 0.63046875 0.6962962962962963 0.0359375 0.06481481481481481
4 0.18385416666666668 0.6962962962962963 0.03333333333333333 0.053703703703703705