1 0.2716145833333333 0.22962962962962963 0.04635416666666667 0.07962962962962963
0 0.5125 0.2574074074074074 0.053125 0.09814814814814815
2 0.24661458333333333 0.2810185185185185 0.044270833333333336 0.0787037037037037
4 0.7799479166666666 0.03009259259259259 0.0484375 0.06018518518518518
8 0.20286458333333332 0.32731481481481484 0.044270833333333336 0.0824074074074074
0 0.4122395833333333 0.5537037037037037 0.04635416666666667 0.06851851851851852
4 0.45234375 0.5907407407407408 0.04739583333333333 0.09074074074074075
8 0.4049479166666667 0.06157407407407407 0.0421875 0.07685185185185185
2 0.4002604166666667 0.6537037037037037 0.049479166666666664 0.09074074074074075
7 0.521875 0.6625 0.028125 0.06018518518518518
7 0.49505208333333334 0.6666666666666666 0.03177083333333333 0.06296296296296296
4 0.44192708333333336 0.6717592592592593 0.0390625 0.0712962962962963
2 0.4153645833333333 0.7399722222222221 0.06927083333333334 0.11018518518518519