7 0.2791666666666667 0.3055555555555556 0.053125 0.09814814814814815
6 0.7197916666666667 0.4041666666666667 0.065625 0.11018518518518519
0 0.6682291666666667 0.45231481481481484 0.04375 0.07314814814814814
4 0.30234375 0.4675925925925926 0.04114583333333333 0.06666666666666667
4 0.5783854166666667 0.5398148148148149 0.03697916666666667 0.07037037037037037
0 0.37578125 0.5708333333333333 0.05260416666666667 0.08796296296296297
7 0.41510416666666666 0.5995370370370371 0.03958333333333333 0.06018518518518518
2 0.69296875 0.6759259259259259 0.03697916666666667 0.06481481481481481
0 0.196875 0.6962962962962963 0.046875 0.07962962962962963
6 0.7294270833333333 0.7314814814814815 0.0515625 0.09444444444444444
8 0.3046875 0.8115740740740741 0.04791666666666667 0.08796296296296297
4 0.4583333333333333 0.8138888888888889 0.040625 0.07037037037037037