7 0.5481770833333334 0.9537037037037037 0.06614583333333333 0.08518518518518518
1 0.7684895833333333 0.19722222222222222 0.06197916666666667 0.10555555555555556
0 0.41796875 0.35462962962962963 0.044270833333333336 0.07962962962962963
6 0.3919270833333333 0.4842592592592593 0.0734375 0.10555555555555556
8 0.5533854166666666 0.48703703703703705 0.05260416666666667 0.08518518518518518
6 0.23255208333333333 0.5231481481481481 0.06510416666666667 0.10185185185185185
7 0.26692187500000003 0.6083333333333333 0.044270833333333336 0.07592592592592592
6 0.47213541666666664 0.6759259259259259 0.0671875 0.1
4 0.39036458333333335 0.6759259259259259 0.049479166666666664 0.08888888888888889
1 0.27734375 0.6888888888888889 0.0546875 0.0962962962962963
4 0.33567708333333335 0.7407407407407407 0.0484375 0.08148148148148149
4 0.6549479166666666 0.7685185185185185 0.0765625 0.11851851851851852
4 0.3059895833333333 0.8027777777777778 0.0546875 0.07962962962962963
6 0.63515625 0.8462962962962963 0.04635416666666667 0.07777777777777778
7 0.5700520833333333 0.8907407407407407 0.058854166666666666 0.08518518518518518
4 0.33880208333333334 0.9231481481481482 0.059895833333333336 0.09444444444444444