7 0.44296875 0.36944444444444446 0.0328125 0.06851851851851852
4 0.5283854166666667 0.44537037037037036 0.043229166666666666 0.08333333333333333
7 0.47734375 0.4583333333333333 0.049479166666666664 0.09074074074074075
6 0.59765625 0.48333333333333334 0.0609375 0.11481481481481481
0 0.46067708333333335 0.5194444444444445 0.04114583333333333 0.06481481481481481
4 0.7684895833333333 0.5555555555555556 0.044270833333333336 0.07407407407407407
2 0.4747395833333333 0.5833333333333334 0.04010416666666667 0.06666666666666667
4 0.6315104166666666 0.600925925925926 0.043229166666666666 0.07962962962962963
0 0.5236979166666667 0.6129629629629629 0.04010416666666667 0.06296296296296296
7 0.49609375 0.6453703703703704 0.028645833333333332 0.053703703703703705
2 0.47578125 0.75 0.0546875 0.1