4 0.6296875 0.9513888888888888 0.05625 0.09537037037037037
2 0.17421875 0.1111111111111111 0.04010416666666667 0.07037037037037037
4 0.27630208333333334 0.12222222222222222 0.04635416666666667 0.07037037037037037
7 0.3736979166666667 0.15 0.03697916666666667 0.07037037037037037
1 0.24609375 0.15092592592592594 0.0359375 0.06111111111111111
2 0.30807291666666664 0.1574074074074074 0.034895833333333334 0.06666666666666667
2 0.6575520833333334 0.1574074074074074 0.0484375 0.08888888888888889
4 0.20807291666666666 0.16111111111111112 0.0515625 0.09259259259259259
4 0.17369791666666667 0.18518518518518517 0.0453125 0.06296296296296296
4 0.6231770833333333 0.19814814814814816 0.025520833333333333 0.04814814814814815
0 0.5721354166666667 0.20462962962962963 0.06302083333333333 0.10185185185185185
0 0.27057291666666666 0.2064814814814815 0.049479166666666664 0.09074074074074075
6 0.30807291666666664 0.22037037037037038 0.03697916666666667 0.07037037037037037
4 0.66015625 0.22592592592592592 0.04739583333333333 0.08148148148148149
0 0.37161458333333336 0.23333333333333334 0.05364583333333333 0.08518518518518518
4 0.16848958333333333 0.24537037037037038 0.04114583333333333 0.07222222222222222
6 0.4440104166666667 0.24814814814814815 0.0359375 0.06296296296296296
8 0.61171875 0.25092592592592594 0.0359375 0.06111111111111111
2 0.21588541666666666 0.2537037037037037 0.0359375 0.06296296296296296
8 0.47942708333333334 0.25555555555555554 0.0421875 0.07037037037037037
8 0.35234375 0.026851851851851852 0.04114583333333333 0.053703703703703705
0 0.26119791666666664 0.2796296296296296 0.044270833333333336 0.06666666666666667
7 0.5716145833333334 0.28703703703703703 0.0390625 0.07407407407407407
4 0.660671875 0.287962962962963 0.04010416666666667 0.06851851851851852
1 0.29244791666666664 0.3138888888888889 0.03697916666666667 0.07592592592592592
5 0.40130208333333334 0.325 0.03802083333333333 0.06111111111111111
0 0.17005208333333333 0.32592592592592595 0.0421875 0.07777777777777778
7 0.20963541666666666 0.3314814814814815 0.05260416666666667 0.08888888888888889
2 0.36328125 0.3611111111111111 0.0390625 0.08148148148148149
2 0.80859375 0.38055555555555554 0.04010416666666667 0.06111111111111111
2 0.41380208333333335 0.38796296296296295 0.03802083333333333 0.06481481481481481
0 0.70078125 0.39444444444444443 0.0515625 0.08888888888888889
0 0.18098958333333334 0.412962962962963 0.0640625 0.10740740740740741
1 0.73984375 0.4888888888888889 0.0359375 0.06296296296296296
5 0.21223958333333334 0.5009259259259259 0.05572916666666667 0.08333333333333333
0 0.70390625 0.5101851851851852 0.0453125 0.06481481481481481
2 0.7653645833333333 0.5296296296296297 0.0328125 0.05555555555555555
6 0.5411458333333333 0.05462962962962963 0.059375 0.10925925925925926
8 0.17578125 0.5472222222222223 0.05364583333333333 0.09444444444444444
4 0.6143229166666667 0.05740740740740741 0.043229166666666666 0.07037037037037037
7 0.26796875 0.5851851851851851 0.05677083333333333 0.08888888888888889
5 0.28411458333333334 0.05925925925925926 0.04739583333333333 0.07407407407407407
5 0.74453125 0.6018518518518519 0.06822916666666666 0.10740740740740741
2 0.6611979166666667 0.6240740740740741 0.05364583333333333 0.09259259259259259
6 0.5815104166666667 0.6287037037037037 0.044270833333333336 0.07592592592592592
2 0.8028645833333333 0.6944444444444444 0.05364583333333333 0.0962962962962963
6 0.7481770833333333 0.6962962962962963 0.05260416666666667 0.09259259259259259
7 0.44505208333333335 0.075 0.03802083333333333 0.07962962962962963
2 0.18411458333333333 0.799074074074074 0.0390625 0.06851851851851852
0 0.81171875 0.8 0.0421875 0.06296296296296296
4 0.37213541666666666 0.08055555555555556 0.044270833333333336 0.07592592592592592
1 0.21484375 0.08055555555555556 0.03697916666666667 0.06111111111111111
1 0.44192708333333336 0.8175925925925925 0.03802083333333333 0.06851851851851852
6 0.15963541666666667 0.8333333333333334 0.030729166666666665 0.06296296296296296
1 0.24661458333333333 0.08611111111111111 0.03697916666666667 0.06481481481481481
4 0.32578125 0.08703703703703704 0.0453125 0.07777777777777778
0 0.5028645833333333 0.8731481481481481 0.04114583333333333 0.07222222222222222