1 0.78671875 0.1837962962962963 0.0484375 0.06944444444444445
4 0.7897552083333333 0.2634166666666667 0.041666666666666664 0.08055555555555556
4 0.7432291666666667 0.2796296296296296 0.052083333333333336 0.10555555555555556
7 0.19453125 0.32083333333333336 0.04739583333333333 0.07685185185185185
4 0.6231770833333333 0.42777777777777776 0.0421875 0.07592592592592592
8 0.4078125 0.4388888888888889 0.04791666666666667 0.07592592592592592
0 0.46536458333333336 0.4615740740740741 0.04114583333333333 0.06944444444444445
4 0.4211822916666667 0.4979907407407408 0.040625 0.06574074074074074
4 0.7299479166666667 0.5032407407407408 0.04114583333333333 0.075
4 0.4571145833333334 0.5205185185185185 0.03958333333333333 0.06759259259259259
8 0.33645833333333336 0.5263888888888889 0.036458333333333336 0.07314814814814814
8 0.3963541666666667 0.5370370370370371 0.03333333333333333 0.06111111111111111
2 0.6959166666666666 0.5598796296296296 0.0578125 0.08703703703703704
0 0.40989583333333335 0.6430555555555556 0.04375 0.07685185185185185
2 0.5859375 0.6580277777777778 0.041666666666666664 0.07962962962962963
7 0.7109375 0.6907407407407408 0.041666666666666664 0.07962962962962963
2 0.46119791666666665 0.7509259259259259 0.04114583333333333 0.07777777777777778
4 0.24765625 0.7675925925925926 0.04739583333333333 0.07407407407407407
1 0.7572916666666667 0.8175925925925925 0.04895833333333333 0.07407407407407407
7 0.3171875 0.8333333333333334 0.0375 0.07222222222222222