7 0.41458333333333336 0.1699074074074074 0.04479166666666667 0.0787037037037037
6 0.55078125 0.19212962962962962 0.034895833333333334 0.06388888888888888
1 0.20208333333333334 0.22962962962962963 0.046875 0.07222222222222222
2 0.31927083333333334 0.2662037037037037 0.04583333333333333 0.075
0 0.19583333333333333 0.39814814814814814 0.04895833333333333 0.09814814814814815
0 0.5513020833333333 0.538425925925926 0.04010416666666667 0.06759259259259259
2 0.8018229166666667 0.5953703703703703 0.04114583333333333 0.07777777777777778
0 0.54296875 0.6152777777777778 0.049479166666666664 0.08981481481481482
4 0.8078125 0.7462962962962963 0.04375 0.07962962962962963
0 0.48984375 0.7800925925925926 0.05260416666666667 0.09907407407407408
8 0.5846354166666666 0.875 0.044270833333333336 0.08888888888888889