0 0.83203125 0.9351851851851852 0.03802083333333333 0.07777777777777778
0 0.25494791666666666 0.962037037037037 0.0421875 0.06481481481481481
4 0.7278645833333334 0.12129629629629629 0.0359375 0.07962962962962963
7 0.6924479166666667 0.17407407407407408 0.03802083333333333 0.07407407407407407
4 0.7744791666666667 0.22314814814814815 0.03854166666666667 0.08333333333333333
0 0.6559895833333333 0.2796296296296296 0.06302083333333333 0.11481481481481481
1 0.5471354166666667 0.29074074074074074 0.03697916666666667 0.07407407407407407
4 0.51484375 0.2953703703703704 0.04114583333333333 0.07592592592592592
2 0.7596354166666667 0.3055555555555556 0.05364583333333333 0.08888888888888889
7 0.33932291666666664 0.35555555555555557 0.04010416666666667 0.06296296296296296
2 0.7263020833333333 0.36944444444444446 0.043229166666666666 0.07592592592592592
8 0.67578125 0.3731481481481482 0.050520833333333334 0.08333333333333333
0 0.53828125 0.3768518518518518 0.0359375 0.06851851851851852
4 0.62890625 0.4009259259259259 0.050520833333333334 0.08703703703703704
7 0.5705729166666667 0.4111111111111111 0.05260416666666667 0.08518518518518518
2 0.31744791666666666 0.412962962962963 0.0484375 0.08518518518518518
8 0.80859375 0.42685185185185187 0.04114583333333333 0.06851851851851852
7 0.52421875 0.44722222222222224 0.034895833333333334 0.06851851851851852
1 0.68671875 0.44814814814814813 0.034895833333333334 0.05925925925925926
7 0.35078125 0.45 0.04010416666666667 0.06296296296296296
2 0.20755208333333333 0.45925925925925926 0.04114583333333333 0.07037037037037037
0 0.7200520833333334 0.462037037037037 0.043229166666666666 0.06481481481481481
2 0.6216145833333333 0.4722222222222222 0.03802083333333333 0.06666666666666667
0 0.24921875 0.4777777777777778 0.05364583333333333 0.0962962962962963
4 0.3106770833333333 0.5064814814814815 0.0390625 0.07222222222222222
4 0.46015625 0.5148148148148148 0.03802083333333333 0.06666666666666667
5 0.64296875 0.5185185185185185 0.04114583333333333 0.07777777777777778
0 0.25546875 0.5583333333333333 0.0390625 0.06111111111111111
0 0.52265625 0.562962962962963 0.044270833333333336 0.08518518518518518
5 0.8236979166666667 0.5685185185185185 0.06510416666666667 0.1111111111111111
6 0.5638020833333334 0.5907407407407408 0.028645833333333332 0.05925925925925926
1 0.47734375 0.5935185185185186 0.03697916666666667 0.07222222222222222
2 0.7263020833333333 0.6 0.04114583333333333 0.07407407407407407
0 0.19661458333333334 0.6046296296296296 0.05260416666666667 0.09074074074074075
7 0.4471354166666667 0.6138888888888889 0.0453125 0.09814814814814815
6 0.26171875 0.6370370370370371 0.0515625 0.08888888888888889
8 0.8049479166666667 0.6574074074074074 0.04010416666666667 0.06296296296296296
0 0.57421875 0.6685185185185185 0.0390625 0.07777777777777778
4 0.5044270833333333 0.6787037037037037 0.0390625 0.07222222222222222
2 0.43203125 0.6796296296296296 0.050520833333333334 0.08888888888888889
5 0.19140625 0.6833333333333333 0.0421875 0.06666666666666667
6 0.3424479166666667 0.687962962962963 0.0609375 0.12037037037037036
0 0.5388020833333333 0.712037037037037 0.0453125 0.09074074074074075
0 0.83359375 0.725925925925926 0.04114583333333333 0.07777777777777778
4 0.46536458333333336 0.7342592592592593 0.0484375 0.09444444444444444
4 0.61953125 0.7361111111111112 0.05260416666666667 0.10185185185185185
2 0.4044270833333333 0.7388888888888889 0.04114583333333333 0.07407407407407407
4 0.5752604166666667 0.7453703703703703 0.03697916666666667 0.07222222222222222
0 0.18984375 0.7481481481481481 0.0453125 0.06666666666666667
1 0.51796875 0.8027777777777778 0.049479166666666664 0.09444444444444444
0 0.42630208333333336 0.8074074074074075 0.0578125 0.1111111111111111
2 0.19088541666666667 0.8092592592592592 0.049479166666666664 0.07037037037037037
8 0.28046875 0.8861111111111111 0.04114583333333333 0.07962962962962963
7 0.35963541666666665 0.8870370370370371 0.043229166666666666 0.06666666666666667
2 0.3221354166666667 0.9120370370370371 0.0515625 0.10925925925925926
8 0.4622395833333333 0.9148148148148149 0.0421875 0.07037037037037037