8 0.63984375 0.9365740740740741 0.03802083333333333 0.06759259259259259
8 0.36666666666666664 0.287962962962963 0.053125 0.08888888888888889
6 0.5294270833333333 0.35185185185185186 0.0609375 0.10925925925925926
1 0.3494791666666667 0.3705277777777778 0.03958333333333333 0.06759259259259259
2 0.33098958333333334 0.4356481481481482 0.043229166666666666 0.06944444444444445
1 0.5153645833333333 0.45046296296296295 0.03697916666666667 0.062037037037037036
7 0.3346354166666667 0.5763888888888888 0.04635416666666667 0.08055555555555556
2 0.21536458333333333 0.5819444444444445 0.04114583333333333 0.08055555555555556
6 0.36397916666666663 0.6530833333333333 0.028645833333333332 0.07222222222222222
4 0.4005208333333333 0.6907407407407408 0.05416666666666667 0.09074074074074075
7 0.6955729166666667 0.6967592592592593 0.04739583333333333 0.07314814814814814
4 0.6434895833333333 0.7388888888888889 0.043229166666666666 0.08333333333333333
0 0.72734375 0.8046296296296296 0.0421875 0.07037037037037037