0 0.6658854166666667 0.9657407407407408 0.04114583333333333 0.06666666666666667
0 0.47239583333333335 0.9800925925925926 0.04583333333333333 0.03796296296296296
5 0.7338541666666667 0.2037037037037037 0.05416666666666667 0.10185185185185185
6 0.28393750000000006 0.25 0.0421875 0.07962962962962963
0 0.23671875 0.26990740740740743 0.0609375 0.10462962962962963
2 0.5916666666666667 0.31157407407407406 0.059375 0.10462962962962963
5 0.5278645833333333 0.33687962962962964 0.04114583333333333 0.075
7 0.24965104166666663 0.36018518518518516 0.05 0.09074074074074075
7 0.40260416666666665 0.3675925925925926 0.042708333333333334 0.08333333333333333
7 0.35590104166666664 0.37037037037037035 0.053125 0.09259259259259259
2 0.8072916666666666 0.37083333333333335 0.04479166666666667 0.06574074074074074
0 0.5580729166666667 0.39861111111111114 0.0484375 0.08796296296296297
4 0.27786458333333336 0.4046296296296296 0.03697916666666667 0.06296296296296296
7 0.20494791666666667 0.4083333333333333 0.04114583333333333 0.07037037037037037
1 0.31276041666666665 0.4097222222222222 0.03697916666666667 0.06018518518518518
6 0.5106770833333333 0.4162037037037037 0.0578125 0.10462962962962963
7 0.6036458333333333 0.44166666666666665 0.05625 0.08333333333333333
7 0.803125 0.45 0.04375 0.07222222222222222
1 0.4557291666666667 0.45787037037037037 0.0375 0.06759259259259259
7 0.34296875 0.4787037037037037 0.04635416666666667 0.08333333333333333
2 0.69609375 0.48194444444444445 0.04114583333333333 0.06574074074074074
4 0.49366145833333336 0.4898148148148148 0.0359375 0.06296296296296296
4 0.43333333333333335 0.5106481481481482 0.03854166666666667 0.058333333333333334
4 0.7651041666666667 0.5115740740740741 0.04583333333333333 0.06574074074074074
2 0.565625 0.5222222222222223 0.03854166666666667 0.06296296296296296
0 0.7192708333333333 0.525 0.03854166666666667 0.07222222222222222
4 0.35859375 0.5407407407407407 0.0421875 0.06296296296296296
6 0.4763854166666666 0.5418240740740741 0.034375 0.06574074074074074
7 0.6611979166666667 0.5439814814814815 0.0515625 0.09351851851851851
8 0.5151927083333334 0.5479907407407408 0.04739583333333333 0.08611111111111111
8 0.17526041666666667 0.575925925925926 0.04114583333333333 0.06481481481481481
4 0.4407135416666667 0.5763888888888888 0.050520833333333334 0.08796296296296297
0 0.8036458333333333 0.5800925925925926 0.05520833333333333 0.08611111111111111
1 0.5520833333333334 0.5805555555555556 0.034375 0.06296296296296296
5 0.7606770833333333 0.5837962962962963 0.0421875 0.0787037037037037
4 0.27578125 0.5861111111111111 0.04114583333333333 0.07407407407407407
6 0.5268229166666667 0.6032407407407407 0.025520833333333333 0.049074074074074076
0 0.7075520833333333 0.6069444444444444 0.06197916666666667 0.10277777777777777
6 0.49435416666666665 0.625462962962963 0.049479166666666664 0.08425925925925926
5 0.31206770833333336 0.6300925925925925 0.06302083333333333 0.10277777777777777
1 0.5703125 0.6347222222222222 0.035416666666666666 0.06018518518518518
2 0.38567708333333334 0.6351851851851852 0.03177083333333333 0.06111111111111111
2 0.65859375 0.6398148148148148 0.03802083333333333 0.06111111111111111
7 0.35598958333333336 0.6615740740740741 0.03697916666666667 0.06759259259259259
4 0.20833333333333334 0.6902777777777778 0.042708333333333334 0.075
6 0.7950520833333333 0.6930555555555555 0.06197916666666667 0.10462962962962963
4 0.5832447916666667 0.6930555555555555 0.03802083333333333 0.06574074074074074
4 0.30078125 0.7356481481481482 0.0453125 0.07685185185185185
8 0.34921875 0.7518518518518519 0.050520833333333334 0.09074074074074075
2 0.22161458333333334 0.7560185185185185 0.0421875 0.06759259259259259
8 0.3953125 0.7662037037037037 0.03854166666666667 0.075
4 0.7981770833333334 0.7893518518518519 0.0578125 0.08425925925925926
0 0.5205729166666667 0.7893518518518519 0.0484375 0.08796296296296297
4 0.18072916666666666 0.7986111111111112 0.042708333333333334 0.08425925925925926
0 0.3144114583333334 0.7996944444444444 0.03854166666666667 0.07222222222222222
4 0.2877604166666667 0.8013888888888889 0.034895833333333334 0.075
0 0.4348958333333333 0.8425925925925926 0.04791666666666667 0.08333333333333333
0 0.8104166666666667 0.8597222222222223 0.03958333333333333 0.06759259259259259
1 0.5374114583333333 0.874537037037037 0.04739583333333333 0.08611111111111111
2 0.6958333333333333 0.8893518518518518 0.03333333333333333 0.05648148148148148
4 0.39739583333333334 0.8898148148148148 0.053125 0.09814814814814815
0 0.6421875 0.9074074074074074 0.03958333333333333 0.07037037037037037
0 0.46328125 0.9189814814814815 0.0359375 0.06574074074074074
0 0.8114583333333333 0.9212962962962963 0.04479166666666667 0.07037037037037037