2 0.2046875 0.13703703703703704 0.05520833333333333 0.09814814814814815
2 0.5596354166666667 0.15539814814814815 0.0640625 0.11018518518518519
2 0.4786458333333333 0.16805555555555557 0.03854166666666667 0.07314814814814814
0 0.68515625 0.17037037037037037 0.0421875 0.07777777777777778
0 0.29140625 0.21574074074074073 0.04010416666666667 0.07407407407407407
0 0.7364583333333333 0.275 0.05416666666666667 0.10185185185185185
7 0.21067708333333332 0.3486111111111111 0.030729166666666665 0.05462962962962963
1 0.5880208333333333 0.37824074074074077 0.03854166666666667 0.075
4 0.6619791666666667 0.4097222222222222 0.05416666666666667 0.09351851851851851
8 0.7891458333333333 0.41512037037037036 0.0421875 0.07407407407407407
4 0.34427083333333336 0.6023148148148149 0.05 0.09722222222222222
7 0.5854166666666667 0.6462962962962963 0.03854166666666667 0.06111111111111111
4 0.7893229166666667 0.6569444444444444 0.04739583333333333 0.06759259259259259
4 0.47369791666666666 0.6919722222222222 0.04114583333333333 0.08148148148148149