7 0.19713541666666667 0.9416666666666667 0.028645833333333332 0.05
4 0.39401041666666664 0.3907407407407407 0.0453125 0.07407407407407407
4 0.5484375 0.41944444444444445 0.03958333333333333 0.06851851851851852
6 0.48151041666666666 0.4722222222222222 0.05364583333333333 0.08888888888888889
4 0.4236979166666667 0.487962962962963 0.03802083333333333 0.07222222222222222
1 0.5544270833333333 0.5083333333333333 0.04114583333333333 0.06851851851851852
4 0.5002604166666667 0.5388888888888889 0.0390625 0.07777777777777778
0 0.4591145833333333 0.5453703703703704 0.04010416666666667 0.06851851851851852
8 0.38255208333333335 0.5703703703703704 0.04114583333333333 0.07037037037037037
8 0.41692708333333334 0.5787037037037037 0.04114583333333333 0.07222222222222222
0 0.5153645833333333 0.6314814814814815 0.0484375 0.08518518518518518
6 0.42213541666666665 0.6944444444444444 0.03697916666666667 0.06666666666666667
8 0.46119791666666665 0.7212962962962963 0.0484375 0.08703703703703704
1 0.5236979166666667 0.725925925925926 0.03802083333333333 0.07407407407407407
4 0.5731770833333333 0.7268518518518519 0.04114583333333333 0.06851851851851852
8 0.37838541666666664 0.7342592592592593 0.0453125 0.08333333333333333
6 0.5997395833333333 0.7666666666666667 0.033854166666666664 0.05925925925925926
8 0.18932291666666667 0.8796296296296297 0.0421875 0.07407407407407407
0 0.5377604166666666 0.9138888888888889 0.04114583333333333 0.07962962962962963