0 0.20130208333333333 0.9259259259259259 0.05260416666666667 0.09259259259259259
4 0.15807291666666667 0.9361111111111111 0.0390625 0.07592592592592592
4 0.7713541666666667 0.9652777777777778 0.04583333333333333 0.06759259259259259
6 0.7041666666666667 0.9782407407407407 0.036458333333333336 0.041666666666666664
2 0.58671875 0.11203703703703703 0.03802083333333333 0.06111111111111111
2 0.8059895833333334 0.11388888888888889 0.043229166666666666 0.06481481481481481
2 0.22473958333333333 0.125 0.043229166666666666 0.07962962962962963
2 0.47734375 0.13148148148148148 0.04010416666666667 0.07037037037037037
4 0.43776041666666665 0.13703703703703704 0.0359375 0.06666666666666667
4 0.6783854166666666 0.1388888888888889 0.0421875 0.07037037037037037
7 0.3763020833333333 0.15648148148148147 0.0359375 0.06851851851851852
8 0.5377604166666666 0.15648148148148147 0.0484375 0.08333333333333333
8 0.6455729166666667 0.17222222222222222 0.03697916666666667 0.06296296296296296
6 0.7450520833333333 0.17407407407407408 0.050520833333333334 0.09259259259259259
5 0.6080729166666666 0.175 0.0515625 0.09444444444444444
4 0.4986979166666667 0.175 0.0390625 0.06481481481481481
7 0.7872395833333333 0.17685185185185184 0.0390625 0.06851851851851852
2 0.20130208333333333 0.1814814814814815 0.05364583333333333 0.07777777777777778
0 0.5705729166666667 0.19444444444444445 0.043229166666666666 0.06296296296296296
0 0.2752604166666667 0.20092592592592592 0.05677083333333333 0.08703703703703704
0 0.46380208333333334 0.20277777777777778 0.0484375 0.08333333333333333
0 0.5268229166666667 0.22962962962962963 0.03697916666666667 0.07037037037037037
0 0.42161458333333335 0.23148148148148148 0.050520833333333334 0.07777777777777778
0 0.7111979166666667 0.2324074074074074 0.03697916666666667 0.07222222222222222
6 0.80546875 0.23333333333333334 0.04635416666666667 0.07407407407407407
2 0.7544270833333333 0.262037037037037 0.05260416666666667 0.08703703703703704
0 0.46380208333333334 0.27037037037037037 0.0359375 0.06296296296296296
0 0.50234375 0.27685185185185185 0.0359375 0.06111111111111111
6 0.5658854166666667 0.2814814814814815 0.0609375 0.1111111111111111
0 0.6872395833333333 0.2962962962962963 0.059895833333333336 0.1
4 0.63828125 0.3101851851851852 0.03697916666666667 0.06481481481481481
2 0.6075520833333333 0.3138888888888889 0.033854166666666664 0.053703703703703705
1 0.7341145833333333 0.31851851851851853 0.0390625 0.07037037037037037
6 0.46484375 0.33240740740740743 0.03802083333333333 0.07222222222222222
0 0.7653645833333333 0.3425925925925926 0.03697916666666667 0.05925925925925926
7 0.20755208333333333 0.34444444444444444 0.0546875 0.08888888888888889
1 0.5424479166666667 0.3453703703703704 0.034895833333333334 0.06111111111111111
7 0.50546875 0.3453703703703704 0.04010416666666667 0.06481481481481481
0 0.8033854166666666 0.3527777777777778 0.0484375 0.08333333333333333
2 0.57890625 0.3712962962962963 0.034895833333333334 0.06851851851851852
6 0.6419270833333334 0.37222222222222223 0.044270833333333336 0.07407407407407407
2 0.6981770833333333 0.3861111111111111 0.04010416666666667 0.07222222222222222
1 0.17005208333333333 0.3888888888888889 0.03802083333333333 0.06666666666666667
6 0.7700520833333333 0.4009259259259259 0.03802083333333333 0.06111111111111111
0 0.48880208333333336 0.4305555555555556 0.05677083333333333 0.10185185185185185
2 0.43307291666666664 0.43148148148148147 0.059895833333333336 0.1037037037037037
7 0.32890625 0.044444444444444446 0.04114583333333333 0.07037037037037037
5 0.79921875 0.044444444444444446 0.0421875 0.07037037037037037
7 0.8018229166666667 0.4444444444444444 0.05364583333333333 0.08518518518518518
4 0.5486979166666667 0.45185185185185184 0.043229166666666666 0.07407407407407407
8 0.23359375 0.046296296296296294 0.05260416666666667 0.08518518518518518
6 0.6596354166666667 0.47129629629629627 0.06510416666666667 0.10925925925925926
1 0.18203125 0.49537037037037035 0.043229166666666666 0.07962962962962963
7 0.5236979166666667 0.49537037037037035 0.03697916666666667 0.06851851851851852
8 0.4825520833333333 0.5157407407407407 0.03802083333333333 0.06481481481481481
8 0.18932291666666667 0.5824074074074074 0.034895833333333334 0.06481481481481481
4 0.48671875 0.6074074074074074 0.0421875 0.06666666666666667
2 0.39401041666666664 0.6129629629629629 0.04010416666666667 0.07777777777777778
4 0.43307291666666664 0.6148148148148148 0.0390625 0.07407407407407407
6 0.20859375 0.637962962962963 0.05260416666666667 0.09444444444444444
4 0.16432291666666668 0.6398148148148148 0.043229166666666666 0.07962962962962963
4 0.24348958333333334 0.6712962962962963 0.034895833333333334 0.06851851851851852
7 0.8111979166666666 0.6712962962962963 0.0453125 0.06851851851851852
0 0.35703125 0.7027777777777777 0.06197916666666667 0.10555555555555556
6 0.2830729166666667 0.7083333333333334 0.05364583333333333 0.08703703703703704
2 0.7908854166666667 0.7379629629629629 0.0546875 0.09444444444444444
8 0.5252604166666667 0.7388888888888889 0.04010416666666667 0.07777777777777778
8 0.25338541666666664 0.7833333333333333 0.0546875 0.0962962962962963
6 0.33098958333333334 0.8027777777777778 0.049479166666666664 0.09814814814814815
5 0.74765625 0.8046296296296296 0.0703125 0.12037037037037036
7 0.17578125 0.8092592592592592 0.05364583333333333 0.10740740740740741
4 0.8033854166666666 0.8222222222222222 0.04635416666666667 0.07407407407407407
8 0.5471354166666667 0.8240740740740741 0.04010416666666667 0.07407407407407407
4 0.3684895833333333 0.8333333333333334 0.04114583333333333 0.07777777777777778
7 0.5106770833333333 0.8629629629629629 0.0421875 0.07407407407407407
2 0.2794270833333333 0.08796296296296297 0.0421875 0.07592592592592592
0 0.37890625 0.8962962962962963 0.04114583333333333 0.08888888888888889
2 0.7705729166666667 0.08981481481481482 0.0390625 0.06851851851851852
0 0.5263020833333333 0.08981481481481482 0.03802083333333333 0.06851851851851852
2 0.79765625 0.8981481481481481 0.05572916666666667 0.08518518518518518
4 0.3065104166666667 0.9064814814814814 0.05260416666666667 0.09814814814814815
2 0.62890625 0.09074074074074075 0.04114583333333333 0.07777777777777778