2 0.5736979166666667 0.9291666666666667 0.05364583333333333 0.10462962962962963
2 0.46927083333333336 0.10046296296296296 0.04791666666666667 0.07314814814814814
1 0.41067708333333336 0.16157407407407406 0.0484375 0.08796296296296297
4 0.49140625 0.18935185185185185 0.0390625 0.07314814814814814
4 0.4109375 0.24074074074074073 0.04375 0.07222222222222222
8 0.803125 0.26481481481481484 0.042708333333333334 0.06851851851851852
0 0.4984375 0.31589814814814815 0.0625 0.10648148148148148
7 0.47552083333333334 0.45555555555555555 0.05 0.08703703703703704
0 0.27708333333333335 0.5046296296296297 0.042708333333333334 0.07777777777777778
8 0.7111979166666667 0.5078703703703704 0.0578125 0.10277777777777777
4 0.57109375 0.6 0.0421875 0.07592592592592592
6 0.5255208333333333 0.6129629629629629 0.05 0.09074074074074075
2 0.5643229166666667 0.6819444444444445 0.06197916666666667 0.11388888888888889
8 0.2989583333333333 0.8027777777777778 0.046875 0.08518518518518518
2 0.6588541666666666 0.8305555555555556 0.041666666666666664 0.07407407407407407