2 0.6463541666666667 0.95 0.04583333333333333 0.07592592592592592
0 0.5255208333333333 0.36064814814814816 0.06666666666666667 0.11203703703703703
4 0.71640625 0.37824074074074077 0.04739583333333333 0.07314814814814814
6 0.3536458333333333 0.4152777777777778 0.0375 0.06574074074074074
0 0.31927083333333334 0.42407407407407405 0.0375 0.06851851851851852
7 0.22708333333333333 0.449537037037037 0.051041666666666666 0.08981481481481482
2 0.28072916666666664 0.5208333333333334 0.04583333333333333 0.08055555555555556
8 0.4921875 0.5365740740740741 0.04375 0.0787037037037037
1 0.8065104166666667 0.5606481481481481 0.04635416666666667 0.0824074074074074
6 0.34765625 0.6328703703703704 0.06822916666666666 0.12314814814814815
8 0.46979166666666666 0.7609722222222223 0.065625 0.11018518518518519
7 0.5799479166666667 0.862037037037037 0.0453125 0.08888888888888889
4 0.6452291666666667 0.8675925925925926 0.05364583333333333 0.0962962962962963