4 0.15651041666666668 0.11481481481481481 0.03802083333333333 0.05185185185185185
2 0.5549479166666667 0.16111111111111112 0.043229166666666666 0.07777777777777778
2 0.5106770833333333 0.16296296296296298 0.044270833333333336 0.06666666666666667
0 0.32786458333333335 0.17037037037037037 0.04114583333333333 0.07407407407407407
7 0.58671875 0.27685185185185185 0.0359375 0.06851851851851852
7 0.48463541666666665 0.287962962962963 0.058854166666666666 0.09814814814814815
6 0.5502604166666667 0.33796296296296297 0.06510416666666667 0.11296296296296296
2 0.3028645833333333 0.34814814814814815 0.0453125 0.06666666666666667
7 0.49296875 0.37962962962962965 0.0546875 0.08888888888888889
6 0.44453125 0.4287037037037037 0.06510416666666667 0.11296296296296296
0 0.6106770833333334 0.4398148148148148 0.04010416666666667 0.08333333333333333
8 0.77578125 0.4722222222222222 0.05572916666666667 0.0962962962962963
4 0.6669270833333333 0.5342592592592592 0.0484375 0.07592592592592592
5 0.44140625 0.5953703703703703 0.06197916666666667 0.11296296296296296
2 0.53984375 0.6601851851851852 0.0359375 0.06481481481481481
6 0.5893177083333333 0.6990740740740741 0.0453125 0.07962962962962963
1 0.48359375 0.7157407407407408 0.043229166666666666 0.06851851851851852
1 0.54453125 0.7305555555555555 0.0421875 0.06851851851851852
2 0.8002604166666667 0.7546296296296297 0.03802083333333333 0.06851851851851852
8 0.5325520833333334 0.8074074074074075 0.050520833333333334 0.0962962962962963