4 0.58203125 0.9472222222222222 0.04114583333333333 0.06666666666666667
7 0.18098958333333334 0.29398148148148145 0.05572916666666667 0.10092592592592593
8 0.3411458333333333 0.3240648148148148 0.05625 0.09074074074074075
8 0.7231770833333333 0.4013888888888889 0.0421875 0.06759259259259259
0 0.35625 0.43194444444444446 0.051041666666666666 0.08796296296296297
0 0.7401041666666667 0.5694444444444444 0.05 0.09259259259259259
0 0.39453125 0.5703703703703704 0.04114583333333333 0.07222222222222222
2 0.8052083333333333 0.5851851851851851 0.046875 0.07222222222222222
8 0.58359375 0.6722222222222223 0.044270833333333336 0.08333333333333333
6 0.7947916666666667 0.7083333333333334 0.034375 0.06666666666666667
0 0.54140625 0.7763888888888889 0.0515625 0.09166666666666666
0 0.7859375 0.8143518518518519 0.05416666666666667 0.08981481481481482
5 0.625609375 0.8469074074074073 0.05260416666666667 0.09444444444444444