8 0.3411458333333333 0.31296296296296294 0.05625 0.09074074074074075
2 0.3841145833333333 0.375 0.03697916666666667 0.06296296296296296
8 0.72265625 0.3976851851851852 0.043229166666666666 0.0712962962962963
0 0.41953125 0.4101851851851852 0.049479166666666664 0.08888888888888889
6 0.6065104166666667 0.4305555555555556 0.0359375 0.06296296296296296
0 0.46875 0.43657407407407406 0.04895833333333333 0.08611111111111111
5 0.4747395833333333 0.5518518518518518 0.05572916666666667 0.09074074074074075
4 0.6265625 0.5574074074074075 0.04791666666666667 0.07592592592592592
7 0.35260416666666666 0.6449074074074074 0.05416666666666667 0.10277777777777777
8 0.54453125 0.7013888888888888 0.043229166666666666 0.0787037037037037
0 0.29453125 0.7064814814814815 0.0453125 0.07777777777777778
0 0.38567708333333334 0.762962962962963 0.05260416666666667 0.09444444444444444
6 0.54375 0.7800925925925926 0.053125 0.08425925925925926