2 0.7856770833333333 0.9333333333333333 0.0484375 0.07777777777777778
2 0.18307291666666667 0.14629629629629629 0.05572916666666667 0.11851851851851852
2 0.34088541666666666 0.2518518518518518 0.0484375 0.08518518518518518
4 0.24661458333333333 0.31296296296296294 0.0453125 0.08148148148148149
1 0.73828125 0.32037037037037036 0.04739583333333333 0.07037037037037037
0 0.57265625 0.3351851851851852 0.0515625 0.07407407407407407
8 0.33098958333333334 0.362962962962963 0.0453125 0.08148148148148149
6 0.27734375 0.375 0.06302083333333333 0.12407407407407407
0 0.6419270833333334 0.43425925925925923 0.05260416666666667 0.10185185185185185
7 0.3221354166666667 0.45555555555555555 0.0609375 0.1037037037037037
4 0.74609375 0.49166666666666664 0.0296875 0.05740740740740741
5 0.5122395833333333 0.5018518518518519 0.06197916666666667 0.12222222222222222
8 0.5861979166666667 0.5175925925925926 0.05364583333333333 0.09444444444444444
4 0.7638020833333333 0.5296296296296297 0.03802083333333333 0.08148148148148149
4 0.6325520833333333 0.5324074074074074 0.050520833333333334 0.09814814814814815
4 0.20494791666666667 0.5351851851851852 0.04739583333333333 0.0962962962962963
2 0.6638020833333333 0.5740740740740741 0.04010416666666667 0.08148148148148149
4 0.24973958333333332 0.5861111111111111 0.059895833333333336 0.08703703703703704
2 0.6111979166666667 0.6185185185185185 0.0390625 0.08148148148148149
8 0.55546875 0.6333333333333333 0.059895833333333336 0.1
4 0.40703125 0.7064814814814815 0.03697916666666667 0.08333333333333333
7 0.7513020833333334 0.8490740740740741 0.050520833333333334 0.07592592592592592