6 0.6635416666666667 0.20277777777777778 0.05416666666666667 0.08703703703703704
8 0.5268229166666667 0.20277777777777778 0.058854166666666666 0.1
7 0.7309895833333333 0.275 0.04114583333333333 0.07222222222222222
6 0.68984375 0.3398148148148148 0.05364583333333333 0.09074074074074075
0 0.21588541666666666 0.34675925925925927 0.04114583333333333 0.07685185185185185
2 0.421875 0.36898148148148147 0.03229166666666667 0.058333333333333334
0 0.37395833333333334 0.40694444444444444 0.03958333333333333 0.07685185185185185
0 0.5104166666666666 0.41898148148148145 0.04479166666666667 0.06944444444444445
2 0.71171875 0.4699074074074074 0.043229166666666666 0.07314814814814814
0 0.26328125 0.4810185185185185 0.04010416666666667 0.07314814814814814
5 0.60078125 0.4824074074074074 0.06197916666666667 0.10925925925925926
5 0.47109375 0.6027777777777777 0.04635416666666667 0.07037037037037037
0 0.7520833333333333 0.6194444444444445 0.05416666666666667 0.09074074074074075
1 0.6783854166666666 0.6277777777777778 0.0421875 0.06111111111111111
6 0.7895833333333333 0.6462962962962963 0.034375 0.05185185185185185
7 0.4401041666666667 0.6560185185185186 0.042708333333333334 0.075
7 0.7408854166666666 0.6995370370370371 0.0421875 0.06944444444444445
2 0.5244791666666667 0.7296296296296296 0.03333333333333333 0.06111111111111111
0 0.5885416666666666 0.7574074074074074 0.051041666666666666 0.09259259259259259
1 0.559375 0.8069444444444445 0.03854166666666667 0.06759259259259259
7 0.45807291666666666 0.8314814814814815 0.0609375 0.08888888888888889
7 0.5885416666666666 0.8347222222222223 0.040625 0.06759259259259259
0 0.47890625 0.8853425925925925 0.04635416666666667 0.0787037037037037