4 0.46901041666666665 0.9268518518518518 0.0421875 0.06851851851851852
4 0.15494791666666666 0.937037037037037 0.0390625 0.06296296296296296
0 0.2877604166666667 0.9435185185185185 0.0421875 0.08703703703703704
2 0.5231770833333333 0.9453703703703704 0.03802083333333333 0.07222222222222222
4 0.25052083333333336 0.950462962962963 0.051041666666666666 0.09722222222222222
0 0.6895833333333333 0.9634259259259259 0.040625 0.0712962962962963
5 0.6736979166666667 0.10925925925925926 0.0515625 0.08888888888888889
0 0.72890625 0.11388888888888889 0.04114583333333333 0.07592592592592592
7 0.8065104166666667 0.11944444444444445 0.04635416666666667 0.06481481481481481
2 0.76640625 0.14074074074074075 0.0453125 0.08148148148148149
4 0.25494791666666666 0.14814814814814814 0.0515625 0.08148148148148149
6 0.80390625 0.19444444444444445 0.04114583333333333 0.07407407407407407
1 0.7622395833333333 0.21481481481481482 0.04114583333333333 0.07037037037037037
2 0.40078125 0.24074074074074073 0.04114583333333333 0.06666666666666667
0 0.58046875 0.26481481481481484 0.05260416666666667 0.09259259259259259
0 0.8065104166666667 0.2953703703703704 0.03802083333333333 0.07962962962962963
7 0.20026041666666666 0.29907407407407405 0.05677083333333333 0.08703703703703704
0 0.29609375 0.32314814814814813 0.06510416666666667 0.11296296296296296
4 0.6971354166666667 0.032407407407407406 0.04010416666666667 0.06481481481481481
0 0.7627604166666667 0.3398148148148148 0.0671875 0.11296296296296296
1 0.16796875 0.3675925925925926 0.03802083333333333 0.07222222222222222
4 0.38567708333333334 0.3972222222222222 0.04010416666666667 0.07592592592592592
0 0.8013020833333333 0.39814814814814814 0.05260416666666667 0.08888888888888889
2 0.47734375 0.4324074074074074 0.044270833333333336 0.08333333333333333
1 0.28046875 0.44166666666666665 0.03802083333333333 0.07962962962962963
2 0.77265625 0.44537037037037036 0.04114583333333333 0.06481481481481481
2 0.42213541666666665 0.4537037037037037 0.058854166666666666 0.1111111111111111
8 0.58671875 0.04722222222222222 0.050520833333333334 0.09074074074074075
2 0.45651041666666664 0.5092592592592593 0.04010416666666667 0.06666666666666667
6 0.75546875 0.05185185185185185 0.05260416666666667 0.08518518518518518
6 0.7611979166666667 0.5361111111111111 0.03697916666666667 0.06111111111111111
6 0.7294270833333333 0.5462962962962963 0.04114583333333333 0.04814814814814815
8 0.16692708333333334 0.549074074074074 0.04010416666666667 0.06481481481481481
4 0.79453125 0.55 0.0453125 0.07407407407407407
2 0.80859375 0.05555555555555555 0.04010416666666667 0.06666666666666667
0 0.37994791666666666 0.5666666666666667 0.059895833333333336 0.1111111111111111
8 0.42890625 0.5694444444444444 0.034895833333333334 0.07592592592592592
0 0.7565104166666666 0.600925925925926 0.0421875 0.07222222222222222
0 0.4591145833333333 0.6092592592592593 0.04114583333333333 0.06666666666666667
6 0.80859375 0.6157407407407407 0.04635416666666667 0.07592592592592592
6 0.38203125 0.6805555555555556 0.0515625 0.08703703703703704
7 0.8080729166666667 0.6805555555555556 0.043229166666666666 0.06111111111111111
6 0.43046875 0.6833333333333333 0.044270833333333336 0.08518518518518518
8 0.6325520833333333 0.6833333333333333 0.03802083333333333 0.06666666666666667
4 0.7299479166666667 0.6907407407407408 0.04114583333333333 0.06666666666666667
0 0.47942708333333334 0.6907407407407408 0.03802083333333333 0.06666666666666667
2 0.6877604166666667 0.6916666666666667 0.04010416666666667 0.07962962962962963
7 0.45234375 0.7314814814814815 0.033854166666666664 0.05925925925925926
6 0.23125 0.7435185185185185 0.052083333333333336 0.09074074074074075
0 0.4044270833333333 0.7472222222222222 0.0515625 0.09444444444444444
7 0.16276041666666666 0.7518518518518519 0.044270833333333336 0.07407407407407407
2 0.8044270833333333 0.7518518518518519 0.0546875 0.08888888888888889
8 0.35078125 0.7712962962962963 0.049479166666666664 0.09074074074074075
2 0.4388020833333333 0.7805555555555556 0.033854166666666664 0.06111111111111111
6 0.7544270833333333 0.7907407407407407 0.06510416666666667 0.11481481481481481
4 0.25859375 0.8 0.03802083333333333 0.08148148148148149
1 0.48984375 0.8 0.03802083333333333 0.07777777777777778
7 0.18151041666666667 0.8203703703703704 0.05677083333333333 0.0962962962962963
6 0.58984375 0.8268518518518518 0.06302083333333333 0.11666666666666667
4 0.81328125 0.8277777777777777 0.043229166666666666 0.07777777777777778
8 0.6934895833333333 0.8314814814814815 0.0515625 0.1037037037037037
2 0.52421875 0.8462962962962963 0.0421875 0.07777777777777778
1 0.22473958333333333 0.850925925925926 0.0453125 0.09074074074074075
4 0.31640625 0.8555555555555555 0.04739583333333333 0.07037037037037037
4 0.47265625 0.8583333333333333 0.043229166666666666 0.07592592592592592
8 0.37421875 0.8657407407407407 0.05260416666666667 0.10185185185185185
8 0.26223958333333336 0.8805555555555555 0.0453125 0.07222222222222222
0 0.5518229166666667 0.887962962962963 0.043229166666666666 0.07962962962962963
0 0.6268229166666667 0.8953703703703704 0.0390625 0.07592592592592592
5 0.7559895833333333 0.8972222222222223 0.06614583333333333 0.11296296296296296
6 0.33932291666666664 0.9111111111111111 0.04114583333333333 0.07407407407407407
0 0.19869791666666667 0.9166666666666666 0.05364583333333333 0.09259259259259259
2 0.8096354166666667 0.9222222222222223 0.04635416666666667 0.1