0 0.7302083333333333 0.30277777777777776 0.0375 0.06296296296296296
1 0.39348958333333334 0.3106481481481482 0.03802083333333333 0.06944444444444445
0 0.6893229166666667 0.32731481481481484 0.0515625 0.075
7 0.6536458333333334 0.36157407407407405 0.05 0.08425925925925926
0 0.6125 0.3800925925925926 0.04895833333333333 0.08796296296296297
1 0.32786458333333335 0.425462962962963 0.0421875 0.06018518518518518
6 0.5739583333333333 0.4583333333333333 0.04791666666666667 0.08333333333333333
2 0.20755208333333333 0.5032407407407408 0.03802083333333333 0.06759259259259259
5 0.478125 0.5157407407407407 0.04895833333333333 0.08148148148148149
0 0.29375 0.525 0.03958333333333333 0.07222222222222222
7 0.61171875 0.5958333333333333 0.04010416666666667 0.06574074074074074
8 0.6611979166666667 0.6833333333333333 0.04010416666666667 0.06481481481481481
4 0.26875 0.8407407407407408 0.04583333333333333 0.08333333333333333