4 0.66328125 0.18194444444444444 0.04114583333333333 0.07314814814814814
6 0.6140625 0.21157407407407408 0.05 0.08611111111111111
1 0.5640625 0.34814814814814815 0.03854166666666667 0.07037037037037037
4 0.42135416666666664 0.3768518518518518 0.04375 0.07407407407407407
7 0.25677083333333334 0.43194444444444446 0.040625 0.06759259259259259
0 0.28932291666666665 0.46435185185185185 0.04114583333333333 0.06759259259259259
7 0.48072916666666665 0.5351851851851852 0.051041666666666666 0.08888888888888889
4 0.4127604166666667 0.5726851851851852 0.03802083333333333 0.06759259259259259
0 0.5513020833333333 0.6226851851851852 0.04114583333333333 0.06944444444444445
8 0.62265625 0.6995370370370371 0.05677083333333333 0.10277777777777777
0 0.5294270833333333 0.7888888888888889 0.03697916666666667 0.07222222222222222