0 0.8 0.2449074074074074 0.04479166666666667 0.0787037037037037
4 0.4596354166666667 0.27685185185185185 0.03697916666666667 0.07222222222222222
8 0.415625 0.325 0.042708333333333334 0.07222222222222222
4 0.5986979166666667 0.35462962962962963 0.027604166666666666 0.05185185185185185
4 0.5591145833333333 0.3611111111111111 0.0421875 0.08333333333333333
4 0.79296875 0.3921296296296296 0.043229166666666666 0.075
4 0.3046875 0.41203703703703703 0.053125 0.08888888888888889
2 0.5908854166666667 0.4162037037037037 0.030729166666666665 0.058333333333333334
0 0.5072916666666667 0.43287037037037035 0.059375 0.10092592592592593
8 0.42864583333333334 0.4532407407407407 0.03958333333333333 0.06944444444444445
1 0.55625 0.4550925925925926 0.04791666666666667 0.08611111111111111
0 0.49609375 0.5157407407407407 0.03802083333333333 0.07407407407407407
4 0.3690104166666667 0.5333333333333333 0.0421875 0.06296296296296296
0 0.7440104166666667 0.5587962962962963 0.0421875 0.0712962962962963
8 0.4015625 0.6134259259259259 0.05 0.08796296296296297
4 0.3268229166666667 0.6416666666666667 0.0421875 0.07962962962962963
2 0.49583333333333335 0.6675925925925926 0.035416666666666666 0.07222222222222222
0 0.57265625 0.6754629629629629 0.0359375 0.06944444444444445
8 0.8018229166666667 0.7384259259259259 0.0484375 0.0787037037037037
8 0.8041666666666667 0.7393518518518518 0.04375 0.075
4 0.5270833333333333 0.7796296296296297 0.035416666666666666 0.07222222222222222