8 0.39869791666666665 0.10694444444444444 0.04114583333333333 0.0824074074074074
0 0.7776041666666667 0.13703703703703704 0.041666666666666664 0.07962962962962963
8 0.803125 0.18009259259259258 0.04479166666666667 0.07314814814814814
8 0.70234375 0.2037037037037037 0.0546875 0.09444444444444444
0 0.52578125 0.02546296296296296 0.0515625 0.05092592592592592
5 0.6372395833333333 0.02638888888888889 0.04739583333333333 0.05277777777777778
4 0.6700520833333333 0.35555555555555557 0.044270833333333336 0.06481481481481481
7 0.20390625 0.041666666666666664 0.0515625 0.08333333333333333
4 0.7130208333333333 0.45046296296296295 0.05 0.08796296296296297
4 0.6263020833333334 0.5175925925925926 0.0546875 0.08518518518518518
2 0.4 0.5509259259259259 0.030208333333333334 0.06296296296296296
2 0.3640625 0.5689814814814815 0.05416666666666667 0.08425925925925926
6 0.42239583333333336 0.6157407407407407 0.06458333333333334 0.1111111111111111
4 0.8109375 0.6462962962962963 0.029166666666666667 0.06481481481481481
5 0.61171875 0.6703703703703704 0.06510416666666667 0.11666666666666667
2 0.359375 0.7083333333333334 0.040625 0.08518518518518518
2 0.27838541666666666 0.07268518518518519 0.04635416666666667 0.06944444444444445
7 0.6291666666666667 0.862037037037037 0.04479166666666667 0.07777777777777778