4 0.40703125 0.9555555555555556 0.04114583333333333 0.06666666666666667
7 0.28489583333333335 0.9689814814814814 0.041666666666666664 0.06018518518518518
2 0.3690104166666667 0.4166666666666667 0.050520833333333334 0.08888888888888889
0 0.31536458333333334 0.4212962962962963 0.04739583333333333 0.09444444444444444
8 0.4700520833333333 0.4537037037037037 0.0484375 0.08888888888888889
4 0.5372395833333333 0.5175925925925926 0.034895833333333334 0.06481481481481481
4 0.49765625 0.5203703703703704 0.0390625 0.06296296296296296
0 0.5861979166666667 0.525 0.0515625 0.07962962962962963
2 0.4315104166666667 0.600925925925926 0.0484375 0.08703703703703704
7 0.2955729166666667 0.6037037037037037 0.0515625 0.08518518518518518
0 0.46901041666666665 0.6212962962962963 0.03802083333333333 0.06851851851851852
0 0.5434895833333333 0.850925925925926 0.0328125 0.06851851851851852