7 0.82265625 0.22870370370370371 0.044270833333333336 0.07592592592592592
8 0.54921875 0.24537037037037038 0.03802083333333333 0.07592592592592592
4 0.5138020833333333 0.25555555555555554 0.04114583333333333 0.07037037037037037
4 0.25286458333333334 0.3675925925925926 0.04010416666666667 0.07592592592592592
2 0.67578125 0.38981481481481484 0.04010416666666667 0.07222222222222222
7 0.59140625 0.4009259259259259 0.05260416666666667 0.09814814814814815
0 0.3299479166666667 0.5074074074074074 0.050520833333333334 0.0962962962962963
0 0.24036458333333333 0.5592592592592592 0.04010416666666667 0.08148148148148149
4 0.56328125 0.625 0.03802083333333333 0.07592592592592592
4 0.4921875 0.6268518518518519 0.0375 0.07592592592592592
4 0.47317708333333336 0.6972222222222222 0.03697916666666667 0.06481481481481481
0 0.31276041666666665 0.7444444444444445 0.0390625 0.06666666666666667
0 0.22109375 0.7555555555555555 0.0515625 0.0962962962962963
4 0.3502604166666667 0.7814814814814814 0.0453125 0.07037037037037037
0 0.41744791666666664 0.7907407407407407 0.04010416666666667 0.07407407407407407
2 0.48880208333333336 0.8046296296296296 0.06614583333333333 0.12037037037037036
0 0.6533854166666667 0.8962962962962963 0.043229166666666666 0.07777777777777778
5 0.46067708333333335 0.9092592592592592 0.04739583333333333 0.08888888888888889