4 0.48776041666666664 0.11018518518518519 0.0390625 0.07222222222222222
7 0.5325520833333334 0.11481481481481481 0.0515625 0.1
2 0.71015625 0.12222222222222222 0.0484375 0.08518518518518518
2 0.5533854166666666 0.16666666666666666 0.03697916666666667 0.07037037037037037
4 0.667453125 0.18333333333333332 0.0421875 0.07407407407407407
4 0.5846354166666666 0.20185185185185187 0.04114583333333333 0.07037037037037037
8 0.4393229166666667 0.2111111111111111 0.050520833333333334 0.08888888888888889
2 0.5096354166666667 0.2111111111111111 0.0640625 0.11481481481481481
4 0.61640625 0.23981481481481481 0.0421875 0.06851851851851852
0 0.25494791666666666 0.24537037037037038 0.05260416666666667 0.09814814814814815
5 0.7106770833333333 0.2462962962962963 0.0515625 0.08888888888888889
0 0.33619791666666665 0.2611111111111111 0.0546875 0.08888888888888889
6 0.38723958333333336 0.2638888888888889 0.04635416666666667 0.09074074074074075
2 0.5513020833333333 0.28055555555555556 0.043229166666666666 0.07592592592592592
4 0.44140625 0.32407407407407407 0.03802083333333333 0.07407407407407407
8 0.31171875 0.325 0.0453125 0.07962962962962963
5 0.20546875 0.32685185185185184 0.06197916666666667 0.10555555555555556
2 0.40859375 0.33796296296296297 0.0390625 0.06851851851851852
7 0.37473958333333335 0.35648148148148145 0.04010416666666667 0.06851851851851852
4 0.7716145833333333 0.3962962962962963 0.044270833333333336 0.07777777777777778
2 0.40598958333333335 0.3990740740740741 0.03802083333333333 0.06851851851851852
1 0.34817708333333336 0.40370370370370373 0.049479166666666664 0.08518518518518518
0 0.24713541666666666 0.4064814814814815 0.06302083333333333 0.10555555555555556
0 0.5513020833333333 0.44074074074074077 0.04739583333333333 0.0962962962962963
4 0.36796875 0.462037037037037 0.03697916666666667 0.07222222222222222
6 0.43411458333333336 0.47129629629629627 0.06302083333333333 0.11296296296296296
2 0.7768229166666667 0.4787037037037037 0.044270833333333336 0.08333333333333333
6 0.60390625 0.5 0.06302083333333333 0.11481481481481481
8 0.39296875 0.5064814814814815 0.034895833333333334 0.053703703703703705
6 0.26119791666666664 0.5083333333333333 0.05572916666666667 0.09074074074074075
6 0.35963541666666665 0.5537037037037037 0.05364583333333333 0.09259259259259259
4 0.5752604166666667 0.5916666666666667 0.0390625 0.07222222222222222
8 0.4044270833333333 0.5990740740740741 0.05260416666666667 0.09814814814814815
7 0.6518229166666667 0.6462962962962963 0.04010416666666667 0.07037037037037037
7 0.6106770833333334 0.6759259259259259 0.03697916666666667 0.07037037037037037
6 0.19661458333333334 0.6851851851851852 0.050520833333333334 0.08518518518518518
0 0.47421875 0.7092592592592593 0.0390625 0.06666666666666667
4 0.28203125 0.7138888888888889 0.03802083333333333 0.06851851851851852
0 0.5408854166666667 0.725925925925926 0.049479166666666664 0.09259259259259259
4 0.57265625 0.075 0.0421875 0.07222222222222222
1 0.19348958333333333 0.7787037037037037 0.044270833333333336 0.07222222222222222
6 0.23567708333333334 0.7824074074074074 0.043229166666666666 0.07962962962962963
4 0.5627604166666667 0.8 0.0390625 0.07037037037037037
0 0.30807291666666664 0.8027777777777778 0.0421875 0.07592592592592592
6 0.70859375 0.8416666666666667 0.05364583333333333 0.10185185185185185
2 0.5299479166666666 0.875 0.05260416666666667 0.10185185185185185
6 0.6229166666666667 0.09166666666666666 0.04895833333333333 0.09444444444444444