4 0.38046875 0.11851851851851852 0.058854166666666666 0.1037037037037037
5 0.68984375 0.125 0.050520833333333334 0.10185185185185185
4 0.53828125 0.14444444444444443 0.04739583333333333 0.1
8 0.41328125 0.20833333333333334 0.0390625 0.08333333333333333
4 0.45338541666666665 0.27685185185185185 0.05677083333333333 0.10925925925925926
2 0.6669270833333333 0.27685185185185185 0.04010416666666667 0.08703703703703704
7 0.20598958333333334 0.3435185185185185 0.05572916666666667 0.08703703703703704
6 0.32526041666666666 0.3490740740740741 0.04635416666666667 0.10185185185185185
0 0.4533802083333333 0.3638888888888889 0.05260416666666667 0.07222222222222222
8 0.7580729166666667 0.36666666666666664 0.043229166666666666 0.10740740740740741
8 0.35859375 0.4842592592592593 0.050520833333333334 0.09074074074074075
4 0.48046875 0.48703703703703705 0.04010416666666667 0.08888888888888889
0 0.44296875 0.5175925925925926 0.0484375 0.09444444444444444
0 0.6700520833333333 0.525 0.058854166666666666 0.10185185185185185
8 0.5888020833333333 0.5518518518518518 0.06302083333333333 0.11481481481481481
8 0.48411458333333335 0.5564814814814815 0.03697916666666667 0.07962962962962963
0 0.35182291666666665 0.600925925925926 0.059895833333333336 0.13518518518518519
7 0.6908854166666667 0.6398148148148148 0.0421875 0.09444444444444444