2 0.75859375 0.27685185185185185 0.0546875 0.06111111111111111
4 0.7179739583333333 0.3287037037037037 0.04739583333333333 0.07962962962962963
2 0.56171875 0.03981481481481482 0.0609375 0.07592592592592592
0 0.3377604166666667 0.4203703703703704 0.0453125 0.08148148148148149
0 0.53359375 0.43703703703703706 0.049479166666666664 0.08148148148148149
2 0.7408854166666666 0.45555555555555555 0.058854166666666666 0.06296296296296296
8 0.67421875 0.47314814814814815 0.049479166666666664 0.08703703703703704
6 0.28463541666666664 0.5231481481481481 0.043229166666666666 0.07962962962962963
4 0.21692708333333333 0.5314814814814814 0.0453125 0.08888888888888889
8 0.7830729166666667 0.5564814814814815 0.04635416666666667 0.06851851851851852
0 0.34609375 0.5666666666666667 0.06197916666666667 0.11851851851851852
8 0.40703125 0.5787037037037037 0.0703125 0.09444444444444444
7 0.44817708333333334 0.6685185185185185 0.0703125 0.1
4 0.22161458333333334 0.6925925925925925 0.0546875 0.10740740740740741
4 0.2721354166666667 0.7037037037037037 0.05677083333333333 0.10740740740740741