7 0.72734375 0.1287037037037037 0.06510416666666667 0.08703703703703704
2 0.44921875 0.1537037037037037 0.03802083333333333 0.07037037037037037
4 0.6104166666666667 0.16435185185185186 0.04895833333333333 0.08796296296296297
1 0.7236979166666667 0.20925925925925926 0.04739583333333333 0.07037037037037037
8 0.27578125 0.23703703703703705 0.0578125 0.09259259259259259
0 0.44557291666666665 0.2935185185185185 0.0453125 0.07222222222222222
8 0.43359375 0.37037037037037035 0.0546875 0.07777777777777778
0 0.7382760416666667 0.40370370370370373 0.04375 0.0712962962962963
0 0.7893229166666667 0.4203703703703704 0.0453125 0.07592592592592592
2 0.18932291666666667 0.4287037037037037 0.0390625 0.07962962962962963
6 0.75546875 0.6194444444444445 0.07135416666666666 0.1037037037037037
2 0.8065104166666667 0.6574074074074074 0.03802083333333333 0.06666666666666667
0 0.6153645833333333 0.7722222222222223 0.04114583333333333 0.07407407407407407
7 0.76953125 0.8833333333333333 0.04739583333333333 0.07777777777777778