0 0.45338541666666665 0.9629629629629629 0.05677083333333333 0.07222222222222222
6 0.30390625 0.9629629629629629 0.0703125 0.07222222222222222
2 0.4981770833333333 0.9675925925925926 0.0359375 0.06296296296296296
7 0.5442708333333334 0.9694444444444444 0.058333333333333334 0.05925925925925926
4 0.16041666666666668 0.9712962962962963 0.042708333333333334 0.05555555555555555
7 0.5895833333333333 0.9740740740740741 0.036458333333333336 0.05
7 0.3177083333333333 0.10231481481481482 0.036458333333333336 0.06574074074074074
4 0.6825520833333333 0.1087962962962963 0.030729166666666665 0.058333333333333334
2 0.70859375 0.11527777777777778 0.0421875 0.07314814814814814
4 0.64765625 0.12824074074074074 0.04010416666666667 0.075
7 0.34479166666666666 0.14629629629629629 0.046875 0.07592592592592592
0 0.70703125 0.17777777777777778 0.03697916666666667 0.06481481481481481
0 0.4752604166666667 0.19768518518518519 0.0359375 0.0712962962962963
4 0.36015625 0.2023148148148148 0.04739583333333333 0.07685185185185185
1 0.7356770833333334 0.20787037037037037 0.03802083333333333 0.06574074074074074
4 0.4244791666666667 0.2162037037037037 0.04375 0.0787037037037037
7 0.8078125 0.2324074074074074 0.04583333333333333 0.07407407407407407
2 0.6794270833333333 0.23425925925925925 0.06302083333333333 0.1
7 0.50703125 0.23935185185185184 0.0453125 0.07685185185185185
4 0.7223958333333333 0.26296296296296295 0.04375 0.07222222222222222
4 0.46145833333333336 0.2662037037037037 0.040625 0.0712962962962963
2 0.30572916666666666 0.2875 0.03958333333333333 0.06944444444444445
0 0.7604166666666666 0.3060185185185185 0.053125 0.08425925925925926
0 0.50546875 0.3074074074074074 0.03802083333333333 0.06851851851851852
4 0.3455729166666667 0.3125 0.0515625 0.09722222222222222
0 0.61640625 0.31712962962962965 0.04010416666666667 0.075
0 0.8010416666666667 0.34675925925925927 0.04895833333333333 0.09166666666666666
4 0.22473958333333333 0.34953703703703703 0.0515625 0.08981481481481482
5 0.27378125000000003 0.3672777777777778 0.05625 0.11296296296296296
0 0.7049479166666667 0.3675925925925926 0.06197916666666667 0.10740740740740741
4 0.3203125 0.37175925925925923 0.035416666666666666 0.0712962962962963
0 0.5947916666666667 0.38287037037037036 0.042708333333333334 0.06944444444444445
2 0.47291666666666665 0.3921296296296296 0.03854166666666667 0.0712962962962963
7 0.5177083333333333 0.40046296296296297 0.042708333333333334 0.08055555555555556
2 0.3497395833333333 0.4060185185185185 0.0390625 0.07685185185185185
4 0.81171875 0.4111111111111111 0.04010416666666667 0.06481481481481481
6 0.23619791666666667 0.42916666666666664 0.049479166666666664 0.08796296296296297
5 0.303125 0.4361111111111111 0.040625 0.06666666666666667
4 0.6775208333333335 0.4439814814814815 0.03697916666666667 0.07685185185185185
6 0.7247395833333333 0.44583333333333336 0.0390625 0.06759259259259259
8 0.7635416666666667 0.4550925925925926 0.040625 0.0712962962962963
8 0.7604166666666666 0.4550925925925926 0.040625 0.06759259259259259
2 0.42890625 0.45925925925925926 0.0390625 0.07222222222222222
2 0.640625 0.47129629629629627 0.041666666666666664 0.07222222222222222
2 0.809375 0.47314814814814815 0.04479166666666667 0.07037037037037037
4 0.26875 0.4842592592592593 0.051041666666666666 0.08148148148148149
7 0.309375 0.49444444444444446 0.03854166666666667 0.06851851851851852
4 0.21770833333333334 0.5015462962962962 0.04479166666666667 0.07777777777777778
7 0.6708333333333333 0.5083333333333333 0.040625 0.07777777777777778
4 0.716578125 0.5109537037037037 0.04635416666666667 0.06944444444444445
8 0.7609375 0.5189814814814815 0.04583333333333333 0.06574074074074074
7 0.809375 0.5212962962962963 0.046875 0.05555555555555555
8 0.4390625 0.5277777777777778 0.052083333333333336 0.08333333333333333
2 0.24869791666666666 0.5439814814814815 0.0390625 0.0712962962962963
1 0.809375 0.5592592592592592 0.036458333333333336 0.06481481481481481
0 0.3 0.5819444444444445 0.06354166666666666 0.11018518518518519
6 0.23020833333333332 0.5837962962962963 0.028125 0.062037037037037036
6 0.7518229166666667 0.5875 0.0578125 0.09166666666666666
0 0.203125 0.5944444444444444 0.035416666666666666 0.06666666666666667
5 0.8052083333333333 0.6041666666666666 0.053125 0.07314814814814814
4 0.49609375 0.0625 0.044270833333333336 0.0787037037037037
2 0.24895833333333334 0.6328703703703704 0.040625 0.0787037037037037
0 0.27369791666666665 0.6574074074074074 0.03802083333333333 0.07777777777777778
4 0.19973958333333333 0.6601851851851852 0.0453125 0.08148148148148149
2 0.8111979166666666 0.6777777777777778 0.0421875 0.07037037037037037
2 0.23125 0.6912037037037037 0.036458333333333336 0.06388888888888888
0 0.44973958333333336 0.725 0.05572916666666667 0.1
4 0.21119791666666668 0.7412037037037037 0.04114583333333333 0.06574074074074074
2 0.7997395833333333 0.7435185185185185 0.058854166666666666 0.09259259259259259
0 0.246875 0.7472222222222222 0.040625 0.07777777777777778
0 0.325 0.7708333333333334 0.03854166666666667 0.06574074074074074
4 0.8140625 0.8115740740740741 0.04791666666666667 0.07314814814814814
6 0.18098958333333334 0.8189814814814815 0.06614583333333333 0.1175925925925926
0 0.4354166666666667 0.8342592592592593 0.040625 0.08148148148148149
1 0.3497395833333333 0.8416666666666667 0.0390625 0.07407407407407407
6 0.8151041666666666 0.8759259259259259 0.04791666666666667 0.06111111111111111
4 0.4830729166666667 0.9 0.0515625 0.09444444444444444
1 0.33359375 0.9018518518518519 0.044270833333333336 0.07222222222222222
7 0.18125 0.9083333333333333 0.05520833333333333 0.1037037037037037
0 0.5268229166666667 0.912962962962963 0.0390625 0.07592592592592592
0 0.40208333333333335 0.9222222222222223 0.05520833333333333 0.09444444444444444