7 0.2799479166666667 0.11296296296296296 0.04114583333333333 0.07777777777777778
4 0.78671875 0.24722222222222223 0.0484375 0.07962962962962963
4 0.26848958333333334 0.26944444444444443 0.04114583333333333 0.07962962962962963
7 0.5986979166666667 0.2972222222222222 0.030729166666666665 0.05740740740740741
8 0.4544270833333333 0.31296296296296294 0.0421875 0.07777777777777778
0 0.40338541666666666 0.35462962962962963 0.05260416666666667 0.09074074074074075
0 0.58046875 0.3685185185185185 0.04010416666666667 0.05925925925925926
4 0.62421875 0.4046296296296296 0.03802083333333333 0.06851851851851852
2 0.55859375 0.4935185185185185 0.03177083333333333 0.05740740740740741
6 0.421609375 0.49537037037037035 0.043229166666666666 0.06481481481481481
8 0.53828125 0.5388888888888889 0.0328125 0.06296296296296296
6 0.61953125 0.5722222222222222 0.04739583333333333 0.08148148148148149
2 0.74921875 0.6685185185185185 0.03802083333333333 0.08518518518518518
4 0.7966145833333333 0.674074074074074 0.05364583333333333 0.08888888888888889
0 0.69609375 0.6851851851851852 0.03802083333333333 0.06666666666666667
2 0.3419270833333333 0.7731481481481481 0.0359375 0.05740740740740741
4 0.39036458333333335 0.08518518518518518 0.0390625 0.07407407407407407