7 0.6927083333333334 0.19444444444444445 0.04375 0.06481481481481481
8 0.62421875 0.32731481481481484 0.0734375 0.10833333333333334
4 0.28359375 0.3726851851851852 0.0453125 0.0787037037037037
1 0.29140625 0.48194444444444445 0.050520833333333334 0.08796296296296297
1 0.19166666666666668 0.5416666666666666 0.04479166666666667 0.08333333333333333
2 0.73046875 0.5509259259259259 0.0515625 0.07407407407407407
4 0.23723958333333334 0.5518518518518518 0.0515625 0.12222222222222222
7 0.5325520833333334 0.6148148148148148 0.0515625 0.1037037037037037
0 0.47291666666666665 0.6328703703703704 0.03854166666666667 0.08981481481481482
6 0.7427083333333333 0.6342592592592593 0.075 0.1111111111111111
0 0.41692708333333334 0.6560185185185186 0.0671875 0.10833333333333334
6 0.46458333333333335 0.7027777777777777 0.042708333333333334 0.04814814814814815
8 0.4466145833333333 0.736574074074074 0.04739583333333333 0.0787037037037037