4 0.4671875 0.11296296296296296 0.040625 0.07037037037037037
4 0.32265625 0.20925925925925926 0.0265625 0.04814814814814815
7 0.54140625 0.21481481481481482 0.034895833333333334 0.06666666666666667
8 0.50859375 0.3425925925925926 0.0359375 0.07407407407407407
4 0.42213541666666665 0.36018518518518516 0.04010416666666667 0.06851851851851852
1 0.63203125 0.412962962962963 0.04114583333333333 0.07407407407407407
0 0.57890625 0.44166666666666665 0.04114583333333333 0.06851851851851852
0 0.42734375 0.512962962962963 0.03802083333333333 0.07037037037037037
4 0.5033854166666667 0.525 0.0484375 0.09074074074074075
0 0.37526041666666665 0.5333333333333333 0.0421875 0.07407407407407407
8 0.64921875 0.5796296296296296 0.05260416666666667 0.08888888888888889
1 0.57578125 0.5972222222222222 0.04114583333333333 0.06851851851851852
7 0.44817708333333334 0.5981481481481481 0.03802083333333333 0.06666666666666667
0 0.34140625 0.6231481481481481 0.03697916666666667 0.07222222222222222
2 0.3763020833333333 0.6759259259259259 0.05260416666666667 0.1
7 0.3171875 0.6814814814814815 0.03229166666666667 0.07037037037037037
4 0.71953125 0.6925925925925925 0.043229166666666666 0.07407407407407407
2 0.47942708333333334 0.7138888888888889 0.03802083333333333 0.07222222222222222
2 0.5903645833333333 0.7759259259259259 0.04114583333333333 0.06666666666666667
4 0.42630208333333336 0.8240740740740741 0.04010416666666667 0.07407407407407407
1 0.5466145833333333 0.9083333333333333 0.0390625 0.07222222222222222