8 0.45989583333333334 0.11481481481481481 0.0375 0.07222222222222222
4 0.7350729166666666 0.17838888888888887 0.03854166666666667 0.06851851851851852
8 0.6989583333333333 0.3023148148148148 0.040625 0.06944444444444445
8 0.609375 0.3162037037037037 0.04895833333333333 0.08981481481481482
0 0.7303854166666667 0.3425925925925926 0.03958333333333333 0.06111111111111111
4 0.5044270833333333 0.3439814814814815 0.0390625 0.0712962962962963
0 0.3380208333333333 0.3574074074074074 0.03958333333333333 0.06851851851851852
8 0.44817708333333334 0.39444444444444443 0.034895833333333334 0.06851851851851852
4 0.6416666666666667 0.4842592592592593 0.05520833333333333 0.09259259259259259
4 0.709375 0.05185185185185185 0.04895833333333333 0.08518518518518518
4 0.19427083333333334 0.5462962962962963 0.05 0.07962962962962963
4 0.32057291666666665 0.5657407407407408 0.0421875 0.06296296296296296
4 0.42161458333333335 0.6 0.044270833333333336 0.06481481481481481
0 0.29921875 0.6439814814814815 0.0390625 0.06759259259259259
2 0.46848958333333335 0.662962962962963 0.04010416666666667 0.07222222222222222
1 0.33984375 0.663425925925926 0.049479166666666664 0.08796296296296297
0 0.5541666666666667 0.700462962962963 0.034375 0.06574074074074074
2 0.31189062500000003 0.7163518518518518 0.0359375 0.05555555555555555
4 0.3723958333333333 0.7875 0.04583333333333333 0.07685185185185185