7 0.2765625 0.11990740740740741 0.030208333333333334 0.06759259259259259
0 0.5278645833333333 0.1412037037037037 0.06197916666666667 0.11018518518518519
2 0.5140625 0.2689814814814815 0.03958333333333333 0.075
0 0.7143229166666667 0.31574074074074077 0.04114583333333333 0.07222222222222222
5 0.6677083333333333 0.39490740740740743 0.04375 0.0787037037037037
2 0.6651041666666667 0.6050925925925926 0.05 0.09537037037037037
4 0.5255208333333333 0.6277777777777778 0.03854166666666667 0.07407407407407407
2 0.6140625 0.6347222222222222 0.03958333333333333 0.06944444444444445
7 0.37421875 0.6430555555555556 0.04114583333333333 0.07685185185185185
6 0.6421875 0.700462962962963 0.04791666666666667 0.09537037037037037
8 0.4666666666666667 0.8273148148148148 0.051041666666666666 0.07685185185185185