0 0.3575520833333333 0.3388888888888889 0.04010416666666667 0.07037037037037037
2 0.64921875 0.3388888888888889 0.050520833333333334 0.08148148148148149
4 0.40234375 0.43333333333333335 0.0421875 0.07407407407407407
2 0.51328125 0.5324074074074074 0.0515625 0.10185185185185185
2 0.36953125 0.5981481481481481 0.043229166666666666 0.07777777777777778
1 0.30182291666666666 0.6111111111111112 0.043229166666666666 0.07777777777777778
8 0.4518229166666667 0.6185185185185185 0.03802083333333333 0.06666666666666667
5 0.7377604166666667 0.6351851851851852 0.05677083333333333 0.08148148148148149
2 0.45234375 0.6916666666666667 0.033854166666666664 0.07592592592592592
8 0.8122395833333333 0.7435185185185185 0.044270833333333336 0.09444444444444444
7 0.53828125 0.7657407407407407 0.043229166666666666 0.07962962962962963