7 0.16119791666666666 0.9453703703703704 0.049479166666666664 0.09444444444444444
2 0.28932291666666665 0.9462962962962963 0.0453125 0.07777777777777778
6 0.6916666666666667 0.9532407407407407 0.051041666666666666 0.09166666666666666
6 0.8013020833333333 0.2037037037037037 0.050520833333333334 0.07037037037037037
0 0.31276041666666665 0.24444444444444444 0.0421875 0.06666666666666667
7 0.3919270833333333 0.2953703703703704 0.0359375 0.07222222222222222
5 0.27786458333333336 0.29907407407407405 0.049479166666666664 0.08703703703703704
0 0.35546875 0.30092592592592593 0.0359375 0.06481481481481481
0 0.32057291666666665 0.3037037037037037 0.03697916666666667 0.06666666666666667
2 0.8033802083333333 0.31666666666666665 0.050520833333333334 0.08888888888888889
2 0.4309895833333333 0.3537037037037037 0.0453125 0.08518518518518518
2 0.38723958333333336 0.3592592592592593 0.034895833333333334 0.06666666666666667
7 0.3028645833333333 0.36944444444444446 0.03697916666666667 0.06851851851851852
4 0.24817708333333333 0.36944444444444446 0.050520833333333334 0.09074074074074075
0 0.3455729166666667 0.37592592592592594 0.04739583333333333 0.1
2 0.47942708333333334 0.38425925925925924 0.04010416666666667 0.07962962962962963
6 0.16171875 0.3990740740740741 0.03177083333333333 0.06111111111111111
4 0.27109375 0.42314814814814816 0.04010416666666667 0.06481481481481481
8 0.44296875 0.4287037037037037 0.0484375 0.08703703703703704
8 0.58046875 0.4287037037037037 0.03802083333333333 0.07592592592592592
2 0.30703125 0.4351851851851852 0.04114583333333333 0.06296296296296296
4 0.49557291666666664 0.4388888888888889 0.034895833333333334 0.07407407407407407
5 0.33671875 0.44722222222222224 0.044270833333333336 0.07962962962962963
4 0.6184895833333334 0.45 0.043229166666666666 0.06296296296296296
6 0.24609375 0.45555555555555555 0.0359375 0.06666666666666667
2 0.38515625 0.4666666666666667 0.03697916666666667 0.06666666666666667
2 0.4700520833333333 0.4888888888888889 0.04010416666666667 0.07037037037037037
0 0.56640625 0.49444444444444446 0.05364583333333333 0.08888888888888889
6 0.34765625 0.5046296296296297 0.05364583333333333 0.09074074074074075
7 0.6346354166666667 0.5138888888888888 0.0484375 0.09074074074074075
7 0.61484375 0.05277777777777778 0.04635416666666667 0.08703703703703704
4 0.25442708333333336 0.5305555555555556 0.044270833333333336 0.06851851851851852
0 0.5971354166666667 0.5370370370370371 0.0421875 0.05925925925925926
1 0.67109375 0.5435185185185185 0.0359375 0.06481481481481481
2 0.41692708333333334 0.55 0.03177083333333333 0.06666666666666667
6 0.47734375 0.5509259259259259 0.0421875 0.07962962962962963
2 0.56328125 0.5564814814814815 0.034895833333333334 0.05740740740740741
7 0.21901041666666668 0.5574074074074075 0.04010416666666667 0.06666666666666667
7 0.37473958333333335 0.562037037037037 0.034895833333333334 0.07222222222222222
1 0.63984375 0.5787037037037037 0.03802083333333333 0.06851851851851852
8 0.7252604166666666 0.5851851851851851 0.0421875 0.07777777777777778
4 0.4544270833333333 0.6111111111111112 0.04010416666666667 0.06666666666666667
2 0.5966145833333333 0.6222222222222222 0.059895833333333336 0.1037037037037037
4 0.5408854166666667 0.6314814814814815 0.04635416666666667 0.06296296296296296
8 0.16901041666666666 0.6435185185185185 0.0421875 0.07222222222222222
6 0.69921875 0.6555555555555556 0.06302083333333333 0.11481481481481481
7 0.4830729166666667 0.675 0.049479166666666664 0.09074074074074075
7 0.23411458333333332 0.687962962962963 0.0390625 0.06481481481481481
4 0.5455729166666666 0.6953703703703704 0.0390625 0.06111111111111111
8 0.6153645833333333 0.7 0.043229166666666666 0.06666666666666667
0 0.3143229166666667 0.7064814814814815 0.0515625 0.09074074074074075
0 0.6658854166666667 0.7157407407407408 0.050520833333333334 0.08703703703703704
4 0.4075520833333333 0.7203703703703703 0.050520833333333334 0.08148148148148149
5 0.74609375 0.7231481481481481 0.0671875 0.10925925925925926
0 0.5841145833333333 0.7305555555555555 0.0390625 0.06111111111111111
2 0.25078125 0.7777777777777778 0.043229166666666666 0.07037037037037037
0 0.62421875 0.7851851851851852 0.0640625 0.09259259259259259
4 0.5856770833333333 0.8222222222222222 0.03802083333333333 0.06296296296296296
2 0.7299479166666667 0.8324074074074074 0.043229166666666666 0.07222222222222222
8 0.6924479166666667 0.8481481481481481 0.0453125 0.07777777777777778
0 0.3455729166666667 0.8685185185185185 0.0390625 0.07037037037037037
0 0.65546875 0.8740740740740741 0.0484375 0.1
8 0.46015625 0.8787037037037037 0.03697916666666667 0.06851851851851852
0 0.7533854166666667 0.8842592592592593 0.044270833333333336 0.07592592592592592
0 0.58046875 0.8870370370370371 0.0359375 0.07777777777777778
1 0.6143229166666667 0.887962962962963 0.043229166666666666 0.07222222222222222
4 0.7197916666666667 0.8962962962962963 0.03854166666666667 0.07777777777777778
0 0.5221354166666666 0.9009259259259259 0.0484375 0.09814814814814815