6 0.6057291666666667 0.12962962962962962 0.06145833333333333 0.1037037037037037
4 0.3145833333333333 0.25601851851851853 0.042708333333333334 0.07314814814814814
0 0.7161458333333334 0.32546296296296295 0.052083333333333336 0.09351851851851851
7 0.3802083333333333 0.3337962962962963 0.04895833333333333 0.08796296296296297
7 0.5557291666666667 0.38564814814814813 0.04375 0.07314814814814814
0 0.3229166666666667 0.4361111111111111 0.03854166666666667 0.07037037037037037
6 0.4088541666666667 0.43842592592592594 0.058333333333333334 0.10833333333333334
4 0.2989583333333333 0.5449074074074074 0.040625 0.08796296296296297
2 0.23177083333333334 0.5856481481481481 0.04375 0.08055555555555556
0 0.6690104166666667 0.6060185185185185 0.050520833333333334 0.10648148148148148
2 0.7658854166666667 0.6083333333333333 0.044270833333333336 0.06666666666666667
4 0.3177083333333333 0.6166666666666667 0.030208333333333334 0.05
6 0.14817708333333332 0.725 0.0359375 0.06296296296296296
2 0.7651041666666667 0.7805555555555556 0.04583333333333333 0.07777777777777778
0 0.64921875 0.08935185185185185 0.044270833333333336 0.07685185185185185