4 0.6700520833333333 0.09444444444444444 0.04635416666666667 0.07777777777777778
6 0.5587708333333334 0.1412037037037037 0.04635416666666667 0.075
7 0.50234375 0.14166666666666666 0.0328125 0.06481481481481481
1 0.21588541666666666 0.1425925925925926 0.04635416666666667 0.08148148148148149
8 0.6364583333333333 0.17222222222222222 0.05416666666666667 0.09074074074074075
4 0.26484375 0.20462962962962963 0.04114583333333333 0.09074074074074075
4 0.21927083333333333 0.225 0.03958333333333333 0.07037037037037037
0 0.6739583333333333 0.2574074074074074 0.04583333333333333 0.07037037037037037
6 0.2981770833333333 0.262037037037037 0.04010416666666667 0.07407407407407407
4 0.18828125 0.38425925925925924 0.04635416666666667 0.07037037037037037
4 0.18385416666666668 0.04027777777777778 0.0375 0.075
6 0.5200520833333333 0.4166666666666667 0.0515625 0.08703703703703704
8 0.5635416666666667 0.4449074074074074 0.051041666666666666 0.08796296296296297
7 0.7973958333333333 0.5157407407407407 0.04375 0.06481481481481481
7 0.5885416666666666 0.5833333333333334 0.040625 0.07037037037037037
1 0.7651041666666667 0.6620370370370371 0.04583333333333333 0.07407407407407407
8 0.7994791666666666 0.6930555555555555 0.04583333333333333 0.06759259259259259
4 0.7299479166666667 0.737037037037037 0.058854166666666666 0.09814814814814815
2 0.7864583333333334 0.7657407407407407 0.05625 0.10185185185185185
0 0.61596875 0.09228703703703706 0.03958333333333333 0.07037037037037037