5 0.8252604166666667 0.9407407407407408 0.049479166666666664 0.08148148148148149
7 0.42421875 0.9425925925925925 0.028645833333333332 0.05925925925925926
1 0.37604166666666666 0.9680555555555556 0.03854166666666667 0.062037037037037036
4 0.31666666666666665 0.9782407407407407 0.042708333333333334 0.041666666666666664
2 0.42109375 0.17685185185185184 0.0453125 0.07592592592592592
7 0.6986979166666667 0.23796296296296296 0.0546875 0.08703703703703704
7 0.65234375 0.28888888888888886 0.0453125 0.07777777777777778
4 0.74296875 0.28888888888888886 0.043229166666666666 0.07037037037037037
8 0.5955729166666667 0.2962962962962963 0.0484375 0.07407407407407407
0 0.4440104166666667 0.3037037037037037 0.0578125 0.0962962962962963
8 0.39453125 0.3101851851851852 0.0421875 0.07592592592592592
4 0.7419270833333333 0.35555555555555557 0.028645833333333332 0.05555555555555555
4 0.5716145833333334 0.3731481481481482 0.05260416666666667 0.07222222222222222
2 0.4981770833333333 0.3888888888888889 0.043229166666666666 0.07407407407407407
2 0.7138020833333333 0.4083333333333333 0.06614583333333333 0.11666666666666667
1 0.7638020833333333 0.41203703703703703 0.034895833333333334 0.06851851851851852
4 0.7966145833333333 0.41944444444444445 0.04010416666666667 0.07222222222222222
4 0.5559895833333334 0.425 0.0484375 0.06851851851851852
7 0.34296875 0.43148148148148147 0.05572916666666667 0.07777777777777778
4 0.61640625 0.487962962962963 0.0484375 0.07592592592592592
2 0.5627604166666667 0.5148148148148148 0.03697916666666667 0.06296296296296296
1 0.5966145833333333 0.5407407407407407 0.0421875 0.07777777777777778
2 0.5190104166666667 0.5509259259259259 0.06197916666666667 0.10185185185185185
5 0.8093697916666667 0.6166666666666667 0.06145833333333333 0.1259259259259259
4 0.6174479166666667 0.6527777777777778 0.0421875 0.07962962962962963
0 0.69765625 0.7148148148148148 0.06510416666666667 0.11481481481481481
0 0.49661458333333336 0.7166666666666667 0.0609375 0.11481481481481481
0 0.40546875 0.7666666666666667 0.043229166666666666 0.07777777777777778
1 0.56796875 0.7870370370370371 0.0453125 0.08148148148148149
2 0.68203125 0.8101851851851852 0.0546875 0.10555555555555556
7 0.41744791666666664 0.8425925925925926 0.05260416666666667 0.07777777777777778
6 0.8252604166666667 0.8537037037037037 0.07239583333333334 0.1259259259259259
7 0.72109375 0.8842592592592593 0.0328125 0.06481481481481481
4 0.39088541666666665 0.9 0.0453125 0.07777777777777778