7 0.66484375 0.16064814814814815 0.0515625 0.09351851851851851
6 0.7393229166666667 0.18564814814814815 0.0671875 0.11574074074074074
4 0.6290781249999999 0.22576851851851856 0.05364583333333333 0.09351851851851851
2 0.2734375 0.23703703703703705 0.065625 0.10925925925925926
2 0.3997395833333333 0.3175925925925926 0.0421875 0.07407407407407407
2 0.58125 0.35185185185185186 0.034375 0.06111111111111111
0 0.5356770833333333 0.37962962962962965 0.0578125 0.10740740740740741
7 0.40572916666666664 0.4009259259259259 0.04375 0.07407407407407407
4 0.27057291666666666 0.42407407407407405 0.04010416666666667 0.07407407407407407
0 0.33619791666666665 0.45925925925925926 0.0421875 0.07037037037037037
2 0.22135416666666666 0.46620370370370373 0.03958333333333333 0.075
7 0.5609375 0.5106481481481482 0.040625 0.06759259259259259
7 0.23984375 0.5666666666666667 0.04010416666666667 0.06481481481481481
0 0.37109375 0.5805555555555556 0.0453125 0.07222222222222222
0 0.5208333333333334 0.7388888888888889 0.035416666666666666 0.07037037037037037
0 0.5677083333333334 0.7768518518518519 0.06145833333333333 0.10925925925925926
1 0.5291666666666667 0.8574074074074074 0.05 0.08888888888888889