7 0.40546875 0.23472222222222222 0.0484375 0.09351851851851851
2 0.36302083333333335 0.24351851851851852 0.03958333333333333 0.07407407407407407
0 0.7057291666666666 0.29814814814814816 0.04375 0.06666666666666667
2 0.32760416666666664 0.3199074074074074 0.04479166666666667 0.06574074074074074
4 0.26067708333333334 0.34814814814814815 0.05677083333333333 0.09259259259259259
2 0.5572916666666666 0.3527777777777778 0.035416666666666666 0.06851851851851852
6 0.63515625 0.37037037037037035 0.033854166666666664 0.06296296296296296
0 0.6010416666666667 0.37175925925925923 0.042708333333333334 0.0712962962962963
8 0.365625 0.38055555555555554 0.04895833333333333 0.08888888888888889
4 0.6966145833333334 0.39537037037037037 0.0453125 0.07407407407407407
2 0.6145833333333334 0.4361111111111111 0.040625 0.06296296296296296
7 0.50859375 0.4375 0.0390625 0.07685185185185185
1 0.353125 0.4759259259259259 0.040625 0.06851851851851852
2 0.653125 0.48333333333333334 0.030208333333333334 0.053703703703703705
6 0.7104166666666667 0.5925925925925926 0.06666666666666667 0.11296296296296296
1 0.31223958333333335 0.6083333333333333 0.0390625 0.06851851851851852
4 0.33932291666666664 0.6444444444444445 0.027604166666666666 0.04814814814814815
2 0.3171875 0.7037037037037037 0.040625 0.07407407407407407
4 0.7291666666666666 0.7143518518518519 0.04583333333333333 0.075