6 0.3890625 0.9523148148148148 0.07708333333333334 0.09351851851851851
8 0.32526041666666666 0.23703703703703705 0.0578125 0.0962962962962963
4 0.35390625 0.26666666666666666 0.034895833333333334 0.05925925925925926
0 0.5174479166666667 0.31296296296296294 0.0421875 0.06666666666666667
2 0.43203125 0.3611111111111111 0.04114583333333333 0.08518518518518518
6 0.6763020833333333 0.45555555555555555 0.07239583333333334 0.11851851851851852
2 0.43203125 0.4638888888888889 0.0546875 0.09074074074074075
6 0.6768229166666667 0.04814814814814815 0.07760416666666667 0.0962962962962963
1 0.62421875 0.5351851851851852 0.0453125 0.07777777777777778
2 0.38359375 0.5453703703703704 0.034895833333333334 0.06851851851851852
2 0.4309895833333333 0.5481481481481482 0.04635416666666667 0.08888888888888889
2 0.70078125 0.5925925925925926 0.0484375 0.07777777777777778
0 0.56171875 0.6351851851851852 0.043229166666666666 0.07777777777777778
2 0.46015625 0.6796296296296296 0.04635416666666667 0.07037037037037037
7 0.4283854166666667 0.8074074074074075 0.0515625 0.08518518518518518
2 0.26015625 0.825925925925926 0.04010416666666667 0.07777777777777778