5 0.528125 0.9495370370370371 0.053125 0.09907407407407408
2 0.7190104166666667 0.10740740740740741 0.0546875 0.09259259259259259
7 0.4908854166666667 0.11944444444444445 0.0421875 0.08333333333333333
7 0.5294270833333333 0.12129629629629629 0.033854166666666664 0.06111111111111111
2 0.57109375 0.13796296296296295 0.04635416666666667 0.09444444444444444
0 0.33359375 0.15 0.05260416666666667 0.0962962962962963
0 0.4700520833333333 0.1787037037037037 0.0390625 0.06851851851851852
6 0.4153645833333333 0.18611111111111112 0.0640625 0.11666666666666667
0 0.5106770833333333 0.20462962962962963 0.04010416666666667 0.06111111111111111
4 0.7247395833333333 0.21296296296296297 0.030729166666666665 0.04814814814814815
0 0.6736979166666667 0.21944444444444444 0.06197916666666667 0.10555555555555556
4 0.8096354166666667 0.23055555555555557 0.044270833333333336 0.07962962962962963
8 0.25807291666666665 0.23425925925925925 0.05364583333333333 0.08703703703703704
8 0.7622395833333333 0.2361111111111111 0.03697916666666667 0.06111111111111111
8 0.58359375 0.23796296296296296 0.04010416666666667 0.07592592592592592
0 0.35963541666666665 0.24074074074074073 0.05260416666666667 0.08518518518518518
0 0.30234375 0.2490740740740741 0.03802083333333333 0.06851851851851852
0 0.48046875 0.25462962962962965 0.043229166666666666 0.06851851851851852
0 0.6221354166666667 0.2601851851851852 0.033854166666666664 0.07962962962962963
4 0.73203125 0.26666666666666666 0.04010416666666667 0.05555555555555555
1 0.43671875 0.2675925925925926 0.050520833333333334 0.09074074074074075
4 0.5330729166666667 0.2851851851851852 0.0390625 0.07407407407407407
7 0.39765625 0.2898148148148148 0.04114583333333333 0.07222222222222222
2 0.66484375 0.2972222222222222 0.03802083333333333 0.07222222222222222
7 0.5940104166666667 0.30185185185185187 0.04010416666666667 0.05555555555555555
4 0.28046875 0.30648148148148147 0.04010416666666667 0.07592592592592592
1 0.7721354166666666 0.3101851851851852 0.033854166666666664 0.06111111111111111
6 0.23411458333333332 0.3287037037037037 0.06197916666666667 0.11296296296296296
0 0.72421875 0.33425925925925926 0.050520833333333334 0.08333333333333333
7 0.40338541666666666 0.3611111111111111 0.04010416666666667 0.07407407407407407
2 0.68671875 0.362962962962963 0.0421875 0.07407407407407407
2 0.8122395833333333 0.3638888888888889 0.03697916666666667 0.05740740740740741
6 0.4940104166666667 0.3712962962962963 0.04010416666666667 0.06851851851851852
5 0.7658854166666667 0.387037037037037 0.06302083333333333 0.10740740740740741
6 0.3377604166666667 0.4 0.05260416666666667 0.1
4 0.6606770833333333 0.4009259259259259 0.044270833333333336 0.08333333333333333
2 0.81015625 0.4185185185185185 0.034895833333333334 0.05925925925925926
0 0.55546875 0.42685185185185187 0.04010416666666667 0.07222222222222222
6 0.72578125 0.44722222222222224 0.050520833333333334 0.08703703703703704
8 0.6815104166666667 0.4564814814814815 0.04010416666666667 0.06481481481481481
0 0.18151041666666667 0.45740740740740743 0.06510416666666667 0.1111111111111111
6 0.54453125 0.05092592592592592 0.0578125 0.10185185185185185
6 0.75703125 0.5185185185185185 0.05260416666666667 0.08148148148148149
8 0.17421875 0.5407407407407407 0.050520833333333334 0.09259259259259259
7 0.3497395833333333 0.5537037037037037 0.04114583333333333 0.06296296296296296
4 0.6138020833333333 0.05648148148148148 0.03802083333333333 0.07592592592592592
2 0.8013020833333333 0.6074074074074074 0.05260416666666667 0.09259259259259259
7 0.32317708333333334 0.6092592592592593 0.050520833333333334 0.09259259259259259
2 0.77578125 0.6592592592592592 0.04114583333333333 0.06296296296296296
7 0.5731770833333333 0.6805555555555556 0.03802083333333333 0.06851851851851852
1 0.3065104166666667 0.6962962962962963 0.04010416666666667 0.07407407407407407
2 0.8111979166666666 0.6990740740740741 0.043229166666666666 0.07592592592592592
8 0.21015625 0.7046296296296296 0.0578125 0.09814814814814815
0 0.44817708333333334 0.7157407407407408 0.033854166666666664 0.07222222222222222
7 0.16380208333333332 0.737037037037037 0.04010416666666667 0.1037037037037037
4 0.6903645833333333 0.7435185185185185 0.04114583333333333 0.07592592592592592
8 0.8002604166666667 0.7694444444444445 0.05677083333333333 0.09074074074074075
4 0.49296875 0.7796296296296297 0.050520833333333334 0.1
4 0.31223958333333335 0.7824074074074074 0.0515625 0.09814814814814815
2 0.18723958333333332 0.8046296296296296 0.03697916666666667 0.07222222222222222
0 0.36432291666666666 0.8175925925925925 0.043229166666666666 0.08333333333333333
6 0.16015625 0.8333333333333334 0.0328125 0.06296296296296296
6 0.52890625 0.8361111111111111 0.049479166666666664 0.09444444444444444
7 0.6356770833333333 0.8592592592592593 0.05260416666666667 0.1
2 0.4908854166666667 0.875 0.03802083333333333 0.08333333333333333