0 0.40572916666666664 0.30092592592592593 0.03958333333333333 0.06481481481481481
4 0.6888020833333334 0.3050925925925926 0.03697916666666667 0.06944444444444445
8 0.5098958333333333 0.3087962962962963 0.03958333333333333 0.07685185185185185
4 0.46875 0.3236111111111111 0.040625 0.07685185185185185
4 0.20260416666666667 0.3416666666666667 0.04375 0.07222222222222222
4 0.4557291666666667 0.4398148148148148 0.051041666666666666 0.08888888888888889
2 0.26484375 0.45925925925925926 0.04114583333333333 0.07222222222222222
2 0.4171875 0.4976851851851852 0.03854166666666667 0.06388888888888888
7 0.31692708333333336 0.5273148148148148 0.030729166666666665 0.06018518518518518
4 0.825 0.5518518518518518 0.05 0.08888888888888889
4 0.18880208333333334 0.6092592592592593 0.03177083333333333 0.05185185185185185
4 0.34869791666666666 0.6620370370370371 0.0421875 0.07407407407407407
8 0.49583333333333335 0.6694444444444444 0.034375 0.06111111111111111
8 0.21119791666666668 0.6731481481481482 0.04635416666666667 0.06296296296296296
4 0.5567708333333333 0.6736111111111112 0.04479166666666667 0.06944444444444445
4 0.46267708333333335 0.7396574074074075 0.04583333333333333 0.09351851851851851
0 0.7395833333333334 0.7675925925925926 0.042708333333333334 0.07222222222222222
2 0.26901041666666664 0.7962962962962963 0.04114583333333333 0.06111111111111111
0 0.42994791666666665 0.8050925925925926 0.03802083333333333 0.06759259259259259