6 0.476734375 0.23472222222222222 0.058333333333333334 0.08611111111111111
5 0.46588541666666666 0.3287037037037037 0.0671875 0.12037037037037036
0 0.2375 0.44074074074074077 0.059375 0.10740740740740741
2 0.5596354166666667 0.45925925925925926 0.04635416666666667 0.07962962962962963
0 0.584375 0.49444444444444446 0.040625 0.06296296296296296
0 0.3927083333333333 0.5208333333333334 0.046875 0.07685185185185185
8 0.22578125 0.5273148148148148 0.06302083333333333 0.08611111111111111
6 0.44114583333333335 0.5319444444444444 0.06979166666666667 0.1287037037037037
6 0.586296875 0.5436759259259258 0.034375 0.04537037037037037
2 0.5578125 0.5532407407407407 0.03333333333333333 0.06018518518518518
7 0.4942708333333333 0.5819444444444445 0.05416666666666667 0.10277777777777777
2 0.21354166666666666 0.6055555555555555 0.05520833333333333 0.09074074074074075
7 0.5822916666666667 0.6199074074074075 0.04479166666666667 0.08611111111111111
0 0.61796875 0.6486111111111111 0.0359375 0.075
5 0.71484375 0.6828703703703703 0.06302083333333333 0.14351851851851852
0 0.41901041666666666 0.7055555555555556 0.0515625 0.08148148148148149
0 0.6546875 0.725462962962963 0.05416666666666667 0.11388888888888889
7 0.7809895833333333 0.7402777777777778 0.06927083333333334 0.125
4 0.5473958333333333 0.7407407407407407 0.03958333333333333 0.07407407407407407
1 0.4747395833333333 0.9101851851851852 0.043229166666666666 0.07962962962962963