6 0.30494791666666665 0.2324074074074074 0.044270833333333336 0.06851851851851852
0 0.29192708333333334 0.425 0.0515625 0.08703703703703704
4 0.22005208333333334 0.4888888888888889 0.04114583333333333 0.06666666666666667
0 0.61171875 0.5712962962962963 0.03697916666666667 0.06111111111111111
7 0.5700520833333333 0.6092592592592593 0.03697916666666667 0.08518518518518518
0 0.66484375 0.6203703703703703 0.0515625 0.0962962962962963
2 0.6130208333333333 0.6398148148148148 0.035416666666666666 0.06481481481481481
0 0.23567708333333334 0.6407407407407407 0.05572916666666667 0.09259259259259259
4 0.4361979166666667 0.712037037037037 0.044270833333333336 0.06851851851851852
7 0.21276041666666667 0.7675925925925926 0.04114583333333333 0.07222222222222222
8 0.4778645833333333 0.8407407407407408 0.044270833333333336 0.08148148148148149
0 0.27890625 0.9212962962962963 0.04010416666666667 0.06851851851851852