0 0.54609375 0.9263888888888889 0.0421875 0.075
8 0.41067708333333336 0.9333333333333333 0.04114583333333333 0.08333333333333333
0 0.5841145833333333 0.13472222222222222 0.04114583333333333 0.0787037037037037
2 0.5755208333333334 0.027314814814814816 0.040625 0.05462962962962963
0 0.6513020833333333 0.40185185185185185 0.05260416666666667 0.09074074074074075
8 0.69375 0.40925925925925927 0.035416666666666666 0.06851851851851852
0 0.37994791666666666 0.41759259259259257 0.050520833333333334 0.08888888888888889
2 0.3 0.48564814814814816 0.05520833333333333 0.09722222222222222
2 0.6067708333333334 0.056018518518518516 0.034375 0.06018518518518518
7 0.440625 0.5879629629629629 0.03958333333333333 0.07407407407407407
1 0.4640625 0.662962962962963 0.03854166666666667 0.07037037037037037
2 0.3502604166666667 0.6828703703703703 0.04010416666666667 0.06574074074074074
1 0.43385416666666665 0.7351851851851852 0.03958333333333333 0.07222222222222222
1 0.6583333333333333 0.736574074074074 0.04375 0.06944444444444445
7 0.4942708333333333 0.8004629629629629 0.03854166666666667 0.0787037037037037
8 0.5713541666666667 0.8037037037037037 0.04895833333333333 0.09259259259259259
7 0.53203125 0.8148148148148148 0.03802083333333333 0.07037037037037037
2 0.38255208333333335 0.8953703703703704 0.04010416666666667 0.07222222222222222