4 0.3875 0.961574074074074 0.059375 0.075
8 0.32109375 0.44351851851851853 0.03802083333333333 0.06481481481481481
4 0.37057291666666664 0.47314814814814815 0.049479166666666664 0.07962962962962963
1 0.6028645833333334 0.6018518518518519 0.0515625 0.0962962962962963
0 0.4591145833333333 0.6055555555555555 0.043229166666666666 0.07777777777777778
7 0.62265625 0.7675925925925926 0.04739583333333333 0.09074074074074075
7 0.77265625 0.8055555555555556 0.06614583333333333 0.1037037037037037
7 0.301296875 0.8074074074074075 0.04635416666666667 0.08148148148148149
0 0.30703125 0.8888888888888888 0.0453125 0.08888888888888889
8 0.6736979166666667 0.8907407407407407 0.05364583333333333 0.08888888888888889
8 0.8065104166666667 0.8916666666666667 0.0546875 0.09444444444444444
0 0.5747395833333333 0.9222222222222223 0.049479166666666664 0.1037037037037037
6 0.7611979166666667 0.9231481481481482 0.0578125 0.09074074074074075
0 0.649734375 0.9231481481481482 0.043229166666666666 0.06851851851851852