0 0.3528645833333333 0.32407407407407407 0.07135416666666666 0.12962962962962962
4 0.45703125 0.4027777777777778 0.04635416666666667 0.07592592592592592
4 0.6268229166666667 0.4564814814814815 0.04010416666666667 0.07962962962962963
6 0.57578125 0.45925925925925926 0.06302083333333333 0.14444444444444443
6 0.4471354166666667 0.5268518518518519 0.05364583333333333 0.09814814814814815
6 0.5018229166666667 0.5351851851851852 0.0609375 0.12222222222222222
5 0.21328125 0.5833333333333334 0.05677083333333333 0.11851851851851852
4 0.7111979166666667 0.5851851851851851 0.04010416666666667 0.07777777777777778
4 0.598703125 0.6212962962962963 0.04010416666666667 0.06851851851851852
4 0.32473958333333336 0.6222222222222222 0.0484375 0.08148148148148149
6 0.66953125 0.6305555555555555 0.03802083333333333 0.07962962962962963
4 0.39401041666666664 0.6481481481481481 0.04114583333333333 0.07777777777777778
1 0.3533854166666667 0.6833333333333333 0.049479166666666664 0.09259259259259259
0 0.6919270833333333 0.6981481481481482 0.049479166666666664 0.08148148148148149
8 0.5580729166666667 0.7148148148148148 0.04010416666666667 0.07777777777777778
7 0.4044270833333333 0.7203703703703703 0.0484375 0.08148148148148149
8 0.6408854166666667 0.7759259259259259 0.0390625 0.07037037037037037
7 0.6809895833333334 0.8324074074074074 0.04739583333333333 0.08703703703703704
0 0.6346354166666667 0.8490740740740741 0.043229166666666666 0.07592592592592592
2 0.51015625 0.9138888888888889 0.050520833333333334 0.08703703703703704