6 0.56640625 0.42777777777777776 0.06927083333333334 0.11851851851851852
6 0.24973958333333332 0.43425925925925923 0.05677083333333333 0.08703703703703704
5 0.36171875 0.5824074074074074 0.05572916666666667 0.09444444444444444
4 0.5684895833333333 0.5861111111111111 0.03802083333333333 0.06851851851851852
2 0.5955729166666667 0.6324074074074074 0.04114583333333333 0.06111111111111111
7 0.33307291666666666 0.6759259259259259 0.0421875 0.08888888888888889
4 0.6341145833333334 0.6861111111111111 0.04635416666666667 0.07592592592592592
0 0.19869791666666667 0.6962962962962963 0.044270833333333336 0.07777777777777778
0 0.5169270833333334 0.7981481481481482 0.0390625 0.07037037037037037
0 0.42161458333333335 0.8 0.050520833333333334 0.1
8 0.5377604166666666 0.8472222222222222 0.044270833333333336 0.07592592592592592