0 0.6177083333333333 0.9365740740740741 0.07395833333333333 0.125
8 0.22630208333333332 0.3287037037037037 0.05260416666666667 0.10925925925925926
7 0.57578125 0.41759259259259257 0.034895833333333334 0.07222222222222222
1 0.16796875 0.41944444444444445 0.050520833333333334 0.08333333333333333
4 0.5372395833333333 0.4583333333333333 0.044270833333333336 0.06851851851851852
0 0.61015625 0.46296296296296297 0.04114583333333333 0.07037037037037037
1 0.45026041666666666 0.4787037037037037 0.04010416666666667 0.06481481481481481
6 0.38359375 0.47962962962962963 0.06927083333333334 0.1259259259259259
2 0.47317708333333336 0.7166666666666667 0.0515625 0.07407407407407407
6 0.5466145833333333 0.7194444444444444 0.03697916666666667 0.06481481481481481
7 0.5153645833333333 0.762962962962963 0.05260416666666667 0.07777777777777778
8 0.6372395833333333 0.8092592592592592 0.0390625 0.08888888888888889
2 0.2877604166666667 0.8268518518518518 0.04010416666666667 0.06481481481481481
4 0.5549479166666667 0.8638888888888889 0.05364583333333333 0.10555555555555556