7 0.26640625 0.12222222222222222 0.04114583333333333 0.0962962962962963
6 0.31588541666666664 0.37592592592592594 0.0546875 0.0962962962962963
0 0.21484375 0.46944444444444444 0.0421875 0.09074074074074075
8 0.3841145833333333 0.47685185185185186 0.043229166666666666 0.06111111111111111
4 0.6799479166666667 0.5166666666666667 0.0453125 0.07407407407407407
1 0.78671875 0.5546296296296296 0.0546875 0.09074074074074075
0 0.5278645833333333 0.612037037037037 0.05572916666666667 0.09814814814814815
0 0.61640625 0.674074074074074 0.0453125 0.08518518518518518
2 0.3111979166666667 0.7407407407407407 0.0453125 0.0962962962962963
7 0.48776041666666664 0.7935185185185185 0.050520833333333334 0.08333333333333333
1 0.40286458333333336 0.08796296296296297 0.0453125 0.07222222222222222