4 0.2513020833333333 0.23796296296296296 0.0484375 0.07592592592592592
4 0.19921875 0.24722222222222223 0.0515625 0.11666666666666667
8 0.5565104166666667 0.3333333333333333 0.0390625 0.06666666666666667
8 0.5955729166666667 0.40925925925925927 0.03802083333333333 0.08148148148148149
4 0.20390625 0.4111111111111111 0.04635416666666667 0.1037037037037037
4 0.5236979166666667 0.43425925925925923 0.06302083333333333 0.10925925925925926
0 0.23307291666666666 0.48703703703703705 0.049479166666666664 0.06666666666666667
2 0.60546875 0.49074074074074076 0.0390625 0.07037037037037037
8 0.6466145833333333 0.5064814814814815 0.04739583333333333 0.08703703703703704
4 0.5653645833333333 0.5185185185185185 0.05364583333333333 0.0962962962962963
0 0.39609375 0.5435185185185185 0.043229166666666666 0.08333333333333333
2 0.22630208333333332 0.575925925925926 0.04739583333333333 0.07037037037037037
4 0.60546875 0.5898148148148148 0.03697916666666667 0.08333333333333333
7 0.7986979166666667 0.6842592592592592 0.033854166666666664 0.06851851851851852
4 0.63203125 0.6981481481481482 0.044270833333333336 0.07407407407407407
4 0.18359375 0.7018518518518518 0.0421875 0.07407407407407407
8 0.7794270833333333 0.0824074074074074 0.043229166666666666 0.07592592592592592
2 0.31796875 0.8296296296296296 0.043229166666666666 0.06296296296296296
4 0.43671875 0.8851851851851852 0.049479166666666664 0.07407407407407407