1 0.44817708333333334 0.9314814814814815 0.050520833333333334 0.07407407407407407
7 0.51328125 0.9425925925925925 0.0578125 0.0962962962962963
4 0.28619791666666666 0.9472222222222222 0.043229166666666666 0.09074074074074075
2 0.5635416666666667 0.9699074074074074 0.036458333333333336 0.058333333333333334
8 0.1984375 0.9708333333333333 0.058333333333333334 0.05648148148148148
2 0.7026041666666667 0.9763888888888889 0.058333333333333334 0.04537037037037037
1 0.23671875 0.10740740740740741 0.0484375 0.08888888888888889
0 0.7997395833333333 0.11574074074074074 0.05572916666666667 0.09074074074074075
0 0.17890625 0.12962962962962962 0.04739583333333333 0.08518518518518518
6 0.4908854166666667 0.1361111111111111 0.05260416666666667 0.10555555555555556
4 0.4440104166666667 0.15185185185185185 0.04635416666666667 0.08148148148148149
2 0.8044270833333333 0.1824074074074074 0.0421875 0.07592592592592592
4 0.21796875 0.1935185185185185 0.0484375 0.09074074074074075
2 0.42265625 0.20555555555555555 0.05364583333333333 0.1037037037037037
0 0.46432291666666664 0.22407407407407406 0.034895833333333334 0.08518518518518518
8 0.7997395833333333 0.25925925925925924 0.058854166666666666 0.08888888888888889
0 0.35703125 0.3148148148148148 0.07239583333333334 0.11481481481481481
6 0.8065104166666667 0.32037037037037036 0.04635416666666667 0.06666666666666667
8 0.7309895833333333 0.3351851851851852 0.05364583333333333 0.05925925925925926
5 0.51484375 0.35185185185185186 0.0734375 0.11851851851851852
0 0.45598958333333334 0.362962962962963 0.05364583333333333 0.10740740740740741
4 0.8158854166666667 0.36574074074074076 0.033854166666666664 0.05740740740740741
4 0.75390625 0.37962962962962965 0.05572916666666667 0.08518518518518518
7 0.60859375 0.40185185185185185 0.06302083333333333 0.09259259259259259
0 0.2721354166666667 0.4064814814814815 0.0359375 0.07962962962962963
0 0.55703125 0.42407407407407405 0.04114583333333333 0.07777777777777778
7 0.30807291666666664 0.44814814814814813 0.059895833333333336 0.0962962962962963
1 0.60859375 0.4583333333333333 0.033854166666666664 0.06481481481481481
6 0.7627604166666667 0.04722222222222222 0.06614583333333333 0.09444444444444444
4 0.5315052083333334 0.49444444444444446 0.06510416666666667 0.1037037037037037
1 0.24296875 0.49907407407407406 0.04010416666666667 0.06481481481481481
6 0.20234375 0.5064814814814815 0.0546875 0.11666666666666667
4 0.80703125 0.05092592592592592 0.03697916666666667 0.07222222222222222
2 0.60859375 0.5166666666666667 0.044270833333333336 0.07777777777777778
0 0.19036458333333334 0.05185185185185185 0.049479166666666664 0.1037037037037037
0 0.27734375 0.5342592592592592 0.058854166666666666 0.09814814814814815
2 0.7778645833333333 0.5898148148148148 0.0453125 0.07962962962962963
1 0.41848958333333336 0.5990740740740741 0.043229166666666666 0.08703703703703704
0 0.7028645833333333 0.6305555555555555 0.05364583333333333 0.06851851851851852
5 0.7486979166666666 0.6342592592592593 0.0515625 0.09074074074074075
2 0.30859375 0.637962962962963 0.058854166666666666 0.09814814814814815
0 0.4825520833333333 0.06388888888888888 0.0359375 0.06851851851851852
0 0.51484375 0.6601851851851852 0.03802083333333333 0.07222222222222222
0 0.4440104166666667 0.6611111111111111 0.050520833333333334 0.1
8 0.68828125 0.6925925925925925 0.06197916666666667 0.09259259259259259
1 0.27682291666666664 0.7175925925925926 0.04114583333333333 0.07592592592592592
7 0.48151041666666666 0.7175925925925926 0.050520833333333334 0.09814814814814815
2 0.78515625 0.725925925925926 0.05572916666666667 0.07037037037037037
0 0.4127604166666667 0.7435185185185185 0.044270833333333336 0.08333333333333333
7 0.7158854166666667 0.7518518518518519 0.0546875 0.06666666666666667
8 0.45234375 0.7527777777777778 0.0359375 0.05740740740740741
7 0.61171875 0.7675925925925926 0.0546875 0.11666666666666667
6 0.67109375 0.7722222222222223 0.0609375 0.08518518518518518
6 0.16223958333333333 0.7759259259259259 0.04114583333333333 0.06666666666666667
4 0.31536458333333334 0.7768518518518519 0.04114583333333333 0.08703703703703704
2 0.4778645833333333 0.8240740740740741 0.04114583333333333 0.07407407407407407
0 0.7153645833333333 0.8268518518518518 0.043229166666666666 0.08333333333333333
4 0.4049479166666667 0.8425925925925926 0.034895833333333334 0.06666666666666667
7 0.6768229166666667 0.85 0.0515625 0.06666666666666667
7 0.58671875 0.85 0.04010416666666667 0.07037037037037037
2 0.43776041666666665 0.08611111111111111 0.050520833333333334 0.08333333333333333
4 0.3606770833333333 0.8629629629629629 0.05677083333333333 0.1259259259259259
0 0.30755208333333334 0.8675925925925926 0.0609375 0.12037037037037036
8 0.19765625 0.8703703703703703 0.0453125 0.07037037037037037
4 0.7044270833333334 0.8944444444444445 0.0484375 0.08888888888888889
0 0.16432291666666668 0.9092592592592592 0.0578125 0.10740740740740741