8 0.19427083333333334 0.17685185185185184 0.04583333333333333 0.08148148148148149
5 0.7541666666666667 0.35539814814814813 0.06458333333333334 0.11574074074074074
8 0.48541666666666666 0.37407407407407406 0.04479166666666667 0.07222222222222222
7 0.34921875 0.48148148148148145 0.04114583333333333 0.07037037037037037
6 0.59765625 0.5236111111111111 0.0609375 0.11203703703703703
7 0.682984375 0.5248425925925926 0.042708333333333334 0.06759259259259259
4 0.4786458333333333 0.5453703703703704 0.05416666666666667 0.08148148148148149
2 0.39140625 0.5574074074074075 0.04114583333333333 0.07222222222222222
0 0.31640625 0.5861111111111111 0.043229166666666666 0.07037037037037037
0 0.28046875 0.6078703703703704 0.0359375 0.06388888888888888
2 0.4901041666666667 0.6180555555555556 0.030208333333333334 0.06018518518518518
2 0.5799479166666667 0.6328703703703704 0.04635416666666667 0.06759259259259259
7 0.421875 0.6407407407407407 0.05520833333333333 0.09074074074074075
4 0.7348958333333333 0.6680555555555555 0.04895833333333333 0.0824074074074074
5 0.34765625 0.7555555555555555 0.0421875 0.07222222222222222
2 0.5354166666666667 0.774074074074074 0.05416666666666667 0.09074074074074075
8 0.4171875 0.8041666666666667 0.05416666666666667 0.09537037037037037
4 0.6505208333333333 0.8541666666666666 0.04375 0.075