2 0.33828125 0.12962962962962962 0.0359375 0.05185185185185185
4 0.4049479166666667 0.14629629629629629 0.025520833333333333 0.05555555555555555
2 0.75078125 0.22685185185185186 0.0421875 0.06851851851851852
6 0.43671875 0.25277777777777777 0.059895833333333336 0.07962962962962963
0 0.45078125 0.030555555555555555 0.03802083333333333 0.06111111111111111
8 0.42890625 0.3472222222222222 0.050520833333333334 0.09074074074074075
2 0.5815104166666667 0.36944444444444446 0.03697916666666667 0.06851851851851852
0 0.4825520833333333 0.3972222222222222 0.03697916666666667 0.07222222222222222
2 0.37265625 0.4064814814814815 0.0421875 0.07222222222222222
6 0.4981770833333333 0.49074074074074076 0.06197916666666667 0.11481481481481481
7 0.55859375 0.5259259259259259 0.0515625 0.08518518518518518
2 0.83046875 0.5268518518518519 0.043229166666666666 0.07962962962962963
0 0.67421875 0.058333333333333334 0.0390625 0.06851851851851852
2 0.5684895833333333 0.6333333333333333 0.03802083333333333 0.07037037037037037
2 0.19609375 0.6583333333333333 0.0453125 0.07222222222222222
0 0.6018229166666667 0.06759259259259259 0.0359375 0.06481481481481481
0 0.36276041666666664 0.7453703703703703 0.04739583333333333 0.07592592592592592
1 0.23828125 0.8175925925925925 0.04010416666666667 0.06111111111111111
7 0.4981770833333333 0.8490740740740741 0.0390625 0.07222222222222222