4 0.22421875 0.09907407407407408 0.0640625 0.09074074074074075
8 0.30442708333333335 0.1 0.0515625 0.09259259259259259
4 0.32838541666666665 0.29814814814814816 0.0515625 0.08148148148148149
0 0.61796875 0.4777777777777778 0.06822916666666666 0.1
2 0.5205729166666667 0.4898148148148148 0.044270833333333336 0.09074074074074075
8 0.38619791666666664 0.5694444444444444 0.03802083333333333 0.09074074074074075
8 0.42942708333333335 0.5787037037037037 0.0484375 0.06481481481481481
2 0.48880208333333336 0.5990740740740741 0.06614583333333333 0.10185185185185185
5 0.45026041666666666 0.6203703703703703 0.0390625 0.07407407407407407
2 0.38984375 0.6416666666666667 0.0453125 0.05740740740740741
6 0.6044270833333333 0.662962962962963 0.05572916666666667 0.08888888888888889
5 0.5544270833333333 0.6638888888888889 0.043229166666666666 0.08703703703703704
0 0.5231770833333333 0.6925925925925925 0.0328125 0.07407407407407407
0 0.40130208333333334 0.7064814814814815 0.0453125 0.07222222222222222