2 0.2908854166666667 0.18796296296296297 0.043229166666666666 0.06851851851851852
6 0.5158854166666667 0.2 0.06822916666666666 0.11481481481481481
7 0.6736979166666667 0.2111111111111111 0.050520833333333334 0.0962962962962963
0 0.21432291666666667 0.25462962962962965 0.04635416666666667 0.06111111111111111
4 0.8075520833333333 0.275 0.049479166666666664 0.09074074074074075
2 0.36744791666666665 0.32314814814814813 0.0421875 0.06851851851851852
0 0.20911458333333333 0.3296296296296296 0.0546875 0.08518518518518518
8 0.6763020833333333 0.3425925925925926 0.0515625 0.0962962962962963
2 0.29973958333333334 0.3592592592592593 0.04010416666666667 0.07037037037037037
0 0.43046875 0.5481481481481482 0.049479166666666664 0.1
4 0.6559895833333333 0.5907407407407408 0.033854166666666664 0.06296296296296296
7 0.42109375 0.6574074074074074 0.04114583333333333 0.06666666666666667
6 0.8513020833333333 0.7212962962962963 0.0390625 0.06111111111111111
4 0.5330729166666667 0.8444444444444444 0.03802083333333333 0.07037037037037037
6 0.4752604166666667 0.8462962962962963 0.0703125 0.12222222222222222