2 0.5841145833333333 0.9546296296296296 0.0390625 0.07592592592592592
0 0.5028645833333333 0.9643518518518519 0.0359375 0.06944444444444445
6 0.3377604166666667 0.32592592592592595 0.03802083333333333 0.07037037037037037
8 0.6638020833333333 0.36018518518518516 0.050520833333333334 0.08703703703703704
0 0.40546875 0.41203703703703703 0.0421875 0.07222222222222222
7 0.5549479166666667 0.5231481481481481 0.04114583333333333 0.07222222222222222
2 0.32526041666666666 0.5407407407407407 0.033854166666666664 0.07037037037037037
0 0.7888020833333333 0.5675925925925925 0.05260416666666667 0.08333333333333333
6 0.7278645833333334 0.5694444444444444 0.07135416666666666 0.11296296296296296
1 0.2955729166666667 0.5796296296296296 0.04010416666666667 0.06296296296296296
8 0.79921875 0.6361111111111111 0.05260416666666667 0.07222222222222222
6 0.47161458333333334 0.6592592592592592 0.07447916666666667 0.10740740740740741
6 0.80078125 0.6925925925925925 0.03697916666666667 0.05555555555555555
7 0.7184895833333333 0.7731481481481481 0.0515625 0.08333333333333333