7 0.5984375 0.26481481481481484 0.04479166666666667 0.07962962962962963
7 0.36015625 0.2962962962962963 0.04739583333333333 0.08888888888888889
6 0.41015625 0.31342592592592594 0.058854166666666666 0.09537037037037037
4 0.4942708333333333 0.3662037037037037 0.04375 0.06944444444444445
0 0.37890625 0.3773148148148148 0.043229166666666666 0.06944444444444445
6 0.6270833333333333 0.487962962962963 0.05416666666666667 0.09259259259259259
4 0.7348958333333333 0.5203703703703704 0.04375 0.07777777777777778
0 0.3338541666666667 0.5412037037037037 0.05625 0.09537037037037037
8 0.5260416666666666 0.5861111111111111 0.040625 0.07037037037037037
0 0.6223958333333334 0.6402777777777777 0.03958333333333333 0.07314814814814814
4 0.5861979166666667 0.8069444444444445 0.034895833333333334 0.06759259259259259
2 0.49192708333333335 0.8328703703703704 0.0421875 0.06018518518518518