6 0.4122395833333333 0.2898148148148148 0.0421875 0.08333333333333333
7 0.39088541666666665 0.3453703703703704 0.0390625 0.06481481481481481
7 0.5481770833333334 0.3537037037037037 0.049479166666666664 0.09259259259259259
4 0.36328125 0.40185185185185185 0.04635416666666667 0.05925925925925926
0 0.56796875 0.43333333333333335 0.04739583333333333 0.07407407407407407
8 0.7419270833333333 0.47129629629629627 0.059895833333333336 0.10185185185185185
2 0.4705729166666667 0.5592592592592592 0.058854166666666666 0.08148148148148149
4 0.4903645833333333 0.6648148148148149 0.05260416666666667 0.08888888888888889
5 0.5653645833333333 0.6916666666666667 0.05260416666666667 0.10555555555555556
2 0.47369791666666666 0.75 0.04010416666666667 0.07407407407407407
8 0.5591145833333333 0.7842592592592592 0.0421875 0.07592592592592592