2 0.78671875 0.9273148148148148 0.0421875 0.06759259259259259
4 0.3489583333333333 0.2986111111111111 0.0375 0.06574074074074074
1 0.7372395833333333 0.3226851851851852 0.0421875 0.07685185185185185
0 0.5924479166666666 0.3333333333333333 0.03802083333333333 0.07037037037037037
8 0.32526041666666666 0.3453703703703704 0.0453125 0.07962962962962963
5 0.3880208333333333 0.36666666666666664 0.06041666666666667 0.10740740740740741
4 0.53359375 0.39537037037037037 0.0359375 0.06481481481481481
4 0.24192708333333332 0.425462962962963 0.04635416666666667 0.0787037037037037
2 0.6447916666666667 0.46064814814814814 0.05 0.0787037037037037
0 0.6940104166666666 0.4699074074074074 0.05364583333333333 0.0824074074074074
4 0.7513020833333334 0.4912037037037037 0.0265625 0.05648148148148148
2 0.62421875 0.5226851851851851 0.0359375 0.058333333333333334
8 0.6640625 0.5351851851851852 0.05 0.08888888888888889
4 0.7611979166666667 0.5398148148148149 0.043229166666666666 0.06481481481481481
4 0.7143229166666667 0.5523148148148148 0.05364583333333333 0.09537037037037037
4 0.4356770833333333 0.5805555555555556 0.0515625 0.09074074074074075
2 0.6575520833333334 0.6314814814814815 0.03697916666666667 0.06296296296296296
2 0.6299479166666667 0.7518518518518519 0.043229166666666666 0.08148148148148149
4 0.413453125 0.7569444444444444 0.0421875 0.06944444444444445
7 0.7505208333333333 0.850462962962963 0.04479166666666667 0.07685185185185185
7 0.32065625000000003 0.8890462962962963 0.05416666666666667 0.10462962962962963