0 0.5255208333333333 0.3263888888888889 0.041666666666666664 0.06944444444444445
7 0.47369791666666666 0.35324074074074074 0.05677083333333333 0.08981481481481482
6 0.54921875 0.4310185185185185 0.06614583333333333 0.11574074074074074
2 0.2903645833333333 0.512962962962963 0.044270833333333336 0.06851851851851852
2 0.33359375 0.5300925925925926 0.0390625 0.06944444444444445
7 0.30130208333333336 0.5902777777777778 0.04114583333333333 0.0712962962962963
5 0.6065104166666667 0.5907407407407408 0.059895833333333336 0.11296296296296296
2 0.5484375 0.6240740740740741 0.04375 0.06851851851851852
1 0.709375 0.6328703703703704 0.040625 0.075
6 0.36692708333333335 0.6413518518518518 0.06614583333333333 0.12037037037037036
8 0.2591145833333333 0.6504629629629629 0.05677083333333333 0.09166666666666666
1 0.6682291666666667 0.6578703703703703 0.041666666666666664 0.06944444444444445
7 0.43072916666666666 0.6837962962962963 0.04583333333333333 0.08425925925925926
2 0.19791666666666666 0.7560185185185185 0.040625 0.06574074074074074
0 0.7385416666666667 0.7768518518518519 0.057291666666666664 0.10740740740740741
7 0.3497395833333333 0.8050925925925926 0.044270833333333336 0.0712962962962963
2 0.7307291666666667 0.08101851851851852 0.0375 0.06388888888888888
7 0.4703125 0.8152777777777778 0.05416666666666667 0.11018518518518519
4 0.8109375 0.08518518518518518 0.0375 0.06481481481481481
4 0.36015625 0.8768518518518519 0.050520833333333334 0.07407407407407407