7 0.6023489583333334 0.20972222222222223 0.04739583333333333 0.08981481481481482
8 0.5471354166666667 0.22268518518518518 0.04635416666666667 0.06944444444444445
0 0.33984375 0.25787037037037036 0.05677083333333333 0.08055555555555556
0 0.5377604166666666 0.30787037037037035 0.06197916666666667 0.10648148148148148
7 0.2234375 0.5050925925925925 0.06354166666666666 0.0787037037037037
2 0.5622395833333333 0.512962962962963 0.058854166666666666 0.09074074074074075
7 0.303125 0.600462962962963 0.058333333333333334 0.10833333333333334
6 0.29375 0.7129629629629629 0.06354166666666666 0.1111111111111111
0 0.5145833333333333 0.725 0.06979166666666667 0.10185185185185185
2 0.23645833333333333 0.8296296296296296 0.04791666666666667 0.08518518518518518
0 0.29765625 0.8587962962962963 0.06666666666666667 0.10648148148148148