0 0.18255208333333334 0.9268518518518518 0.04114583333333333 0.07962962962962963
8 0.5450520833333333 0.9324074074074075 0.0515625 0.09074074074074075
8 0.4627604166666667 0.9398148148148148 0.043229166666666666 0.07592592592592592
6 0.6015625 0.9412037037037037 0.07083333333333333 0.11574074074074074
8 0.21901041666666668 0.9435185185185185 0.0390625 0.06481481481481481
5 0.2671875 0.9449074074074074 0.07291666666666667 0.10833333333333334
8 0.7765625 0.9625 0.052083333333333336 0.07314814814814814
4 0.3151041666666667 0.9689814814814814 0.04583333333333333 0.06018518518518518
8 0.1859375 0.9763888888888889 0.041666666666666664 0.04537037037037037
0 0.7565104166666666 0.12685185185185185 0.05364583333333333 0.07962962962962963
5 0.8221354166666667 0.14814814814814814 0.059895833333333336 0.1037037037037037
6 0.62109375 0.20462962962962963 0.0515625 0.09444444444444444
0 0.8013020833333333 0.23425925925925925 0.08072916666666667 0.12037037037037036
8 0.56953125 0.24166666666666667 0.0484375 0.07592592592592592
4 0.50234375 0.2657407407407407 0.0328125 0.03888888888888889
4 0.6393229166666666 0.2814814814814815 0.03802083333333333 0.09259259259259259
4 0.5606770833333333 0.30925925925925923 0.043229166666666666 0.06666666666666667
0 0.4231770833333333 0.32407407407407407 0.0515625 0.08888888888888889
8 0.51171875 0.325 0.049479166666666664 0.09074074074074075
4 0.7518229166666667 0.3277777777777778 0.033854166666666664 0.07407407407407407
0 0.19140625 0.3333333333333333 0.050520833333333334 0.09259259259259259
8 0.78671875 0.3416666666666667 0.05364583333333333 0.10185185185185185
4 0.8299479166666667 0.3416666666666667 0.0484375 0.07592592592592592
0 0.24036458333333333 0.3648148148148148 0.06614583333333333 0.0962962962962963
8 0.52734375 0.39351851851851855 0.04114583333333333 0.07222222222222222
0 0.5684895833333333 0.40185185185185185 0.050520833333333334 0.08518518518518518
7 0.7278645833333334 0.041666666666666664 0.06302083333333333 0.08333333333333333
0 0.6856770833333333 0.4166666666666667 0.043229166666666666 0.08148148148148149
0 0.22161458333333334 0.43796296296296294 0.0484375 0.06851851851851852
8 0.5268229166666667 0.4601851851851852 0.0421875 0.08333333333333333
4 0.5674479166666667 0.48333333333333334 0.05677083333333333 0.08518518518518518
6 0.4158854166666667 0.5037037037037037 0.04739583333333333 0.07037037037037037
7 0.6888020833333334 0.5287037037037037 0.043229166666666666 0.06851851851851852
1 0.4309895833333333 0.5518518518518518 0.04010416666666667 0.06666666666666667
0 0.8278645833333333 0.5555555555555556 0.0609375 0.1
7 0.46484375 0.5675925925925925 0.06197916666666667 0.10185185185185185
0 0.72578125 0.5694444444444444 0.03802083333333333 0.07962962962962963
6 0.20390625 0.5703703703703704 0.06927083333333334 0.13703703703703704
7 0.34765625 0.5722222222222222 0.06302083333333333 0.1
0 0.52890625 0.5851851851851851 0.0546875 0.0962962962962963
7 0.76328125 0.5953703703703703 0.044270833333333336 0.07962962962962963
1 0.7981770833333334 0.6 0.034895833333333334 0.07037037037037037
7 0.7169270833333333 0.6231481481481481 0.04114583333333333 0.07962962962962963
0 0.36953125 0.6462962962962963 0.0421875 0.07037037037037037
1 0.4122395833333333 0.6462962962962963 0.0421875 0.09259259259259259
4 0.5106770833333333 0.6472222222222223 0.0484375 0.07222222222222222
2 0.82421875 0.6509259259259259 0.06822916666666666 0.09444444444444444
2 0.7513020833333334 0.6657407407407407 0.049479166666666664 0.09814814814814815
2 0.4315104166666667 0.6657407407407407 0.0328125 0.05740740740740741
8 0.6971354166666667 0.6666666666666666 0.04114583333333333 0.07777777777777778
6 0.6575520833333334 0.6851851851851852 0.03697916666666667 0.06666666666666667
2 0.3841145833333333 0.7064814814814815 0.044270833333333336 0.07222222222222222
4 0.54765625 0.7101851851851851 0.049479166666666664 0.07962962962962963
6 0.19609375 0.7148148148148148 0.04739583333333333 0.08148148148148149
0 0.44557291666666665 0.7166666666666667 0.0359375 0.06296296296296296
6 0.6356770833333333 0.7398148148148148 0.03697916666666667 0.06851851851851852
5 0.41744791666666664 0.7620370370370371 0.04010416666666667 0.08333333333333333
7 0.8221354166666667 0.7648148148148148 0.0453125 0.08148148148148149
2 0.57734375 0.7666666666666667 0.0390625 0.07407407407407407
7 0.47578125 0.7768518518518519 0.0546875 0.08703703703703704
4 0.39869791666666665 0.8037037037037037 0.04635416666666667 0.07037037037037037
2 0.7361979166666667 0.8212962962962963 0.04010416666666667 0.07592592592592592
0 0.20026041666666666 0.8212962962962963 0.06197916666666667 0.09074074074074075
8 0.83046875 0.8333333333333334 0.05364583333333333 0.1
4 0.46536458333333336 0.85 0.044270833333333336 0.06296296296296296
8 0.77421875 0.8537037037037037 0.043229166666666666 0.07037037037037037
4 0.39088541666666665 0.8537037037037037 0.0578125 0.08148148148148149
4 0.42994791666666665 0.8796296296296297 0.06302083333333333 0.08888888888888889